,0,1
0,0.0,
1,0.244140625,2.422704
2,0.48828125,2.249288
3,0.732421875,2.010251
4,0.9765625,1.7923005
5,1.220703125,1.5399367
6,1.46484375,1.2964573
7,1.708984375,1.0318913
8,1.953125,0.746745
9,2.197265625,0.4945499
10,2.44140625,0.24651583
11,2.685546875,-0.018173795
12,2.9296875,-0.29797825
13,3.173828125,-0.65110767
14,3.41796875,-0.90617055
15,3.662109375,-1.1883142
16,3.90625,-1.4821539
17,4.150390625,-1.707077
18,4.39453125,-1.8970922
19,4.638671875,-2.1459472
20,4.8828125,-2.333893
21,5.126953125,-2.5142815
22,5.37109375,-2.6802747
23,5.615234375,-2.8330426
24,5.859375,-2.9846408
25,6.103515625,-3.07488
26,6.34765625,-3.180234
27,6.591796875,-3.3328218
28,6.8359375,-3.488019
29,7.080078125,-3.5446095
30,7.32421875,-3.6730857
31,7.568359375,-3.7019658
32,7.8125,-3.7016962
33,8.056640625,-3.6121764
34,8.30078125,-3.6447453
35,8.544921875,-3.5498278
36,8.7890625,-3.5241866
37,9.033203125,-3.3138385
38,9.27734375,-3.364851
39,9.521484375,-2.8397903
40,9.765625,-2.0638053
41,10.009765625,-1.9118471
42,10.25390625,-1.613329
43,10.498046875,-1.3932642
44,10.7421875,-1.1234463
45,10.986328125,-0.8694631
46,11.23046875,-0.56617665
47,11.474609375,-0.29365972
48,11.71875,-0.034008387
49,11.962890625,0.28385305
50,12.20703125,0.54183996
51,12.451171875,0.8855789
52,12.6953125,1.2024957
53,12.939453125,1.4467622
54,13.18359375,1.6654438
55,13.427734375,1.9007134
56,13.671875,2.1085424
57,13.916015625,2.2904491
58,14.16015625,2.4677448
59,14.404296875,2.650551
60,14.6484375,2.7666113
61,14.892578125,2.898304
62,15.13671875,3.0221243
63,15.380859375,3.1626449
64,15.625,3.2730262
65,15.869140625,3.3883555
66,16.11328125,3.5170114
67,16.357421875,3.6010203
68,16.6015625,3.5826893
69,16.845703125,3.5035162
70,17.08984375,3.497668
71,17.333984375,3.4267612
72,17.578125,3.347307
73,17.822265625,3.3111506
74,18.06640625,3.2083607
75,18.310546875,3.100735
76,18.5546875,2.9282188
77,18.798828125,2.7471557
78,19.04296875,2.5790255
79,19.287109375,2.3693972
80,19.53125,2.186647
81,19.775390625,2.0078893
82,20.01953125,1.7610924
83,20.263671875,1.5462345
84,20.5078125,1.2529347
85,20.751953125,1.0286863
86,20.99609375,0.74556416
87,21.240234375,0.46834633
88,21.484375,0.2165448
89,21.728515625,-0.034008387
90,21.97265625,-0.31750157
91,22.216796875,-0.6377922
92,22.4609375,-0.90832984
93,22.705078125,-1.2668574
94,22.94921875,-1.4843131
95,23.193359375,-1.733528
96,23.4375,-1.9486445
97,23.681640625,-2.1616018
98,23.92578125,-2.3646624
99,24.169921875,-2.5529683
100,24.4140625,-2.6964693
101,24.658203125,-2.7912068
102,24.90234375,-2.940826
103,25.146484375,-3.083337
104,25.390625,-3.212533
105,25.634765625,-3.3407393
106,25.87890625,-3.4931471
107,26.123046875,-3.599131
108,26.3671875,-3.687121
109,26.611328125,-3.7374136
110,26.85546875,-3.7105129
111,27.099609375,-3.6216233
112,27.34375,-3.6003006
113,27.587890625,-3.5538764
114,27.83203125,-3.4899983
115,28.076171875,-3.3589132
116,28.3203125,-3.2370048
117,28.564453125,-3.151264
118,28.80859375,-2.92868
119,29.052734375,-2.7475717
120,29.296875,-2.603171
121,29.541015625,-2.4166648
122,29.78515625,-2.178696
123,30.029296875,-1.9670882
124,30.2734375,-1.7760835
125,30.517578125,-1.4922304
126,30.76171875,-1.2005501
127,31.005859375,-0.99730945
128,31.25,-0.71273667
129,31.494140625,-0.42330545
130,31.73828125,-0.17930877
131,31.982421875,0.121964596
132,32.2265625,0.42021278
133,32.470703125,0.71694267
134,32.71484375,1.0209265
135,32.958984375,1.3174877
136,33.203125,1.5227301
137,33.447265625,1.765366
138,33.69140625,2.0396597
139,33.935546875,2.200086
140,34.1796875,2.33116
141,34.423828125,2.475392
142,34.66796875,2.6771483
143,34.912109375,2.7846055
144,35.15625,2.8703573
145,35.400390625,3.0367444
146,35.64453125,3.1605084
147,35.888671875,3.2940564
148,36.1328125,3.4247367
149,36.376953125,3.5298884
150,36.62109375,3.5288763
151,36.865234375,3.4847913
152,37.109375,3.450378
153,37.353515625,3.4568446
154,37.59765625,3.3618145
155,37.841796875,3.3125002
156,38.0859375,3.2031875
157,38.330078125,3.1042774
158,38.57421875,2.9703357
159,38.818359375,2.7832558
160,39.0625,2.6119769
161,39.306640625,2.4635837
162,39.55078125,2.3217134
163,39.794921875,2.0994892
164,40.0390625,1.8940784
165,40.283203125,1.6198969
166,40.52734375,1.3972791
167,40.771484375,1.1533499
168,41.015625,0.89418215
169,41.259765625,0.63613904
170,41.50390625,0.38006395
171,41.748046875,0.10211513
172,41.9921875,-0.1567265
173,42.236328125,-0.4432786
174,42.48046875,-0.73279977
175,42.724609375,-1.065866
176,42.96875,-1.2882701
177,43.212890625,-1.543243
178,43.45703125,-1.7929977
179,43.701171875,-2.0224195
180,43.9453125,-2.214594
181,44.189453125,-2.3740194
182,44.43359375,-2.5641246
183,44.677734375,-2.6728075
184,44.921875,-2.826205
185,45.166015625,-2.9618788
186,45.41015625,-3.089365
187,45.654296875,-3.2059653
188,45.8984375,-3.33849
189,46.142578125,-3.4842403
190,46.38671875,-3.5741196
191,46.630859375,-3.6482542
192,46.875,-3.6501436
193,47.119140625,-3.625582
194,47.36328125,-3.5599942
195,47.607421875,-3.4819012
196,47.8515625,-3.4643571
197,48.095703125,-3.3817654
198,48.33984375,-3.2411432
199,48.583984375,-3.1024106
200,48.828125,-2.9469438
201,49.072265625,-2.7721334
202,49.31640625,-2.611988
203,49.560546875,-2.4405067
204,49.8046875,-2.2292588
205,50.048828125,-2.0244887
206,50.29296875,-1.8159399
207,50.537109375,-1.5764418
208,50.78125,-1.303115
209,51.025390625,-1.0356363
210,51.26953125,-0.79874724
211,51.513671875,-0.5265002
212,51.7578125,-0.22348368
213,52.001953125,0.033119943
214,52.24609375,0.33963403
215,52.490234375,0.60228807
216,52.734375,0.92207265
217,52.978515625,1.1910807
218,53.22265625,1.4612699
219,53.466796875,1.6924345
220,53.7109375,1.9110599
221,53.955078125,2.1577444
222,54.19921875,2.2798216
223,54.443359375,2.4350748
224,54.6875,2.5880787
225,54.931640625,2.716735
226,55.17578125,2.870526
227,55.419921875,2.9743843
228,55.6640625,3.1122622
229,55.908203125,3.2300658
230,56.15234375,3.3383663
231,56.396484375,3.454258
232,56.640625,3.51853
233,56.884765625,3.4882777
234,57.12890625,3.4299662
235,57.373046875,3.4308097
236,57.6171875,3.3252647
237,57.861328125,3.303447
238,58.10546875,3.1478565
239,58.349609375,3.0942686
240,58.59375,2.9770272
241,58.837890625,2.8101342
242,59.08203125,2.6529691
243,59.326171875,2.4828148
244,59.5703125,2.2998397
245,59.814453125,2.110342
246,60.05859375,1.8985205
247,60.302734375,1.6657813
248,60.546875,1.4352349
249,60.791015625,1.1558241
250,61.03515625,0.9163371
251,61.279296875,0.6752757
252,61.5234375,0.37618405
253,61.767578125,0.13512261
254,62.01171875,-0.102744915
255,62.255859375,-0.4591132
256,62.5,-0.7459353
257,62.744140625,-1.0559694
258,62.98828125,-1.2924986
259,63.232421875,-1.5731128
260,63.4765625,-1.8060433
261,63.720703125,-2.0229592
262,63.96484375,-2.2180126
263,64.208984375,-2.383916
264,64.453125,-2.5995724
265,64.697265625,-2.7462223
266,64.94140625,-2.8486972
267,65.185546875,-2.9948974
268,65.4296875,-3.1112278
269,65.673828125,-3.2135227
270,65.91796875,-3.3442478
271,66.162109375,-3.5061927
272,66.40625,-3.6192842
273,66.650390625,-3.6757848
274,66.89453125,-3.6324196
275,67.138671875,-3.60201
276,67.3828125,-3.6372778
277,67.626953125,-3.520318
278,67.87109375,-3.517259
279,68.115234375,-3.4180229
280,68.359375,-3.3226554
281,68.603515625,-3.168538
282,68.84765625,-3.0151405
283,69.091796875,-2.8363714
284,69.3359375,-2.6513047
285,69.580078125,-2.4701965
286,69.82421875,-2.2942166
287,70.068359375,-2.0730722
288,70.3125,-1.8318645
289,70.556640625,-1.5927261
290,70.80078125,-1.3214687
291,71.044921875,-1.0335671
292,71.2890625,-0.8381538
293,71.533203125,-0.53432757
294,71.77734375,-0.24759544
295,72.021484375,0.0052856947
296,72.265625,0.303815
297,72.509765625,0.59722733
298,72.75390625,0.89530677
299,72.998046875,1.1761234
300,73.2421875,1.4811755
301,73.486328125,1.6725851
302,73.73046875,1.8600587
303,73.974609375,2.1008952
304,74.21875,2.308893
305,74.462890625,2.4746614
306,74.70703125,2.5883598
307,74.951171875,2.7412515
308,75.1953125,2.8799167
309,75.439453125,2.944301
310,75.68359375,3.0978673
311,75.927734375,3.2373197
312,76.171875,3.355348
313,76.416015625,3.457688
314,76.66015625,3.5233657
315,76.904296875,3.5698123
316,77.1484375,3.4658978
317,77.392578125,3.4514465
318,77.63671875,3.4341273
319,77.880859375,3.3678312
320,78.125,3.2774122
321,78.369140625,3.1378472
322,78.61328125,3.032527
323,78.857421875,2.8948176
324,79.1015625,2.6520696
325,79.345703125,2.5538902
326,79.58984375,2.4119077
327,79.833984375,2.1887276
328,80.078125,2.0063713
329,80.322265625,1.7511395
330,80.56640625,1.5365628
331,80.810546875,1.2626063
332,81.0546875,1.0073748
333,81.298828125,0.75849724
334,81.54296875,0.5000605
335,81.787109375,0.21778189
336,82.03125,-0.062888525
337,82.275390625,-0.3318067
338,82.51953125,-0.6319442
339,82.763671875,-0.922365
340,83.0078125,-1.2148552
341,83.251953125,-1.5168821
342,83.49609375,-1.745584
343,83.740234375,-1.945046
344,83.984375,-2.1654706
345,84.228515625,-2.3302045
346,84.47265625,-2.5212991
347,84.716796875,-2.6830637
348,84.9609375,-2.817298
349,85.205078125,-2.9236417
350,85.44921875,-3.0960228
351,85.693359375,-3.2317865
352,85.9375,-3.3222055
353,86.181640625,-3.4858596
354,86.42578125,-3.5968819
355,86.669921875,-3.6525729
356,86.9140625,-3.6427662
357,87.158203125,-3.6279213
358,87.40234375,-3.6363783
359,87.646484375,-3.5862656
360,87.890625,-3.5076323
361,88.134765625,-3.393551
362,88.37890625,-3.3340814
363,88.623046875,-3.2014668
364,88.8671875,-3.0332243
365,89.111328125,-2.9063675
366,89.35546875,-2.6759562
367,89.599609375,-2.5400126
368,89.84375,-2.3413606
369,90.087890625,-2.1437879
370,90.33203125,-1.8889949
371,90.576171875,-1.6614627
372,90.8203125,-1.3839074
373,91.064453125,-1.1687909
374,91.30859375,-0.899063
375,91.552734375,-0.6433703
376,91.796875,-0.33720487
377,92.041015625,-0.09869629
378,92.28515625,0.17167263
379,92.529296875,0.49539334
380,92.7734375,0.8144469
381,93.017578125,1.0772134
382,93.26171875,1.3334572
383,93.505859375,1.574856
384,93.75,1.7798172
385,93.994140625,2.011207
386,94.23828125,2.2100391
387,94.482421875,2.3891904
388,94.7265625,2.5117736
389,94.970703125,2.6664083
390,95.21484375,2.8327951
391,95.458984375,2.922652
392,95.703125,3.0338767
393,95.947265625,3.178671
394,96.19140625,3.324927
395,96.435546875,3.4248493
396,96.6796875,3.507621
397,96.923828125,3.562221
398,97.16796875,3.5136378
399,97.412109375,3.4378386
400,97.65625,3.4068553
401,97.900390625,3.3951595
402,98.14453125,3.327851
403,98.388671875,3.1824944
404,98.6328125,3.0493963
405,98.876953125,2.964994
406,99.12109375,2.764756
407,99.365234375,2.5980878
408,99.609375,2.4724684
409,99.853515625,2.2690814
410,100.09765625,2.066257
411,100.341796875,1.853592
412,100.5859375,1.5963361
413,100.830078125,1.3232231
414,101.07421875,1.0633245
415,101.318359375,0.8103983
416,101.5625,0.57484746
417,101.806640625,0.2970673
418,102.05078125,-0.0014395085
419,102.294921875,-0.23832864
420,102.5390625,-0.56590676
421,102.783203125,-0.896004
422,103.02734375,-1.2218727
423,103.271484375,-1.5086049
424,103.515625,-1.7173336
425,103.759765625,-1.9395577
426,104.00390625,-2.1428883
427,104.248046875,-2.366282
428,104.4921875,-2.5261574
429,104.736328125,-2.7138333
430,104.98046875,-2.8293538
431,105.224609375,-2.9383066
432,105.46875,-3.0609348
433,105.712890625,-3.235835
434,105.95703125,-3.3787963
435,106.201171875,-3.4650767
436,106.4453125,-3.5433502
437,106.689453125,-3.6891003
438,106.93359375,-3.7410126
439,107.177734375,-3.6439357
440,107.421875,-3.6273816
441,107.666015625,-3.611007
442,107.91015625,-3.5889645
443,108.154296875,-3.4606683
444,108.3984375,-3.3891428
445,108.642578125,-3.262196
446,108.88671875,-3.1345296
447,109.130859375,-2.9367774
448,109.375,-2.7607973
449,109.619140625,-2.5707822
450,109.86328125,-2.384276
451,110.107421875,-2.2119846
452,110.3515625,-1.979504
453,110.595703125,-1.7212023
454,110.83984375,-1.4574124
455,111.083984375,-1.191823
456,111.328125,-0.9562835
457,111.572265625,-0.6564158
458,111.81640625,-0.38587824
459,112.060546875,-0.09320817
460,112.3046875,0.18072578
461,112.548828125,0.45209563
462,112.79296875,0.75759757
463,113.037109375,1.055171
464,113.28125,1.3248539
465,113.525390625,1.6149485
466,113.76953125,1.8597212
467,114.013671875,2.0008605
468,114.2578125,2.1846228
469,114.501953125,2.4119077
470,114.74609375,2.581106
471,114.990234375,2.6986287
472,115.234375,2.804455
473,115.478515625,2.960664
474,115.72265625,3.0241487
475,115.966796875,3.1892421
476,116.2109375,3.369012
477,116.455078125,3.4812486
478,116.69921875,3.5523806
479,116.943359375,3.5899992
480,117.1875,3.584826
481,117.431640625,3.5197108
482,117.67578125,3.475401
483,117.919921875,3.4056184
484,118.1640625,3.414278
485,118.408203125,3.2644792
486,118.65234375,3.1625888
487,118.896484375,2.978208
488,119.140625,2.8601797
489,119.384765625,2.683165
490,119.62890625,2.4950168
491,119.873046875,2.346961
492,120.1171875,2.1338463
493,120.361328125,1.908642
494,120.60546875,1.6805699
495,120.849609375,1.3993596
496,121.09375,1.1413165
497,121.337890625,0.8797871
498,121.58203125,0.6332713
499,121.826171875,0.36482543
500,122.0703125,0.07169427
501,122.314453125,-0.19361389
502,122.55859375,-0.51084554
503,122.802734375,-0.80918366
504,123.046875,-1.1074318
505,123.291015625,-1.4101784
506,123.53515625,-1.6710894
507,123.779296875,-1.8888149
508,124.0234375,-2.1119387
509,124.267578125,-2.3198578
510,124.51171875,-2.5203092
511,124.755859375,-2.6221545
512,125.0,-2.8190074
513,125.244140625,-2.9384868
514,125.48828125,-3.013881
515,125.732421875,-3.1965187
516,125.9765625,-3.2925158
517,126.220703125,-3.4774926
518,126.46484375,-3.586985
519,126.708984375,-3.6514032
520,126.953125,-3.7352545
521,127.197265625,-3.707634
522,127.44140625,-3.6561716
523,127.685546875,-3.6023698
524,127.9296875,-3.6031797
525,128.173828125,-3.552167
526,128.41796875,-3.3961604
527,128.662109375,-3.3197763
528,128.90625,-3.1571121
529,129.150390625,-2.9776232
530,129.39453125,-2.855355
531,129.638671875,-2.679375
532,129.8828125,-2.5118523
533,130.126953125,-2.2639868
534,130.37109375,-2.0368145
535,130.615234375,-1.8225977
536,130.859375,-1.5215604
537,131.103515625,-1.256241
538,131.34765625,-1.0389652
539,131.591796875,-0.75358266
540,131.8359375,-0.49914953
541,132.080078125,-0.20117131
542,132.32421875,0.07287511
543,132.568359375,0.34317657
544,132.8125,0.6892772
545,133.056640625,0.9616591
546,133.30078125,1.2498982
547,133.544921875,1.5114839
548,133.7890625,1.7254982
549,134.033203125,1.9569442
550,134.27734375,2.1791122
551,134.521484375,2.3138974
552,134.765625,2.5346596
553,135.009765625,2.649089
554,135.25390625,2.787192
555,135.498046875,2.908988
556,135.7421875,3.080998
557,135.986328125,3.1656814
558,136.23046875,3.262511
559,136.474609375,3.4332278
560,136.71875,3.5222971
561,136.962890625,3.570206
562,137.20703125,3.5767848
563,137.451171875,3.5742545
564,137.6953125,3.530563
565,137.939453125,3.4355896
566,138.18359375,3.3949907
567,138.427734375,3.3135686
568,138.671875,3.1688304
569,138.916015625,3.0702016
570,139.16015625,2.9385655
571,139.404296875,2.7488987
572,139.6484375,2.5602446
573,139.892578125,2.3792937
574,140.13671875,2.2115011
575,140.380859375,1.9705521
576,140.625,1.706661
577,140.869140625,1.4595267
578,141.11328125,1.2182403
579,141.357421875,0.95080656
580,141.6015625,0.68567836
581,141.845703125,0.46238586
582,142.08984375,0.15424109
583,142.333984375,-0.1534876
584,142.578125,-0.43967986
585,142.822265625,-0.6934832
586,143.06640625,-1.0209713
587,143.310546875,-1.3214687
588,143.5546875,-1.5821097
589,143.798828125,-1.8284457
590,144.04296875,-2.0334857
591,144.287109375,-2.2032576
592,144.53125,-2.4547217
593,144.775390625,-2.6100988
594,145.01953125,-2.7169824
595,145.263671875,-2.8746083
596,145.5078125,-3.0299854
597,145.751953125,-3.1438866
598,145.99609375,-3.2848682
599,146.240234375,-3.4073164
600,146.484375,-3.5390315
601,146.728515625,-3.6441154
602,146.97265625,-3.733545
603,147.216796875,-3.695668
604,147.4609375,-3.672366
605,147.705078125,-3.6249523
606,147.94921875,-3.6089377
607,148.193359375,-3.5673718
608,148.4375,-3.4077663
609,148.681640625,-3.3343515
610,148.92578125,-3.236105
611,149.169921875,-3.0758696
612,149.4140625,-2.8931422
613,149.658203125,-2.702857
614,149.90234375,-2.5471203
615,150.146484375,-2.3158092
616,150.390625,-2.0990734
617,150.634765625,-1.8781087
618,150.87890625,-1.6453582
619,151.123046875,-1.3938041
620,151.3671875,-1.1188579
621,151.611328125,-0.8604662
622,151.85546875,-0.57454383
623,152.099609375,-0.29950774
624,152.34375,-0.01484493
625,152.587890625,0.26040483
626,152.83203125,0.56720006
627,153.076171875,0.8446991
628,153.3203125,1.1308013
629,153.564453125,1.3972791
630,153.80859375,1.6261947
631,154.052734375,1.8995326
632,154.296875,2.0847006
633,154.541015625,2.2618277
634,154.78515625,2.4227602
635,155.029296875,2.6157444
636,155.2734375,2.7641373
637,155.517578125,2.84421
638,155.76171875,2.9780393
639,156.005859375,3.1393657
640,156.25,3.211622
641,156.494140625,3.356585
642,156.73828125,3.5138626
643,156.982421875,3.5811148
644,157.2265625,3.5506938
645,157.470703125,3.5027852
646,157.71484375,3.4999735
647,157.958984375,3.4502094
648,158.203125,3.3491063
649,158.447265625,3.3406155
650,158.69140625,3.2460916
651,158.935546875,3.1042774
652,159.1796875,2.9274879
653,159.423828125,2.7590766
654,159.66796875,2.6228857
655,159.912109375,2.4608848
656,160.15625,2.2508626
657,160.400390625,2.0425837
658,160.64453125,1.7970238
659,160.888671875,1.5664214
660,161.1328125,1.2687355
661,161.376953125,1.0519096
662,161.62109375,0.79791504
663,161.865234375,0.5027596
664,162.109375,0.24505383
665,162.353515625,0.013439161
666,162.59765625,-0.31552228
667,162.841796875,-0.6293351
668,163.0859375,-0.9323516
669,163.330078125,-1.2333888
670,163.57421875,-1.4891715
671,163.818359375,-1.7275001
672,164.0625,-1.9922795
673,164.306640625,-2.154674
674,164.55078125,-2.3706005
675,164.794921875,-2.5757306
676,165.0390625,-2.6926906
677,165.283203125,-2.8411398
678,165.52734375,-2.9692562
679,165.771484375,-3.1447861
680,166.015625,-3.22171
681,166.259765625,-3.3572037
682,166.50390625,-3.502684
683,166.748046875,-3.634129
684,166.9921875,-3.6917994
685,167.236328125,-3.7195997
686,167.48046875,-3.713392
687,167.724609375,-3.642946
688,167.96875,-3.5897741
689,168.212890625,-3.558015
690,168.45703125,-3.5035837
691,168.701171875,-3.3688097
692,168.9453125,-3.2586873
693,169.189453125,-3.0786588
694,169.43359375,-2.9095163
695,169.677734375,-2.7228303
696,169.921875,-2.5709622
697,170.166015625,-2.3981311
698,170.41015625,-2.1716785
699,170.654296875,-1.9432464
700,170.8984375,-1.6782869
701,171.142578125,-1.3965032
702,171.38671875,-1.1298342
703,171.630859375,-0.893215
704,171.875,-0.6129607
705,172.119140625,-0.36626494
706,172.36328125,-0.08619057
707,172.607421875,0.17898263
708,172.8515625,0.49421248
709,173.095703125,0.76226467
710,173.33984375,1.0882909
711,173.583984375,1.3293523
712,173.828125,1.544885
713,174.072265625,1.8033217
714,174.31640625,2.0093515
715,174.560546875,2.2238717
716,174.8046875,2.3542712
717,175.048828125,2.4769106
718,175.29296875,2.6671956
719,175.537109375,2.776508
720,175.78125,2.8859334
721,176.025390625,3.0704265
722,176.26953125,3.2061114
723,176.513671875,3.2986674
724,176.7578125,3.3890865
725,177.001953125,3.521004
726,177.24609375,3.5424278
727,177.490234375,3.5204415
728,177.734375,3.4727578
729,177.978515625,3.4670787
730,178.22265625,3.3993204
731,178.466796875,3.2993422
732,178.7109375,3.2179198
733,178.955078125,3.1118686
734,179.19921875,2.974103
735,179.443359375,2.7792072
736,179.6875,2.6227732
737,179.931640625,2.4842205
738,180.17578125,2.2965782
739,180.419921875,2.1167521
740,180.6640625,1.8774339
741,180.908203125,1.6405336
742,181.15234375,1.3696136
743,181.396484375,1.1616158
744,181.640625,0.8895712
745,181.884765625,0.6004325
746,182.12890625,0.33215532
747,182.373046875,0.09115012
748,182.6171875,-0.22393353
749,182.861328125,-0.5162437
750,183.10546875,-0.7955983
751,183.349609375,-1.1267753
752,183.59375,-1.335234
753,183.837890625,-1.613959
754,184.08203125,-1.8453599
755,184.326171875,-2.043652
756,184.5703125,-2.2737935
757,184.814453125,-2.4352884
758,185.05859375,-2.6245837
759,185.302734375,-2.72364
760,185.546875,-2.876048
761,185.791015625,-3.0324144
762,186.03515625,-3.1500945
763,186.279296875,-3.2466314
764,186.5234375,-3.4107354
765,186.767578125,-3.5253563
766,187.01171875,-3.622433
767,187.255859375,-3.6414165
768,187.5,-3.6316998
769,187.744140625,-3.6300805
770,187.98828125,-3.5576553
771,188.232421875,-3.5239167
772,188.4765625,-3.447083
773,188.720703125,-3.3392997
774,188.96484375,-3.227288
775,189.208984375,-3.109698
776,189.453125,-2.9463139
777,189.697265625,-2.7517104
778,189.94140625,-2.6456366
779,190.185546875,-2.439787
780,190.4296875,-2.246173
781,190.673828125,-1.9906602
782,190.91796875,-1.7812117
783,191.162109375,-1.5503505
784,191.40625,-1.2745948
785,191.650390625,-1.0364461
786,191.89453125,-0.7634793
787,192.138671875,-0.5031082
788,192.3828125,-0.23931828
789,192.626953125,0.014451316
790,192.87109375,0.32158396
791,193.115234375,0.6336649
792,193.359375,0.94242823
793,193.603515625,1.1670703
794,193.84765625,1.4351786
795,194.091796875,1.6425579
796,194.3359375,1.8810889
797,194.580078125,2.0815518
798,194.82421875,2.2409658
799,195.068359375,2.408815
800,195.3125,2.5822868
801,195.556640625,2.7157788
802,195.80078125,2.823236
803,196.044921875,2.9525106
804,196.2890625,3.1041088
805,196.533203125,3.215277
806,196.77734375,3.310532
807,197.021484375,3.4548202
808,197.265625,3.4873216
809,197.509765625,3.4672472
810,197.75390625,3.3821137
811,197.998046875,3.413828
812,198.2421875,3.3692932
813,198.486328125,3.2765124
814,198.73046875,3.2247238
815,198.974609375,3.1289065
816,199.21875,2.98355
817,199.462890625,2.790341
818,199.70703125,2.6914308
819,199.951171875,2.5105364
820,200.1953125,2.3516283
821,200.439453125,2.1557202
822,200.68359375,1.9423804
823,200.927734375,1.7045242
824,201.171875,1.4566588
825,201.416015625,1.2442751
826,201.66015625,0.96070325
827,201.904296875,0.7212724
828,202.1484375,0.4057052
829,202.392578125,0.17279725
830,202.63671875,-0.09374799
831,202.880859375,-0.40072316
832,203.125,-0.7342393
833,203.369140625,-1.0057666
834,203.61328125,-1.2851212
835,203.857421875,-1.5418935
836,204.1015625,-1.7741942
837,204.345703125,-1.9812135
838,204.58984375,-2.178876
839,204.833984375,-2.3511672
840,205.078125,-2.556657
841,205.322265625,-2.7042067
842,205.56640625,-2.81118
843,205.810546875,-2.952792
844,206.0546875,-3.1184251
845,206.298828125,-3.2281876
846,206.54296875,-3.318157
847,206.787109375,-3.494047
848,207.03125,-3.628101
849,207.275390625,-3.6402469
850,207.51953125,-3.6088476
851,207.763671875,-3.614246
852,208.0078125,-3.57295
853,208.251953125,-3.4834304
854,208.49609375,-3.4400654
855,208.740234375,-3.3837445
856,208.984375,-3.256708
857,209.228515625,-3.1152763
858,209.47265625,-2.9527018
859,209.716796875,-2.7859886
860,209.9609375,-2.6117182
861,210.205078125,-2.4343889
862,210.44921875,-2.2738836
863,210.693359375,-2.0602064
864,210.9375,-1.8028944
865,211.181640625,-1.5485512
866,211.42578125,-1.2949278
867,211.669921875,-1.0545299
868,211.9140625,-0.77643484
869,212.158203125,-0.5423348
870,212.40234375,-0.30166698
871,212.646484375,0.02968986
872,212.890625,0.34042126
873,213.134765625,0.60616803
874,213.37890625,0.88799673
875,213.623046875,1.1660018
876,213.8671875,1.4291058
877,214.111328125,1.6629133
878,214.35546875,1.8436391
879,214.599609375,2.1199574
880,214.84375,2.307768
881,215.087890625,2.4192178
882,215.33203125,2.550123
883,215.576171875,2.7046452
884,215.8203125,2.846178
885,216.064453125,2.961845
886,216.30859375,3.1062455
887,216.552734375,3.2857904
888,216.796875,3.3628268
889,217.041015625,3.4763005
890,217.28515625,3.5085206
891,217.529296875,3.5623899
892,217.7734375,3.5100389
893,218.017578125,3.4453173
894,218.26171875,3.4676971
895,218.505859375,3.392123
896,218.75,3.2667844
897,218.994140625,3.1517363
898,219.23828125,3.0816727
899,219.482421875,2.8577056
900,219.7265625,2.6719751
901,219.970703125,2.5498981
902,220.21484375,2.3949258
903,220.458984375,2.1928325
904,220.703125,1.9703273
905,220.947265625,1.715208
906,221.19140625,1.492534
907,221.435546875,1.2390456
908,221.6796875,0.9602534
909,221.923828125,0.74888176
910,222.16796875,0.48026723
911,222.412109375,0.19911325
912,222.65625,-0.09338811
913,222.900390625,-0.3810199
914,223.14453125,-0.6723404
915,223.388671875,-1.0096352
916,223.6328125,-1.268207
917,223.876953125,-1.5334363
918,224.12109375,-1.7724848
919,224.365234375,-2.0381641
920,224.609375,-2.2675858
921,224.853515625,-2.4152253
922,225.09765625,-2.5846374
923,225.341796875,-2.720671
924,225.5859375,-2.854545
925,225.830078125,-2.9422653
926,226.07421875,-3.127422
927,226.318359375,-3.2462716
928,226.5625,-3.365301
929,226.806640625,-3.508172
930,227.05078125,-3.651853
931,227.294921875,-3.7057447
932,227.5390625,-3.680913
933,227.783203125,-3.6507735
934,228.02734375,-3.66049
935,228.271484375,-3.605429
936,228.515625,-3.511141
937,228.759765625,-3.4424045
938,229.00390625,-3.327334
939,229.248046875,-3.1911204
940,229.4921875,-3.0275562
941,229.736328125,-2.867231
942,229.98046875,-2.6668692
943,230.224609375,-2.512752
944,230.46875,-2.295566
945,230.712890625,-2.0784705
946,230.95703125,-1.8705512
947,231.201171875,-1.5967748
948,231.4453125,-1.3737409
949,231.689453125,-1.1177783
950,231.93359375,-0.8480504
951,232.177734375,-0.57418394
952,232.421875,-0.3183113
953,232.666015625,-0.014395085
954,232.91015625,0.23004021
955,233.154296875,0.5242398
956,233.3984375,0.8168648
957,233.642578125,1.1312512
958,233.88671875,1.41651
959,234.130859375,1.6102813
960,234.375,1.8561788
961,234.619140625,2.0975776
962,234.86328125,2.2700374
963,235.107421875,2.4723556
964,235.3515625,2.5728965
965,235.595703125,2.7189279
966,235.83984375,2.8333576
967,236.083984375,2.9480681
968,236.328125,3.060305
969,236.572265625,3.2200005
970,236.81640625,3.2961369
971,237.060546875,3.447398
972,237.3046875,3.552662
973,237.548828125,3.5573292
974,237.79296875,3.5547423
975,238.037109375,3.522016
976,238.28125,3.4831042
977,238.525390625,3.3944845
978,238.76953125,3.3586657
979,239.013671875,3.229391
980,239.2578125,3.0938747
981,239.501953125,2.9595394
982,239.74609375,2.7951767
983,239.990234375,2.5758767
984,240.234375,2.44514
985,240.478515625,2.2513125
986,240.72265625,2.0566978
987,240.966796875,1.8074827
988,241.2109375,1.58852
989,241.455078125,1.3252475
990,241.69921875,1.0710843
991,241.943359375,0.81202894
992,242.1875,0.554267
993,242.431640625,0.26282275
994,242.67578125,-0.026900813
995,242.919921875,-0.2843929
996,243.1640625,-0.57382405
997,243.408203125,-0.881519
998,243.65234375,-1.2050486
999,243.896484375,-1.5125635
1000,244.140625,-1.7324485
1001,244.384765625,-1.9266021
1002,244.62890625,-2.1570134
1003,244.873046875,-2.3648424
1004,245.1171875,-2.5184202
1005,245.361328125,-2.699438
1006,245.60546875,-2.84015
1007,245.849609375,-2.9654772
1008,246.09375,-3.0660632
1009,246.337890625,-3.2172112
1010,246.58203125,-3.3277836
1011,246.826171875,-3.443484
1012,247.0703125,-3.561074
1013,247.314453125,-3.6793838
1014,247.55859375,-3.7060144
1015,247.802734375,-3.6320596
1016,248.046875,-3.643396
1017,248.291015625,-3.6058786
1018,248.53515625,-3.54353
1019,248.779296875,-3.420722
1020,249.0234375,-3.3821251
1021,249.267578125,-3.2487006
1022,249.51171875,-3.106819
1023,249.755859375,-2.9175236
1024,250.0,-2.72301
1025,250.244140625,-2.5634046
1026,250.48828125,-2.4122562
1027,250.732421875,-2.1698792
1028,250.9765625,-1.9400975
1029,251.220703125,-1.7147245
1030,251.46484375,-1.4357297
1031,251.708984375,-1.2166545
1032,251.953125,-0.92299485
1033,252.197265625,-0.6601946
1034,252.44140625,-0.42222583
1035,252.685546875,-0.15726629
1036,252.9296875,0.11915305
1037,253.173828125,0.43618232
1038,253.41796875,0.77238625
1039,253.662109375,1.0133914
1040,253.90625,1.2590637
1041,254.150390625,1.5288591
1042,254.39453125,1.7694708
1043,254.638671875,1.966166
1044,254.8828125,2.1450925
1045,255.126953125,2.4006615
1046,255.37109375,2.5363464
1047,255.615234375,2.6618536
1048,255.859375,2.7765644
1049,256.103515625,2.9532979
1050,256.34765625,3.0678961
1051,256.591796875,3.1944716
1052,256.8359375,3.338591
1053,257.080078125,3.4319344
1054,257.32421875,3.5294948
1055,257.568359375,3.522522
1056,257.8125,3.5411906
1057,258.056640625,3.5241528
1058,258.30078125,3.4561698
1059,258.544921875,3.4354768
1060,258.7890625,3.349275
1061,259.033203125,3.2297847
1062,259.27734375,3.1543229
1063,259.521484375,3.0089102
1064,259.765625,2.8115962
1065,260.009765625,2.6281152
1066,260.25390625,2.5071063
1067,260.498046875,2.348423
1068,260.7421875,2.1543705
1069,260.986328125,1.892054
1070,261.23046875,1.6493056
1071,261.474609375,1.3929493
1072,261.71875,1.1170248
1073,261.962890625,0.83924466
1074,262.20703125,0.6141528
1075,262.451171875,0.35757166
1076,262.6953125,0.031095631
1077,262.939453125,-0.25542277
1078,263.18359375,-0.51966256
1079,263.427734375,-0.8392334
1080,263.671875,-1.1258756
1081,263.916015625,-1.4312313
1082,264.16015625,-1.6935816
1083,264.404296875,-1.8987117
1084,264.6484375,-2.0831485
1085,264.892578125,-2.3087916
1086,265.13671875,-2.4766743
1087,265.380859375,-2.685493
1088,265.625,-2.8050623
1089,265.869140625,-2.937677
1090,266.11328125,-3.057246
1091,266.357421875,-3.168358
1092,266.6015625,-3.323825
1093,266.845703125,-3.4532008
1094,267.08984375,-3.5536964
1095,267.333984375,-3.6423163
1096,267.578125,-3.733995
1097,267.822265625,-3.6582408
1098,268.06640625,-3.6070483
1099,268.310546875,-3.582217
1100,268.5546875,-3.5824866
1101,268.798828125,-3.435567
1102,269.04296875,-3.3863537
1103,269.287109375,-3.2729023
1104,269.53125,-3.1357894
1105,269.775390625,-2.9598992
1106,270.01953125,-2.7858086
1107,270.263671875,-2.6289024
1108,270.5078125,-2.4183743
1109,270.751953125,-2.246173
1110,270.99609375,-1.9920996
1111,271.240234375,-1.754491
1112,271.484375,-1.4796348
1113,271.728515625,-1.2534521
1114,271.97265625,-1.0347366
1115,272.216796875,-0.71291655
1116,272.4609375,-0.46145242
1117,272.705078125,-0.20090139
1118,272.94921875,0.06303473
1119,273.193359375,0.3857995
1120,273.4375,0.7027725
1121,273.681640625,0.97425485
1122,273.92578125,1.2626063
1123,274.169921875,1.5009125
1124,274.4140625,1.7299405
1125,274.658203125,1.9888271
1126,274.90234375,2.1430118
1127,275.146484375,2.3146846
1128,275.390625,2.490687
1129,275.634765625,2.655668
1130,275.87890625,2.7580645
1131,276.123046875,2.918772
1132,276.3671875,3.0665464
1133,276.611328125,3.1780522
1134,276.85546875,3.3040655
1135,277.099609375,3.4010074
1136,277.34375,3.552662
1137,277.587890625,3.612885
1138,277.83203125,3.5471513
1139,278.076171875,3.533712
1140,278.3203125,3.5432715
1141,278.564453125,3.4235559
1142,278.80859375,3.3526487
1143,279.052734375,3.3172235
1144,279.296875,3.2103288
1145,279.541015625,3.0365756
1146,279.78515625,2.8967297
1147,280.029296875,2.7318046
1148,280.2734375,2.5262249
1149,280.517578125,2.3481982
1150,280.76171875,2.1349149
1151,281.005859375,1.9491282
1152,281.25,1.6566155
1153,281.494140625,1.4346726
1154,281.73828125,1.2159348
1155,281.982421875,0.947489
1156,282.2265625,0.65514505
1157,282.470703125,0.3560534
1158,282.71484375,0.10897529
1159,282.958984375,-0.18722607
1160,283.203125,-0.4982499
1161,283.447265625,-0.7923594
1162,283.69140625,-1.0878186
1163,283.935546875,-1.355747
1164,284.1796875,-1.6440985
1165,284.423828125,-1.8711811
1166,284.66796875,-2.0763109
1167,284.912109375,-2.3184183
1168,285.15625,-2.5015957
1169,285.400390625,-2.647616
1170,285.64453125,-2.7852688
1171,285.888671875,-2.9272404
1172,286.1328125,-3.0824375
1173,286.376953125,-3.171957
1174,286.62109375,-3.3319223
1175,286.865234375,-3.4951265
1176,287.109375,-3.576459
1177,287.353515625,-3.6628294
1178,287.59765625,-3.7179804
1179,287.841796875,-3.7453313
1180,288.0859375,-3.6733556
1181,288.330078125,-3.6448355
1182,288.57421875,-3.5791578
1183,288.818359375,-3.5485682
1184,289.0625,-3.388423
1185,289.306640625,-3.2603967
1186,289.55078125,-3.206775
1187,289.794921875,-3.039882
1188,290.0390625,-2.8169382
1189,290.283203125,-2.662101
1190,290.52734375,-2.5345247
1191,290.771484375,-2.3042932
1192,291.015625,-2.0952044
1193,291.259765625,-1.8531872
1194,291.50390625,-1.61081
1195,291.748046875,-1.3190396
1196,291.9921875,-1.069015
1197,292.236328125,-0.80297583
1198,292.48046875,-0.5486327
1199,292.724609375,-0.2653194
1200,292.96875,0.040654868
1201,293.212890625,0.28767678
1202,293.45703125,0.5860936
1203,293.701171875,0.9006487
1204,293.9453125,1.215991
1205,294.189453125,1.4224143
1206,294.43359375,1.6489682
1207,294.677734375,1.9347893
1208,294.921875,2.1074178
1209,295.166015625,2.297703
1210,295.41015625,2.4927676
1211,295.654296875,2.6731558
1212,295.8984375,2.7508109
1213,296.142578125,2.896392
1214,296.38671875,3.0511956
1215,296.630859375,3.175578
1216,296.875,3.2886019
1217,297.119140625,3.3988144
1218,297.36328125,3.5532804
1219,297.607421875,3.57999
1220,297.8515625,3.5913486
1221,298.095703125,3.5625021
1222,298.33984375,3.533712
1223,298.583984375,3.5078459
1224,298.828125,3.412366
1225,299.072265625,3.3271763
1226,299.31640625,3.2481158
1227,299.560546875,3.1251953
1228,299.8046875,2.9246762
1229,300.048828125,2.775215
1230,300.29296875,2.5515287
1231,300.537109375,2.4128072
1232,300.78125,2.2595222
1233,301.025390625,2.018517
1234,301.26953125,1.8019722
1235,301.513671875,1.4995067
1236,301.7578125,1.3021928
1237,302.001953125,1.0421816
1238,302.24609375,0.7788528
1239,302.490234375,0.47880527
1240,302.734375,0.19877587
1241,302.978515625,-0.041835714
1242,303.22265625,-0.36446553
1243,303.466796875,-0.66802186
1244,303.7109375,-0.99613976
1245,303.955078125,-1.2902493
1246,304.19921875,-1.5516102
1247,304.443359375,-1.7988458
1248,304.6875,-2.0161216
1249,304.931640625,-2.2032576
1250,305.17578125,-2.3919232
1251,305.419921875,-2.5608854
1252,305.6640625,-2.7045665
1253,305.908203125,-2.8568845
1254,306.15234375,-2.9664671
1255,306.396484375,-3.0972824
1256,306.640625,-3.2209902
1257,306.884765625,-3.36827
1258,307.12890625,-3.5244565
1259,307.373046875,-3.6236925
1260,307.6171875,-3.6699367
1261,307.861328125,-3.704305
1262,308.10546875,-3.6528425
1263,308.349609375,-3.6031797
1264,308.59375,-3.5899541
1265,308.837890625,-3.5352528
1266,309.08203125,-3.452661
1267,309.326171875,-3.326974
1268,309.5703125,-3.2286377
1269,309.814453125,-3.0648935
1270,310.05859375,-2.8906229
1271,310.302734375,-2.727059
1272,310.546875,-2.5458608
1273,310.791015625,-2.3826563
1274,311.03515625,-2.135511
1275,311.279296875,-1.9069889
1276,311.5234375,-1.6801763
1277,311.767578125,-1.431861
1278,312.01171875,-1.133613
1279,312.255859375,-0.9066204
1280,312.5,-0.6480487
1281,312.744140625,-0.39523503
1282,312.98828125,-0.09734676
1283,313.232421875,0.1729097
1284,313.4765625,0.48324752
1285,313.720703125,0.7936977
1286,313.96484375,1.062481
1287,314.208984375,1.4139235
1288,314.453125,1.6322113
1289,314.697265625,1.8629826
1290,314.94140625,2.060465
1291,315.185546875,2.2876937
1292,315.4296875,2.4018424
1293,315.673828125,2.562269
1294,315.91796875,2.75216
1295,316.162109375,2.8609104
1296,316.40625,2.9773645
1297,316.650390625,3.1439202
1298,316.89453125,3.261555
1299,317.138671875,3.3537173
1300,317.3828125,3.4941256
1301,317.626953125,3.5993898
1302,317.87109375,3.625312
1303,318.115234375,3.5424278
1304,318.359375,3.536636
1305,318.603515625,3.5129628
1306,318.84765625,3.4304721
1307,319.091796875,3.355517
1308,319.3359375,3.2612739
1309,319.580078125,3.1679306
1310,319.82421875,2.969661
1311,320.068359375,2.8009124
1312,320.3125,2.6330073
1313,320.556640625,2.4828708
1314,320.80078125,2.2842638
1315,321.044921875,2.0691247
1316,321.2890625,1.8701239
1317,321.533203125,1.5645095
1318,321.77734375,1.3140576
1319,322.021484375,1.0526406
1320,322.265625,0.8473981
1321,322.509765625,0.5224966
1322,322.75390625,0.29948524
1323,322.998046875,-0.0030589555
1324,323.2421875,-0.28367314
1325,323.486328125,-0.56302774
1326,323.73046875,-0.8406729
1327,323.974609375,-1.14171
1328,324.21875,-1.4384288
1329,324.462890625,-1.6763076
1330,324.70703125,-1.9607904
1331,324.951171875,-2.1345212
1332,325.1953125,-2.3044732
1333,325.439453125,-2.5039349
1334,325.68359375,-2.6672294
1335,325.927734375,-2.758368
1336,326.171875,-2.8951213
1337,326.416015625,-3.054367
1338,326.66015625,-3.1687179
1339,326.904296875,-3.2937753
1340,327.1484375,-3.4080362
1341,327.392578125,-3.5470388
1342,327.63671875,-3.598951
1343,327.880859375,-3.6394374
1344,328.125,-3.6533825
1345,328.369140625,-3.5897741
1346,328.61328125,-3.5712407
1347,328.857421875,-3.5538764
1348,329.1015625,-3.4394355
1349,329.345703125,-3.3485665
1350,329.58984375,-3.2380843
1351,329.833984375,-3.1054697
1352,330.078125,-2.9528816
1353,330.322265625,-2.7601674
1354,330.56640625,-2.6423976
1355,330.810546875,-2.4370878
1356,331.0546875,-2.2113547
1357,331.298828125,-2.02107
1358,331.54296875,-1.7803121
1359,331.787109375,-1.5377549
1360,332.03125,-1.291509
1361,332.275390625,-0.99182135
1362,332.51953125,-0.7529529
1363,332.763671875,-0.48952287
1364,333.0078125,-0.20944847
1365,333.251953125,0.08159089
1366,333.49609375,0.35088018
1367,333.740234375,0.6717331
1368,333.984375,0.93939173
1369,334.228515625,1.2091309
1370,334.47265625,1.4951769
1371,334.716796875,1.6595958
1372,334.9609375,1.9050995
1373,335.205078125,2.1443615
1374,335.44921875,2.3036072
1375,335.693359375,2.4477828
1376,335.9375,2.6217608
1377,336.181640625,2.7358532
1378,336.42578125,2.8939743
1379,336.669921875,2.9868674
1380,336.9140625,3.1765342
1381,337.158203125,3.2658286
1382,337.40234375,3.4048872
1383,337.646484375,3.4845665
1384,337.890625,3.5525494
1385,338.134765625,3.5309567
1386,338.37890625,3.4592626
1387,338.623046875,3.475963
1388,338.8671875,3.4168081
1389,339.111328125,3.3396034
1390,339.35546875,3.2566068
1391,339.599609375,3.2116785
1392,339.84375,3.011834
1393,340.087890625,2.8069851
1394,340.33203125,2.6694448
1395,340.576171875,2.5247066
1396,340.8203125,2.329867
1397,341.064453125,2.1285045
1398,341.30859375,1.9162894
1399,341.552734375,1.696202
1400,341.796875,1.4491239
1401,342.041015625,1.1888878
1402,342.28515625,0.91122013
1403,342.529296875,0.61375916
1404,342.7734375,0.38855484
1405,343.017578125,0.12854362
1406,343.26171875,-0.13774297
1407,343.505859375,-0.43824035
1408,343.75,-0.7239828
1409,343.994140625,-1.0273591
1410,344.23828125,-1.3107624
1411,344.482421875,-1.5769815
1412,344.7265625,-1.7748239
1413,344.970703125,-2.0166614
1414,345.21484375,-2.1802256
1415,345.458984375,-2.3715901
1416,345.703125,-2.565924
1417,345.947265625,-2.673797
1418,346.19140625,-2.7838295
1419,346.435546875,-2.9589996
1420,346.6796875,-3.1093383
1421,346.923828125,-3.1994874
1422,347.16796875,-3.2932355
1423,347.412109375,-3.4252205
1424,347.65625,-3.5619738
1425,347.900390625,-3.6275613
1426,348.14453125,-3.569621
1427,348.388671875,-3.5835662
1428,348.6328125,-3.5569355
1429,348.876953125,-3.464537
1430,349.12109375,-3.4370964
1431,349.365234375,-3.3697994
1432,349.609375,-3.2709231
1433,349.853515625,-3.1383083
1434,350.09765625,-2.9695258
1435,350.341796875,-2.7804105
1436,350.5859375,-2.6373594
1437,350.830078125,-2.4592202
1438,351.07421875,-2.3115807
1439,351.318359375,-2.0686636
1440,351.5625,-1.7826513
1441,351.806640625,-1.5805802
1442,352.05078125,-1.3202093
1443,352.294921875,-1.0878186
1444,352.5390625,-0.8167411
1445,352.783203125,-0.5187629
1446,353.02734375,-0.26756862
1447,353.271484375,0.0003373848
1448,353.515625,0.29127556
1449,353.759765625,0.58013314
1450,354.00390625,0.8966001
1451,354.248046875,1.1716249
1452,354.4921875,1.4587394
1453,354.736328125,1.6477311
1454,354.98046875,1.8741726
1455,355.224609375,2.099658
1456,355.46875,2.262671
1457,355.712890625,2.4362557
1458,355.95703125,2.5773387
1459,356.201171875,2.706501
1460,356.4453125,2.8900383
1461,356.689453125,2.9657247
1462,356.93359375,3.152411
1463,357.177734375,3.281292
1464,357.421875,3.394597
1465,357.666015625,3.468597
1466,357.91015625,3.552493
1467,358.154296875,3.5276392
1468,358.3984375,3.472533
1469,358.642578125,3.4358704
1470,358.88671875,3.4350271
1471,359.130859375,3.3785152
1472,359.375,3.2329335
1473,359.619140625,3.1331801
1474,359.86328125,3.0450666
1475,360.107421875,2.8270035
1476,360.3515625,2.6971667
1477,360.595703125,2.5361214
1478,360.83984375,2.386098
1479,361.083984375,2.1545954
1480,361.328125,1.9313593
1481,361.572265625,1.726173
1482,361.81640625,1.4576148
1483,362.060546875,1.196254
1484,362.3046875,0.940179
1485,362.548828125,0.6697088
1486,362.79296875,0.44158044
1487,363.037109375,0.17257231
1488,363.28125,-0.10427439
1489,363.525390625,-0.4389601
1490,363.76953125,-0.69204366
1491,364.013671875,-0.9981192
1492,364.2578125,-1.3083333
1493,364.501953125,-1.5231799
1494,364.74609375,-1.792098
1495,364.990234375,-1.9760853
1496,365.234375,-2.1926413
1497,365.478515625,-2.4188242
1498,365.72265625,-2.5695224
1499,365.966796875,-2.6961093
1500,366.2109375,-2.819637
1501,366.455078125,-2.9563005
1502,366.69921875,-3.1339
1503,366.943359375,-3.2407832
1504,367.1875,-3.3698893
1505,367.431640625,-3.5277855
1506,367.67578125,-3.6066885
1507,367.919921875,-3.695668
1508,368.1640625,-3.669577
1509,368.408203125,-3.640337
1510,368.65234375,-3.625222
1511,368.896484375,-3.5976915
1512,369.140625,-3.490988
1513,369.384765625,-3.4281895
1514,369.62890625,-3.3307526
1515,369.873046875,-3.165209
1516,370.1171875,-3.0272863
1517,370.361328125,-2.884685
1518,370.60546875,-2.7222903
1519,370.849609375,-2.536144
1520,371.09375,-2.328045
1521,371.337890625,-2.1296628
1522,371.58203125,-1.8866558
1523,371.826171875,-1.6348318
1524,372.0703125,-1.364744
1525,372.314453125,-1.1153492
1526,372.55859375,-0.87864
1527,372.802734375,-0.58471036
1528,373.046875,-0.32757813
1529,373.291015625,-0.040576145
1530,373.53515625,0.19652665
1531,373.779296875,0.53250563
1532,374.0234375,0.828842
1533,374.267578125,1.1485703
1534,374.51171875,1.3662959
1535,374.755859375,1.6423329
1536,375.0,1.8684932
1537,375.244140625,2.051187
1538,375.48828125,2.2740297
1539,375.732421875,2.4735928
1540,375.9765625,2.5831869
1541,376.220703125,2.6949735
1542,376.46484375,2.8772738
1543,376.708984375,3.0174572
1544,376.953125,3.1471252
1545,377.197265625,3.2311342
1546,377.44140625,3.4221501
1547,377.685546875,3.5017729
1548,377.9296875,3.5167303
1549,378.173828125,3.560253
1550,378.41796875,3.572174
1551,378.662109375,3.4909766
1552,378.90625,3.449141
1553,379.150390625,3.432103
1554,379.39453125,3.2943938
1555,379.638671875,3.1873305
1556,379.8828125,3.0771744
1557,380.126953125,2.9635317
1558,380.37109375,2.7602012
1559,380.615234375,2.5631685
1560,380.859375,2.4303513
1561,381.103515625,2.2273583
1562,381.34765625,2.0219471
1563,381.591796875,1.7904449
1564,381.8359375,1.5486524
1565,382.080078125,1.2980881
1566,382.32421875,1.0369521
1567,382.568359375,0.74865687
1568,382.8125,0.47728702
1569,383.056640625,0.23442622
1570,383.30078125,-0.060369387
1571,383.544921875,-0.3532194
1572,383.7890625,-0.60864216
1573,384.033203125,-0.91156876
1574,384.27734375,-1.2358179
1575,384.521484375,-1.481614
1576,384.765625,-1.7230017
1577,385.009765625,-1.9115772
1578,385.25390625,-2.1373103
1579,385.498046875,-2.3420804
1580,385.7421875,-2.476854
1581,385.986328125,-2.6818943
1582,386.23046875,-2.7901273
1583,386.474609375,-2.934258
1584,386.71875,-3.0467196
1585,386.962890625,-3.1994874
1586,387.20703125,-3.3430786
1587,387.451171875,-3.432238
1588,387.6953125,-3.6021001
1589,387.939453125,-3.6600404
1590,388.18359375,-3.7066443
1591,388.427734375,-3.6164052
1592,388.671875,-3.6363783
1593,388.916015625,-3.5806873
1594,389.16015625,-3.5214875
1595,389.404296875,-3.4387157
1596,389.6484375,-3.3865337
1597,389.892578125,-3.2547286
1598,390.13671875,-3.083517
1599,390.380859375,-2.9159043
1600,390.625,-2.7520702
1601,390.869140625,-2.573481
1602,391.11328125,-2.407488
1603,391.357421875,-2.2067664
1604,391.6015625,-1.9831927
1605,391.845703125,-1.7140948
1606,392.08984375,-1.4578621
1607,392.333984375,-1.1983907
1608,392.578125,-0.95835274
1609,392.822265625,-0.6783684
1610,393.06640625,-0.38893718
1611,393.310546875,-0.15330765
1612,393.5546875,0.15064232
1613,393.798828125,0.48358485
1614,394.04296875,0.77806556
1615,394.287109375,1.1051601
1616,394.53125,1.3519008
1617,394.775390625,1.5926812
1618,395.01953125,1.8093385
1619,395.263671875,2.007777
1620,395.5078125,2.2359054
1621,395.751953125,2.403473
1622,395.99609375,2.59522
1623,396.240234375,2.6756864
1624,396.484375,2.814689
1625,396.728515625,2.9810195
1626,396.97265625,3.104671
1627,397.216796875,3.2199442
1628,397.4609375,3.3416839
1629,397.705078125,3.4491973
1630,397.94921875,3.5471513
1631,398.193359375,3.581902
1632,398.4375,3.576841
1633,398.681640625,3.500536
1634,398.92578125,3.4597688
1635,399.169921875,3.4025257
1636,399.4140625,3.3265016
1637,399.658203125,3.226973
1638,399.90234375,3.1109128
1639,400.146484375,2.9891167
1640,400.390625,2.7799945
1641,400.634765625,2.5897658
1642,400.87890625,2.4644833
1643,401.123046875,2.3015828
1644,401.3671875,2.095047
1645,401.611328125,1.7948309
1646,401.85546875,1.5744624
1647,402.099609375,1.3445908
1648,402.34375,1.0777757
1649,402.587890625,0.83542097
1650,402.83203125,0.56916815
1651,403.076171875,0.31860372
1652,403.3203125,0.018837318
1653,403.564453125,-0.27368656
1654,403.80859375,-0.57382405
1655,404.052734375,-0.90428126
1656,404.296875,-1.159794
1657,404.541015625,-1.3968631
1658,404.78515625,-1.678017
1659,405.029296875,-1.9191346
1660,405.2734375,-2.0719924
1661,405.517578125,-2.333893
1662,405.76171875,-2.4711862
1663,406.005859375,-2.632591
1664,406.25,-2.779241
1665,406.494140625,-2.9261608
1666,406.73828125,-3.0334044
1667,406.982421875,-3.1769052
1668,407.2265625,-3.3058312
1669,407.470703125,-3.4576993
1670,407.71484375,-3.5599942
1671,407.958984375,-3.6318798
1672,408.203125,-3.7064643
1673,408.447265625,-3.6415064
1674,408.69140625,-3.6378176
1675,408.935546875,-3.6051588
1676,409.1796875,-3.6036294
1677,409.423828125,-3.502864
1678,409.66796875,-3.4209018
1679,409.912109375,-3.291166
1680,410.15625,-3.1679983
1681,410.400390625,-2.9762738
1682,410.64453125,-2.820627
1683,410.888671875,-2.6692984
1684,411.1328125,-2.444915
1685,411.376953125,-2.2537303
1686,411.62109375,-2.0421226
1687,411.865234375,-1.7814816
1688,412.109375,-1.5458522
1689,412.353515625,-1.244905
1690,412.59765625,-1.013144
1691,412.841796875,-0.75187325
1692,413.0859375,-0.4653211
1693,413.330078125,-0.16878235
1694,413.57421875,0.08384012
1695,413.818359375,0.38383144
1696,414.0625,0.68275434
1697,414.306640625,0.9831392
1698,414.55078125,1.2778449
1699,414.794921875,1.532233
1700,415.0390625,1.7469223
1701,415.283203125,1.9709457
1702,415.52734375,2.1761317
1703,415.771484375,2.349098
1704,416.015625,2.5429254
1705,416.259765625,2.6832774
1706,416.50390625,2.7954578
1707,416.748046875,2.8943117
1708,416.9921875,3.073013
1709,417.236328125,3.1953714
1710,417.48046875,3.3107007
1711,417.724609375,3.4511652
1712,417.96875,3.526402
1713,418.212890625,3.5471513
1714,418.45703125,3.5642455
1715,418.701171875,3.5250525
1716,418.9453125,3.485916
1717,419.189453125,3.4075866
1718,419.43359375,3.344889
1719,419.677734375,3.255482
1720,419.921875,3.1346421
1721,420.166015625,3.003006
1722,420.41015625,2.861304
1723,420.654296875,2.6971667
1724,420.8984375,2.5236382
1725,421.142578125,2.3592756
1726,421.38671875,2.1241748
1727,421.630859375,1.9232621
1728,421.875,1.6369349
1729,422.119140625,1.4281498
1730,422.36328125,1.151888
1731,422.607421875,0.87050897
1732,422.8515625,0.65930617
1733,423.095703125,0.39204115
1734,423.33984375,0.115104444
1735,423.583984375,-0.17400059
1736,423.828125,-0.44822693
1737,424.072265625,-0.74800456
1738,424.31640625,-1.0848496
1739,424.560546875,-1.2993363
1740,424.8046875,-1.6255649
1741,425.048828125,-1.850938
1742,425.29296875,-2.0234091
1743,425.537109375,-2.307712
1744,425.78125,-2.4620993
1745,426.025390625,-2.5938144
1746,426.26953125,-2.7721334
1747,426.513671875,-2.8989003
1748,426.7578125,-3.0362833
1749,427.001953125,-3.142447
1750,427.24609375,-3.297644
1751,427.490234375,-3.416943
1752,427.734375,-3.54371
1753,427.978515625,-3.6289108
1754,428.22265625,-3.712762
1755,428.466796875,-3.701426
1756,428.7109375,-3.6428561
1757,428.955078125,-3.6655283
1758,429.19921875,-3.6124465
1759,429.443359375,-3.5513573
1760,429.6875,-3.3932815
1761,429.931640625,-3.3242748
1762,430.17578125,-3.227558
1763,430.419921875,-3.006683
1764,430.6640625,-2.8043425
1765,430.908203125,-2.6614714
1766,431.15234375,-2.5319154
1767,431.396484375,-2.2749631
1768,431.640625,-2.0711827
1769,431.884765625,-1.8253868
1770,432.12890625,-1.575542
1771,432.373046875,-1.3208389
1772,432.6171875,-1.0504813
1773,432.861328125,-0.7645589
1774,433.10546875,-0.49788997
1775,433.349609375,-0.24165748
1776,433.59375,0.058255106
1777,433.837890625,0.35312942
1778,434.08203125,0.631753
1779,434.326171875,0.9393355
1780,434.5703125,1.2343786
1781,434.814453125,1.513958
1782,435.05859375,1.7365196
1783,435.302734375,1.9418744
1784,435.546875,2.1813052
1785,435.791015625,2.3325098
1786,436.03515625,2.497716
1787,436.279296875,2.6781604
1788,436.5234375,2.8160386
1789,436.767578125,2.915567
1790,437.01171875,3.059068
1791,437.255859375,3.2068987
1792,437.5,3.3226218
1793,437.744140625,3.4390757
1794,437.98828125,3.5238156
1795,438.232421875,3.5972528
1796,438.4765625,3.5998957
1797,438.720703125,3.5220723
1798,438.96484375,3.5198793
1799,439.208984375,3.4756258
1800,439.453125,3.334149
1801,439.697265625,3.2975426
1802,439.94140625,3.1823258
1803,440.185546875,3.043717
1804,440.4296875,2.8927934
1805,440.673828125,2.6865387
1806,440.91796875,2.541351
1807,441.162109375,2.3562953
1808,441.40625,2.1910331
1809,441.650390625,1.9654351
1810,441.89453125,1.7393873
1811,442.138671875,1.4916906
1812,442.3828125,1.2170594
1813,442.626953125,0.95564246
1814,442.87109375,0.6936631
1815,443.115234375,0.38529342
1816,443.359375,0.1594143
1817,443.603515625,-0.1276664
1818,443.84765625,-0.40225264
1819,444.091796875,-0.69204366
1820,444.3359375,-1.004597
1821,444.580078125,-1.2605596
1822,444.82421875,-1.5733827
1823,445.068359375,-1.7995656
1824,445.3125,-2.0402331
1825,445.556640625,-2.2209816
1826,445.80078125,-2.4217932
1827,446.044921875,-2.620985
1828,446.2890625,-2.75234
1829,446.533203125,-2.8712795
1830,446.77734375,-3.0405116
1831,447.021484375,-3.1797843
1832,447.265625,-3.2675045
1833,447.509765625,-3.4022782
1834,447.75390625,-3.5838363
1835,447.998046875,-3.63134
1836,448.2421875,-3.701786
1837,448.486328125,-3.7700727
1838,448.73046875,-3.710963
1839,448.974609375,-3.6616597
1840,449.21875,-3.6364684
1841,449.462890625,-3.6081278
1842,449.70703125,-3.5170789
1843,449.951171875,-3.4144242
1844,450.1953125,-3.236105
1845,450.439453125,-3.1215742
1846,450.68359375,-2.8971908
1847,450.927734375,-2.7110443
1848,451.171875,-2.5769
1849,451.416015625,-2.3509872
1850,451.66015625,-2.1623216
1851,451.904296875,-1.924263
1852,452.1484375,-1.6717192
1853,452.392578125,-1.367803
1854,452.63671875,-1.1572748
1855,452.880859375,-0.86316526
1856,453.125,-0.60027504
1857,453.369140625,-0.33837447
1858,453.61328125,-0.009086898
1859,453.857421875,0.20546734
1860,454.1015625,0.5390847
1861,454.345703125,0.8503784
1862,454.58984375,1.1815215
1863,454.833984375,1.4645312
1864,455.078125,1.6638694
1865,455.322265625,1.8734416
1866,455.56640625,2.142337
1867,455.810546875,2.3068686
1868,456.0546875,2.4797783
1869,456.298828125,2.6331196
1870,456.54296875,2.766499
1871,456.787109375,2.892906
1872,457.03125,3.0148144
1873,457.275390625,3.1517925
1874,457.51953125,3.2958558
1875,457.763671875,3.4303038
1876,458.0078125,3.530057
1877,458.251953125,3.6226692
1878,458.49609375,3.5874126
1879,458.740234375,3.523197
1880,458.984375,3.5333185
1881,459.228515625,3.5292137
1882,459.47265625,3.4268172
1883,459.716796875,3.3176732
1884,459.9609375,3.2356327
1885,460.205078125,3.1330113
1886,460.44921875,2.9397461
1887,460.693359375,2.749967
1888,460.9375,2.6196804
1889,461.181640625,2.4603224
1890,461.42578125,2.2984338
1891,461.669921875,2.0581598
1892,461.9140625,1.831381
1893,462.158203125,1.5866644
1894,462.40234375,1.3204116
1895,462.646484375,1.0531467
1896,462.890625,0.8345213
1897,463.134765625,0.50433403
1898,463.37890625,0.25793067
1899,463.623046875,0.017206624
1900,463.8671875,-0.275216
1901,464.111328125,-0.5315385
1902,464.35546875,-0.910759
1903,464.599609375,-1.1870546
1904,464.84375,-1.4498549
1905,465.087890625,-1.6991597
1906,465.33203125,-1.9372185
1907,465.576171875,-2.114548
1908,465.8203125,-2.3069022
1909,466.064453125,-2.4911592
1910,466.30859375,-2.653554
1911,466.552734375,-2.7646658
1912,466.796875,-2.9232817
1913,467.041015625,-3.0912545
1914,467.28515625,-3.171777
1915,467.529296875,-3.320946
1916,467.7734375,-3.437726
1917,468.017578125,-3.5968819
1918,468.26171875,-3.6532025
1919,468.505859375,-3.684332
1920,468.75,-3.6667879
1921,468.994140625,-3.6800134
1922,469.23828125,-3.6156852
1923,469.482421875,-3.5399313
1924,469.7265625,-3.470295
1925,469.970703125,-3.385184
1926,470.21484375,-3.2445621
1927,470.458984375,-3.1386683
1928,470.703125,-2.9888694
1929,470.947265625,-2.7963352
1930,471.19140625,-2.6425776
1931,471.435546875,-2.436638
1932,471.6796875,-2.240415
1933,471.923828125,-2.0225992
1934,472.16796875,-1.783551
1935,472.412109375,-1.5001478
1936,472.65625,-1.2396867
1937,472.900390625,-1.0127841
1938,473.14453125,-0.73792803
1939,473.388671875,-0.4243851
1940,473.6328125,-0.17624982
1941,473.876953125,0.081309736
1942,474.12109375,0.38585573
1943,474.365234375,0.6523335
1944,474.609375,0.97835964
1945,474.853515625,1.2251567
1946,475.09765625,1.5416797
1947,475.341796875,1.7448417
1948,475.5859375,1.9377134
1949,475.830078125,2.1360955
1950,476.07421875,2.334309
1951,476.318359375,2.4423847
1952,476.5625,2.6341317
1953,476.806640625,2.797707
1954,477.05078125,2.883909
1955,477.294921875,3.049621
1956,477.5390625,3.1504993
1957,477.783203125,3.304459
1958,478.02734375,3.346801
1959,478.271484375,3.458644
1960,478.515625,3.541753
1961,478.759765625,3.4609494
1962,479.00390625,3.431878
1963,479.248046875,3.4038188
1964,479.4921875,3.383126
1965,479.736328125,3.2748818
1966,479.98046875,3.1957088
1967,480.224609375,3.1224399
1968,480.46875,2.9846182
1969,480.712890625,2.7894974
1970,480.95703125,2.6591544
1971,481.201171875,2.489
1972,481.4453125,2.286513
1973,481.689453125,2.1082613
1974,481.93359375,1.9247802
1975,482.177734375,1.6920409
1976,482.421875,1.3809721
1977,482.666015625,1.1624594
1978,482.91015625,0.9141441
1979,483.154296875,0.66009337
1980,483.3984375,0.38079497
1981,483.642578125,0.15384747
1982,483.88671875,-0.07728361
1983,484.130859375,-0.44930658
1984,484.375,-0.7333396
1985,484.619140625,-1.0362662
1986,484.86328125,-1.3145411
1987,485.107421875,-1.5247992
1988,485.3515625,-1.7810318
1989,485.595703125,-1.9985776
1990,485.83984375,-2.1711388
1991,486.083984375,-2.3316438
1992,486.328125,-2.5499094
1993,486.572265625,-2.6600316
1994,486.81640625,-2.7816703
1995,487.060546875,-2.9292197
1996,487.3046875,-3.083787
1997,487.548828125,-3.210284
1998,487.79296875,-3.3193266
1999,488.037109375,-3.4812713
2000,488.28125,-3.6119068
2001,488.525390625,-3.622433
2002,488.76953125,-3.5710607
2003,489.013671875,-3.5892344
2004,489.2578125,-3.5647628
2005,489.501953125,-3.4722743
2006,489.74609375,-3.4368265
2007,489.990234375,-3.3878832
2008,490.234375,-3.2858582
2009,490.478515625,-3.1464956
2010,490.72265625,-2.9760938
2011,490.966796875,-2.7780714
2012,491.2109375,-2.618286
2013,491.455078125,-2.4967375
2014,491.69921875,-2.290438
2015,491.943359375,-2.0710926
2016,492.1875,-1.7968664
2017,492.431640625,-1.6236756
2018,492.67578125,-1.3158907
2019,492.919921875,-1.0754927
2020,493.1640625,-0.814312
2021,493.408203125,-0.5430546
2022,493.65234375,-0.29653874
2023,493.896484375,0.017375316
2024,494.140625,0.26788354
2025,494.384765625,0.6221938
2026,494.62890625,0.9153812
2027,494.873046875,1.1561615
2028,495.1171875,1.4631817
2029,495.361328125,1.6808511
2030,495.60546875,1.8408839
2031,495.849609375,2.0731733
2032,496.09375,2.2556984
2033,496.337890625,2.3897529
2034,496.58203125,2.5346034
2035,496.826171875,2.7196026
2036,497.0703125,2.854219
2037,497.314453125,2.956728
2038,497.55859375,3.0887015
2039,497.802734375,3.2292786
2040,498.046875,3.3715987
2041,498.291015625,3.439188
2042,498.53515625,3.5103765
2043,498.779296875,3.5111637
2044,499.0234375,3.4400315
2045,499.267578125,3.4019632
2046,499.51171875,3.3891428
2047,499.755859375,3.3361733
2048,500.0,3.2336085
2049,500.244140625,3.0957866
2050,500.48828125,2.9951897
2051,500.732421875,2.811315
2052,500.9765625,2.6347501
2053,501.220703125,2.4846141
2054,501.46484375,2.3145158
2055,501.708984375,2.1639297
2056,501.953125,1.9389503
2057,502.197265625,1.686193
2058,502.44140625,1.4301742
2059,502.685546875,1.1729183
2060,502.9296875,0.94259685
2061,503.173828125,0.69405675
2062,503.41796875,0.42712915
2063,503.662109375,0.12730652
2064,503.90625,-0.12244819
2065,504.150390625,-0.40027332
2066,504.39453125,-0.7192144
2067,504.638671875,-1.0016279
2068,504.8828125,-1.3268669
2069,505.126953125,-1.5466619
2070,505.37109375,-1.7949771
2071,505.615234375,-2.0314164
2072,505.859375,-2.208026
2073,506.103515625,-2.383916
2074,506.34765625,-2.5327253
2075,506.591796875,-2.6943998
2076,506.8359375,-2.819997
2077,507.080078125,-2.9382167
2078,507.32421875,-3.0799181
2079,507.568359375,-3.232686
2080,507.8125,-3.335341
2081,508.056640625,-3.4947665
2082,508.30078125,-3.6034493
2083,508.544921875,-3.6415064
2084,508.7890625,-3.6450155
2085,509.033203125,-3.633769
2086,509.27734375,-3.6652584
2087,509.521484375,-3.558105
2088,509.765625,-3.4991753
2089,510.009765625,-3.4198222
2090,510.25390625,-3.3098798
2091,510.498046875,-3.200747
2092,510.7421875,-2.9965167
2093,510.986328125,-2.8603032
2094,511.23046875,-2.6781156
2095,511.474609375,-2.5078037
2096,511.71875,-2.3098712
2097,511.962890625,-2.111489
2098,512.20703125,-1.877119
2099,512.451171875,-1.5974945
2100,512.6953125,-1.3367636
2101,512.939453125,-1.1037431
2102,513.18359375,-0.8218694
2103,513.427734375,-0.5493524
2104,513.671875,-0.27692544
2105,513.916015625,-0.020512994
2106,514.16015625,0.26698384
2107,514.404296875,0.5949781
2108,514.6484375,0.9109389
2109,514.892578125,1.1608287
2110,515.13671875,1.4462562
2111,515.380859375,1.708629
2112,515.625,1.9199444
2113,515.869140625,2.1075304
2114,516.11328125,2.3320599
2115,516.357421875,2.430295
2116,516.6015625,2.5960636
2117,516.845703125,2.7463121
2118,517.08984375,2.8650718
2119,517.333984375,2.975059
2120,517.578125,3.0784113
2121,517.822265625,3.2699332
2122,518.06640625,3.3607461
2123,518.310546875,3.4347458
2124,518.5546875,3.5685751
2125,518.798828125,3.5341055
2126,519.04296875,3.5277517
2127,519.287109375,3.4186637
2128,519.53125,3.4124224
2129,519.775390625,3.3740168
2130,520.01953125,3.2914135
2131,520.263671875,3.1528609
2132,520.5078125,3.0682898
2133,520.751953125,2.8970668
2134,520.99609375,2.7283745
2135,521.240234375,2.5653055
2136,521.484375,2.4121888
2137,521.728515625,2.2161682
2138,521.97265625,2.0158741
2139,522.216796875,1.7604176
2140,522.4609375,1.514464
2141,522.705078125,1.2841427
2142,522.94921875,0.9940481
2143,523.193359375,0.73786056
2144,523.4375,0.46041778
2145,523.681640625,0.21277735
2146,523.92578125,-0.08268177
2147,524.169921875,-0.32928756
2148,524.4140625,-0.6098118
2149,524.658203125,-0.93163186
2150,524.90234375,-1.2400466
2151,525.146484375,-1.5079751
2152,525.390625,-1.7271402
2153,525.634765625,-1.9836427
2154,525.87890625,-2.219722
2155,526.123046875,-2.3734796
2156,526.3671875,-2.530206
2157,526.611328125,-2.7195914
2158,526.85546875,-2.8710995
2159,527.099609375,-2.9793327
2160,527.34375,-3.0753298
2161,527.587890625,-3.2647152
2162,527.83203125,-3.3835647
2163,528.076171875,-3.4917977
2164,528.3203125,-3.5629632
2165,528.564453125,-3.7183404
2166,528.80859375,-3.7117724
2167,529.052734375,-3.6588707
2168,529.296875,-3.6623793
2169,529.541015625,-3.608398
2170,529.78515625,-3.5243666
2171,530.029296875,-3.4300785
2172,530.2734375,-3.3862636
2173,530.517578125,-3.2965643
2174,530.76171875,-3.0868459
2175,531.005859375,-2.9088867
2176,531.25,-2.728588
2177,531.494140625,-2.5200396
2178,531.73828125,-2.3672717
2179,531.982421875,-2.175817
2180,532.2265625,-1.947655
2181,532.470703125,-1.6927719
2182,532.71484375,-1.4369893
2183,532.958984375,-1.1823763
2184,533.203125,-0.92524403
2185,533.447265625,-0.606213
2186,533.69140625,-0.36563516
2187,533.935546875,-0.12190837
2188,534.1796875,0.14648123
2189,534.423828125,0.46716547
2190,534.66796875,0.7838011
2191,534.912109375,1.0826678
2192,535.15625,1.3386304
2193,535.400390625,1.587789
2194,535.64453125,1.7838659
2195,535.888671875,2.0008044
2196,536.1328125,2.2074525
2197,536.376953125,2.4126387
2198,536.62109375,2.5149786
2199,536.865234375,2.670513
2200,537.109375,2.8065915
2201,537.353515625,2.9177036
2202,537.59765625,3.0799296
2203,537.841796875,3.1848
2204,538.0859375,3.3305502
2205,538.330078125,3.4396381
2206,538.57421875,3.5370297
2207,538.818359375,3.5658762
2208,539.0625,3.5272455
2209,539.306640625,3.4737139
2210,539.55078125,3.4470603
2211,539.794921875,3.3667066
2212,540.0390625,3.343371
2213,540.283203125,3.2090356
2214,540.52734375,3.0819538
2215,540.771484375,2.989679
2216,541.015625,2.810078
2217,541.259765625,2.6213675
2218,541.50390625,2.4769106
2219,541.748046875,2.3152468
2220,541.9921875,2.067719
2221,542.236328125,1.8431894
2222,542.48046875,1.6248451
2223,542.724609375,1.3742245
2224,542.96875,1.121692
2225,543.212890625,0.8272113
2226,543.45703125,0.5814265
2227,543.701171875,0.2937497
2228,543.9453125,0.053025644
2229,544.189453125,-0.26432973
2230,544.43359375,-0.57283443
2231,544.677734375,-0.8389635
2232,544.921875,-1.1207473
2233,545.166015625,-1.4396884
2234,545.41015625,-1.6584936
2235,545.654296875,-1.9050095
2236,545.8984375,-2.1161675
2237,546.142578125,-2.3504474
2238,546.38671875,-2.4708264
2239,546.630859375,-2.6537337
2240,546.875,-2.8218863
2241,547.119140625,-2.9409156
2242,547.36328125,-3.0644436
2243,547.607421875,-3.183203
2244,547.8515625,-3.3552241
2245,548.095703125,-3.4689455
2246,548.33984375,-3.5795176
2247,548.583984375,-3.6738057
2248,548.828125,-3.7230186
2249,549.072265625,-3.6835222
2250,549.31640625,-3.5832965
2251,549.560546875,-3.640067
2252,549.8046875,-3.5922933
2253,550.048828125,-3.4864895
2254,550.29296875,-3.3893228
2255,550.537109375,-3.285588
2256,550.78125,-3.1631398
2257,551.025390625,-2.940016
2258,551.26953125,-2.7849991
2259,551.513671875,-2.6164865
2260,551.7578125,-2.4504035
2261,552.001953125,-2.1945307
2262,552.24609375,-1.9775248
2263,552.490234375,-1.7401859
2264,552.734375,-1.4603814
2265,552.978515625,-1.2162948
2266,553.22265625,-0.97508705
2267,553.466796875,-0.70319986
2268,553.7109375,-0.38380894
2269,553.955078125,-0.15753621
2270,554.19921875,0.117409915
2271,554.443359375,0.44827193
2272,554.6875,0.72020406
2273,554.931640625,1.0272804
2274,555.17578125,1.3064101
2275,555.419921875,1.5113151
2276,555.6640625,1.7332019
2277,555.908203125,2.0169988
2278,556.15234375,2.1877153
2279,556.396484375,2.3546085
2280,556.640625,2.5384269
2281,556.884765625,2.6623595
2282,557.12890625,2.7870233
2283,557.373046875,2.9046018
2284,557.6171875,3.0480466
2285,557.861328125,3.1542106
2286,558.10546875,3.3045154
2287,558.349609375,3.4137719
2288,558.59375,3.5569916
2289,558.837890625,3.5426526
2290,559.08203125,3.5179675
2291,559.326171875,3.4979491
2292,559.5703125,3.4738824
2293,559.814453125,3.3920105
2294,560.05859375,3.3654695
2295,560.302734375,3.2604306
2296,560.546875,3.1227775
2297,560.791015625,2.9846182
2298,561.03515625,2.8434792
2299,561.279296875,2.6745055
2300,561.5234375,2.4803405
2301,561.767578125,2.312323
2302,562.01171875,2.161737
2303,562.255859375,1.9271983
2304,562.5,1.6707858
2305,562.744140625,1.4107183
2306,562.98828125,1.1567237
2307,563.232421875,0.9468142
2308,563.4765625,0.61938226
2309,563.720703125,0.36420688
2310,563.96484375,0.102621205
2311,564.208984375,-0.187406
2312,564.453125,-0.4712591
2313,564.697265625,-0.7544824
2314,564.94140625,-1.0600181
2315,565.185546875,-1.3407222
2316,565.4296875,-1.6245753
2317,565.673828125,-1.8697416
2318,565.91796875,-2.076671
2319,566.162109375,-2.2594883
2320,566.40625,-2.4671376
2321,566.650390625,-2.6225145
2322,566.89453125,-2.7692542
2323,567.138671875,-2.9186034
2324,567.3828125,-3.0755098
2325,567.626953125,-3.1798742
2326,567.87109375,-3.2934153
2327,568.115234375,-3.461298
2328,568.359375,-3.5487483
2329,568.603515625,-3.6352987
2330,568.84765625,-3.731206
2331,569.091796875,-3.7490199
2332,569.3359375,-3.6844218
2333,569.580078125,-3.640067
2334,569.82421875,-3.5838363
2335,570.068359375,-3.5237367
2336,570.3125,-3.408396
2337,570.556640625,-3.2850482
2338,570.80078125,-3.1847324
2339,571.044921875,-3.0182893
2340,571.2890625,-2.8356516
2341,571.533203125,-2.638979
2342,571.77734375,-2.4826121
2343,572.021484375,-2.3174286
2344,572.265625,-2.0340254
2345,572.509765625,-1.833034
2346,572.75390625,-1.5879579
2347,572.998046875,-1.2990663
2348,573.2421875,-1.057229
2349,573.486328125,-0.814312
2350,573.73046875,-0.49375138
2351,573.974609375,-0.24615593
2352,574.21875,0.037505943
2353,574.462890625,0.36229503
2354,574.70703125,0.647104
2355,574.951171875,0.95142514
2356,575.1953125,1.2771139
2357,575.439453125,1.4775767
2358,575.68359375,1.7009816
2359,575.927734375,1.9535143
2360,576.171875,2.137389
2361,576.416015625,2.325031
2362,576.66015625,2.4960852
2363,576.904296875,2.664384
2364,577.1484375,2.801081
2365,577.392578125,2.8570306
2366,577.63671875,3.0167823
2367,577.880859375,3.1768153
2368,578.125,3.2479472
2369,578.369140625,3.3952718
2370,578.61328125,3.5492318
2371,578.857421875,3.6075993
2372,579.1015625,3.5447333
2373,579.345703125,3.5156057
2374,579.58984375,3.4981744
2375,579.833984375,3.436264
2376,580.078125,3.4047186
2377,580.322265625,3.2819104
2378,580.56640625,3.2268605
2379,580.810546875,3.0799296
2380,581.0546875,2.9042647
2381,581.298828125,2.735066
2382,581.54296875,2.5618753
2383,581.787109375,2.3938015
2384,582.03125,2.2212288
2385,582.275390625,1.9959686
2386,582.51953125,1.749059
2387,582.763671875,1.4903411
2388,583.0078125,1.2276307
2389,583.251953125,0.9848262
2390,583.49609375,0.7293135
2391,583.740234375,0.40598637
2392,583.984375,0.20023787
2393,584.228515625,-0.09257839
2394,584.47265625,-0.407111
2395,584.716796875,-0.6942929
2396,584.9609375,-1.0258297
2397,585.205078125,-1.306084
2398,585.44921875,-1.5474715
2399,585.693359375,-1.8327641
2400,585.9375,-2.0041556
2401,586.181640625,-2.2158532
2402,586.42578125,-2.4130661
2403,586.669921875,-2.582838
2404,586.9140625,-2.7446027
2405,587.158203125,-2.8737087
2406,587.40234375,-3.0265665
2407,587.646484375,-3.1616106
2408,587.890625,-3.2622862
2409,588.134765625,-3.3779864
2410,588.37890625,-3.5162694
2411,588.623046875,-3.645825
2412,588.8671875,-3.7261677
2413,589.111328125,-3.6939585
2414,589.35546875,-3.7055647
2415,589.599609375,-3.6409667
2416,589.84375,-3.5976915
2417,590.087890625,-3.5516272
2418,590.33203125,-3.4848702
2419,590.576171875,-3.3497362
2420,590.8203125,-3.239074
2421,591.064453125,-3.089185
2422,591.30859375,-2.8488772
2423,591.552734375,-2.6902614
2424,591.796875,-2.5319154
2425,592.041015625,-2.3469386
2426,592.28515625,-2.096374
2427,592.529296875,-1.8783786
2428,592.7734375,-1.6274543
2429,593.017578125,-1.365014
2430,593.26171875,-1.1000544
2431,593.505859375,-0.8653245
2432,593.75,-0.58704954
2433,593.994140625,-0.31210342
2434,594.23828125,-0.0034188326
2435,594.482421875,0.23493229
2436,594.7265625,0.5592153
2437,594.970703125,0.89665633
2438,595.21484375,1.133894
2439,595.458984375,1.41696
2440,595.703125,1.6341795
2441,595.947265625,1.8522987
2442,596.19140625,2.093585
2443,596.435546875,2.2969158
2444,596.6796875,2.402967
2445,596.923828125,2.5911715
2446,597.16796875,2.7001467
2447,597.412109375,2.829084
2448,597.65625,2.9526231
2449,597.900390625,3.140153
2450,598.14453125,3.2967553
2451,598.388671875,3.3612523
2452,598.6328125,3.4748948
2453,598.876953125,3.5401785
2454,599.12109375,3.549007
2455,599.365234375,3.5211163
2456,599.609375,3.527583
2457,599.853515625,3.4971058
2458,600.09765625,3.4005013
2459,600.341796875,3.2972617
2460,600.5859375,3.1883988
2461,600.830078125,3.075206
2462,601.07421875,2.9419954
2463,601.318359375,2.763294
2464,601.5625,2.6395862
2465,601.806640625,2.464315
2466,602.05078125,2.2617714
2467,602.294921875,2.0249836
2468,602.5390625,1.8193475
2469,602.783203125,1.5769928
2470,603.02734375,1.2913402
2471,603.271484375,1.0789003
2472,603.515625,0.7868938
2473,603.759765625,0.54172754
2474,604.00390625,0.26782727
2475,604.248046875,0.008547082
2476,604.4921875,-0.30166698
2477,604.736328125,-0.6081923
2478,604.98046875,-0.92686355
2479,605.224609375,-1.215215
2480,605.46875,-1.4751363
2481,605.712890625,-1.7664568
2482,605.95703125,-1.9919198
2483,606.201171875,-2.202268
2484,606.4453125,-2.3568351
2485,606.689453125,-2.5298462
2486,606.93359375,-2.6899016
2487,607.177734375,-2.843389
2488,607.421875,-2.9560306
2489,607.666015625,-3.13345
2490,607.91015625,-3.2396138
2491,608.154296875,-3.349826
2492,608.3984375,-3.4891884
2493,608.642578125,-3.6192842
2494,608.88671875,-3.6878407
2495,609.130859375,-3.6971977
2496,609.375,-3.7198699
2497,609.619140625,-3.6861312
2498,609.86328125,-3.6297207
2499,610.107421875,-3.534983
2500,610.3515625,-3.487749
2501,610.595703125,-3.353695
2502,610.83984375,-3.2297173
2503,611.083984375,-3.0942233
2504,611.328125,-2.9450543
2505,611.572265625,-2.7198613
2506,611.81640625,-2.5464904
2507,612.060546875,-2.3768983
2508,612.3046875,-2.158903
2509,612.548828125,-1.9230033
2510,612.79296875,-1.6418493
2511,613.037109375,-1.4352798
2512,613.28125,-1.1798571
2513,613.525390625,-0.9331614
2514,613.76953125,-0.6494882
2515,614.013671875,-0.38335907
2516,614.2578125,-0.12082874
2517,614.501953125,0.14799947
2518,614.74609375,0.45113972
2519,614.990234375,0.7603529
2520,615.234375,1.0255935
2521,615.478515625,1.3187248
2522,615.72265625,1.5686706
2523,615.966796875,1.7637914
2524,616.2109375,2.0162115
2525,616.455078125,2.198793
2526,616.69921875,2.3657422
2527,616.943359375,2.5052507
2528,617.1875,2.633401
2529,617.431640625,2.7712224
2530,617.67578125,2.8875642
2531,617.919921875,2.9970453
2532,618.1640625,3.188905
2533,618.408203125,3.2942252
2534,618.65234375,3.3790774
2535,618.896484375,3.53613
2536,619.140625,3.5503001
2537,619.384765625,3.5203855
2538,619.62890625,3.5183048
2539,619.873046875,3.4494784
2540,620.1171875,3.3781216
2541,620.361328125,3.308114
2542,620.60546875,3.2245553
2543,620.849609375,3.1359916
2544,621.09375,2.9805696
2545,621.337890625,2.8273969
2546,621.58203125,2.6697822
2547,621.826171875,2.5363464
2548,622.0703125,2.3345902
2549,622.314453125,2.13126
2550,622.55859375,1.9053807
2551,622.802734375,1.7076732
2552,623.046875,1.4327046
2553,623.291015625,1.1524502
2554,623.53515625,0.90419126
2555,623.779296875,0.6793243
2556,624.0234375,0.39209735
2557,624.267578125,0.1301743
2558,624.51171875,-0.16212465
2559,624.755859375,-0.46289194
2560,625.0,-0.77004707
2561,625.244140625,-1.0565093
2562,625.48828125,-1.3448607
2563,625.732421875,-1.5787809
2564,625.9765625,-1.7973163
2565,626.220703125,-2.0186408
2566,626.46484375,-2.179146
2567,626.708984375,-2.427641
2568,626.953125,-2.5749207
2569,627.197265625,-2.6956596
2570,627.44140625,-2.8156786
2571,627.685546875,-2.9700658
2572,627.9296875,-3.131111
2573,628.173828125,-3.2246788
2574,628.41796875,-3.3476667
2575,628.662109375,-3.5237367
2576,628.90625,-3.5937328
2577,629.150390625,-3.6335893
2578,629.39453125,-3.578258
2579,629.638671875,-3.5886946
2580,629.8828125,-3.5759192
2581,630.126953125,-3.4851398
2582,630.37109375,-3.4166734
2583,630.615234375,-3.3529751
2584,630.859375,-3.218831
2585,631.103515625,-3.1033103
2586,631.34765625,-2.9346178
2587,631.591796875,-2.7749224
2588,631.8359375,-2.5864367
2589,632.080078125,-2.4359183
2590,632.32421875,-2.2434738
2591,632.568359375,-2.0401435
2592,632.8125,-1.795247
2593,633.056640625,-1.5422534
2594,633.30078125,-1.2903394
2595,633.544921875,-1.0560594
2596,633.7890625,-0.7542125
2597,634.033203125,-0.5191227
2598,634.27734375,-0.26109084
2599,634.521484375,0.039136637
2600,634.765625,0.29751715
2601,635.009765625,0.5979583
2602,635.25390625,0.8693844
2603,635.498046875,1.1433408
2604,635.7421875,1.4203899
2605,635.986328125,1.6095504
2606,636.23046875,1.8279508
2607,636.474609375,2.0478694
2608,636.71875,2.2324188
2609,636.962890625,2.391777
2610,637.20703125,2.507275
2611,637.451171875,2.6674204
2612,637.6953125,2.7836494
2613,637.939453125,2.9559968
2614,638.18359375,3.083922
2615,638.427734375,3.1869369
2616,638.671875,3.2833164
2617,638.916015625,3.3910544
2618,639.16015625,3.4624116
2619,639.404296875,3.4640422
2620,639.6484375,3.4183266
2621,639.892578125,3.4268737
2622,640.13671875,3.4068553
2623,640.380859375,3.3233526
2624,640.625,3.235464
2625,640.869140625,3.152917
2626,641.11328125,2.9926033
2627,641.357421875,2.8170507
2628,641.6015625,2.6594357
2629,641.845703125,2.5223448
2630,642.08984375,2.3781693
2631,642.333984375,2.1527963
2632,642.578125,1.9526144
2633,642.822265625,1.7254982
2634,643.06640625,1.4661056
2635,643.310546875,1.2057008
2636,643.5546875,0.95446163
2637,643.798828125,0.7134564
2638,644.04296875,0.4339893
2639,644.287109375,0.150811
2640,644.53125,-0.114620864
2641,644.775390625,-0.38533843
2642,645.01953125,-0.66775197
2643,645.263671875,-1.0167428
2644,645.5078125,-1.2938483
2645,645.751953125,-1.5418935
2646,645.99609375,-1.7561103
2647,646.240234375,-2.0199902
2648,646.484375,-2.2041574
2649,646.728515625,-2.403619
2650,646.97265625,-2.5471203
2651,647.216796875,-2.7162626
2652,647.4609375,-2.8417697
2653,647.705078125,-2.984191
2654,647.94921875,-3.118335
2655,648.193359375,-3.230257
2656,648.4375,-3.3306627
2657,648.681640625,-3.4533808
2658,648.92578125,-3.6215334
2659,649.169921875,-3.6707466
2660,649.4140625,-3.6045294
2661,649.658203125,-3.6034493
2662,649.90234375,-3.5650327
2663,650.146484375,-3.5482085
2664,650.390625,-3.4776723
2665,650.634765625,-3.3752873
2666,650.87890625,-3.2573376
2667,651.123046875,-3.1209443
2668,651.3671875,-2.9451444
2669,651.611328125,-2.7975047
2670,651.85546875,-2.6405082
2671,652.099609375,-2.4482439
2672,652.34375,-2.2520208
2673,652.587890625,-2.032046
2674,652.83203125,-1.8130609
2675,653.076171875,-1.5259689
2676,653.3203125,-1.3055443
2677,653.564453125,-1.0634369
2678,653.80859375,-0.8096335
2679,654.052734375,-0.5059872
2680,654.296875,-0.2530836
2681,654.541015625,0.016363163
2682,654.78515625,0.28272846
2683,655.029296875,0.61190355
2684,655.2734375,0.9050909
2685,655.517578125,1.1887754
2686,655.76171875,1.4652622
2687,656.005859375,1.6732037
2688,656.25,1.8957652
2689,656.494140625,2.0782905
2690,656.73828125,2.2601407
2691,656.982421875,2.439798
2692,657.2265625,2.5938704
2693,657.470703125,2.6993032
2694,657.71484375,2.9000473
2695,657.958984375,3.0338202
2696,658.203125,3.1266012
2697,658.447265625,3.262511
2698,658.69140625,3.3753662
2699,658.935546875,3.513413
2700,659.1796875,3.5614338
2701,659.423828125,3.5959034
2702,659.66796875,3.5654263
2703,659.912109375,3.4875464
2704,660.15625,3.4434617
2705,660.400390625,3.3835196
2706,660.64453125,3.3013663
2707,660.888671875,3.1607895
2708,661.1328125,3.1010723
2709,661.376953125,2.953129
2710,661.62109375,2.7415326
2711,661.865234375,2.5794754
2712,662.109375,2.403473
2713,662.353515625,2.2350056
2714,662.59765625,1.9982738
2715,662.841796875,1.7645226
2716,663.0859375,1.5307148
2717,663.330078125,1.2512478
2718,663.57421875,0.97931564
2719,663.818359375,0.68365407
2720,664.0625,0.46103632
2721,664.306640625,0.12685668
2722,664.55078125,-0.14305115
2723,664.794921875,-0.37301263
2724,665.0390625,-0.6915938
2725,665.283203125,-0.99766934
2726,665.52734375,-1.3037448
2727,665.771484375,-1.546302
2728,666.015625,-1.7985759
2729,666.259765625,-2.015492
2730,666.50390625,-2.2396052
2731,666.748046875,-2.398941
2732,666.9921875,-2.5694327
2733,667.236328125,-2.7024071
2734,667.48046875,-2.879197
2735,667.724609375,-2.9882398
2736,667.96875,-3.1316507
2737,668.212890625,-3.3068209
2738,668.45703125,-3.3874333
2739,668.701171875,-3.5002549
2740,668.9453125,-3.6219833
2741,669.189453125,-3.742542
2742,669.43359375,-3.739933
2743,669.677734375,-3.6762347
2744,669.921875,-3.6258519
2745,670.166015625,-3.6301703
2746,670.41015625,-3.5431702
2747,670.654296875,-3.4396155
2748,670.8984375,-3.326974
2749,671.142578125,-3.2329562
2750,671.38671875,-3.0419514
2751,671.630859375,-2.8783872
2752,671.875,-2.7079852
2753,672.119140625,-2.5551276
2754,672.36328125,-2.316349
2755,672.607421875,-2.1777964
2756,672.8515625,-1.9495444
2757,673.095703125,-1.6550748
2758,673.33984375,-1.4226842
2759,673.583984375,-1.1789573
2760,673.828125,-0.93577045
2761,674.072265625,-0.61035156
2762,674.31640625,-0.39199615
2763,674.560546875,-0.08691032
2764,674.8046875,0.19849473
2765,675.048828125,0.47149524
2766,675.29296875,0.84357446
2767,675.537109375,1.0669231
2768,675.78125,1.3488643
2769,676.025390625,1.5859334
2770,676.26953125,1.7951121
2771,676.513671875,1.9888271
2772,676.7578125,2.1974432
2773,677.001953125,2.4403043
2774,677.24609375,2.5684543
2775,677.490234375,2.693399
2776,677.734375,2.8306584
2777,677.978515625,2.9743843
2778,678.22265625,3.0862837
2779,678.466796875,3.2539077
2780,678.7109375,3.3488815
2781,678.955078125,3.505147
2782,679.19921875,3.5574415
2783,679.443359375,3.5596344
2784,679.6875,3.544677
2785,679.931640625,3.5194857
2786,680.17578125,3.4448674
2787,680.419921875,3.3857126
2788,680.6640625,3.350962
2789,680.908203125,3.2331023
2790,681.15234375,3.1073139
2791,681.396484375,2.9959207
2792,681.640625,2.7703228
2793,681.884765625,2.6377866
2794,682.12890625,2.447333
2795,682.373046875,2.2908428
2796,682.6171875,2.1051686
2797,682.861328125,1.8359919
2798,683.10546875,1.6098316
2799,683.349609375,1.390194
2800,683.59375,1.0877849
2801,683.837890625,0.8448677
2802,684.08203125,0.5521864
2803,684.326171875,0.29903537
2804,684.5703125,0.02249232
2805,684.814453125,-0.2729668
2806,685.05859375,-0.5716648
2807,685.302734375,-0.8776503
2808,685.546875,-1.1507071
2809,685.791015625,-1.4923204
2810,686.03515625,-1.7399158
2811,686.279296875,-1.9314605
2812,686.5234375,-2.1073503
2813,686.767578125,-2.3316438
2814,687.01171875,-2.4685771
2815,687.255859375,-2.6224246
2816,687.5,-2.7978644
2817,687.744140625,-2.9379468
2818,687.98828125,-3.0504084
2819,688.232421875,-3.180594
2820,688.4765625,-3.3013325
2821,688.720703125,-3.4637272
2822,688.96484375,-3.5514472
2823,689.208984375,-3.6702068
2824,689.453125,-3.6793838
2825,689.697265625,-3.6571612
2826,689.94140625,-3.5865352
2827,690.185546875,-3.6043491
2828,690.4296875,-3.5675519
2829,690.673828125,-3.4622877
2830,690.91796875,-3.353875
2831,691.162109375,-3.2882872
2832,691.40625,-3.1343496
2833,691.650390625,-2.9362373
2834,691.89453125,-2.7785213
2835,692.138671875,-2.600022
2836,692.3828125,-2.424312
2837,692.626953125,-2.1981292
2838,692.87109375,-1.9879613
2839,693.115234375,-1.7137349
2840,693.359375,-1.4868323
2841,693.603515625,-1.2180041
2842,693.84765625,-0.9844438
2843,694.091796875,-0.7150758
2844,694.3359375,-0.42906347
2845,694.580078125,-0.22357365
2846,694.82421875,0.12151475
2847,695.068359375,0.3857433
2848,695.3125,0.70760834
2849,695.556640625,1.0005146
2850,695.80078125,1.2798692
2851,696.044921875,1.5422422
2852,696.2890625,1.7785239
2853,696.533203125,1.9960246
2854,696.77734375,2.162524
2855,697.021484375,2.321376
2856,697.265625,2.5203207
2857,697.509765625,2.6474586
2858,697.75390625,2.7719536
2859,697.998046875,2.9277127
2860,698.2421875,3.0658157
2861,698.486328125,3.1975644
2862,698.73046875,3.2673469
2863,698.974609375,3.4288979
2864,699.21875,3.5293822
2865,699.462890625,3.528539
2866,699.70703125,3.5255585
2867,699.951171875,3.522016
2868,700.1953125,3.49615
2869,700.439453125,3.4185514
2870,700.68359375,3.3481505
2871,700.927734375,3.2653227
2872,701.171875,3.13706
2873,701.416015625,2.9831002
2874,701.66015625,2.8352692
2875,701.904296875,2.6910372
2876,702.1484375,2.5186336
2877,702.392578125,2.336952
2878,702.63671875,2.1872094
2879,702.880859375,1.9081922
2880,703.125,1.6367661
2881,703.369140625,1.4017776
2882,703.61328125,1.14604
2883,703.857421875,0.8823737
2884,704.1015625,0.6179203
2885,704.345703125,0.3540291
2886,704.58984375,0.1005969
2887,704.833984375,-0.20917857
2888,705.078125,-0.46406153
2889,705.322265625,-0.78345245
2890,705.56640625,-1.1039231
2891,705.810546875,-1.3752704
2892,706.0546875,-1.6396002
2893,706.298828125,-1.8915142
2894,706.54296875,-2.1002429
2895,706.787109375,-2.316529
2896,707.03125,-2.480003
2897,707.275390625,-2.6349301
2898,707.51953125,-2.7597177
2899,707.763671875,-2.881986
2900,708.0078125,-3.0791087
2901,708.251953125,-3.1543229
2902,708.49609375,-3.3110495
2903,708.740234375,-3.4666963
2904,708.984375,-3.5856357
2905,709.228515625,-3.6474447
2906,709.47265625,-3.693239
2907,709.716796875,-3.7176206
2908,709.9609375,-3.6528425
2909,710.205078125,-3.6023698
2910,710.44921875,-3.5866253
2911,710.693359375,-3.4716446
2912,710.9375,-3.3587332
2913,711.181640625,-3.285768
2914,711.42578125,-3.1620603
2915,711.669921875,-2.9802325
2916,711.9140625,-2.784729
2917,712.158203125,-2.6352901
2918,712.40234375,-2.43088
2919,712.646484375,-2.2515712
2920,712.890625,-2.0423927
2921,713.134765625,-1.8073028
2922,713.37890625,-1.5710436
2923,713.623046875,-1.2755845
2924,713.8671875,-1.0226808
2925,714.111328125,-0.7861515
2926,714.35546875,-0.52695006
2927,714.599609375,-0.24399666
2928,714.84375,0.060448106
2929,715.087890625,0.30550194
2930,715.33203125,0.64474237
2931,715.576171875,0.9116699
2932,715.8203125,1.2042949
2933,716.064453125,1.4973699
2934,716.30859375,1.6608891
2935,716.552734375,1.9719018
2936,716.796875,2.140594
2937,717.041015625,2.3555644
2938,717.28515625,2.4934423
2939,717.529296875,2.675405
2940,717.7734375,2.8255978
2941,718.017578125,2.8967297
2942,718.26171875,3.0419176
2943,718.505859375,3.1927285
2944,718.75,3.282304
2945,718.994140625,3.409723
2946,719.23828125,3.5343869
2947,719.482421875,3.6158652
2948,719.7265625,3.5652575
2949,719.970703125,3.5283139
2950,720.21484375,3.5458016
2951,720.458984375,3.480799
2952,720.703125,3.3478131
2953,720.947265625,3.3266704
2954,721.19140625,3.2158394
2955,721.435546875,3.0638475
2956,721.6796875,2.8984728
2957,721.923828125,2.7217393
2958,722.16796875,2.4884942
2959,722.412109375,2.3628182
2960,722.65625,2.1978931
2961,722.900390625,1.9949563
2962,723.14453125,1.7466973
2963,723.388671875,1.4528352
2964,723.6328125,1.2292054
2965,723.876953125,0.92831427
2966,724.12109375,0.66650367
2967,724.365234375,0.4366884
2968,724.609375,0.1553657
2969,724.853515625,-0.15969548
2970,725.09765625,-0.3903767
2971,725.341796875,-0.7546623
2972,725.5859375,-1.0326674
2973,725.830078125,-1.3284864
2974,726.07421875,-1.6007334
2975,726.318359375,-1.8375325
2976,726.5625,-2.0643451
2977,726.806640625,-2.258139
2978,727.05078125,-2.492689
2979,727.294921875,-2.655983
2980,727.5390625,-2.7937262
2981,727.783203125,-2.9155445
2982,728.02734375,-3.0506783
2983,728.271484375,-3.1714172
2984,728.515625,-3.2745218
2985,728.759765625,-3.4204519
2986,729.00390625,-3.5689914
2987,729.248046875,-3.6801033
2988,729.4921875,-3.6913495
2989,729.736328125,-3.724818
2990,729.98046875,-3.6971977
2991,730.224609375,-3.6312501
2992,730.46875,-3.5941827
2993,730.712890625,-3.5827568
2994,730.95703125,-3.4303486
2995,731.201171875,-3.3205862
2996,731.4453125,-3.197328
2997,731.689453125,-3.086306
2998,731.93359375,-2.8934119
2999,732.177734375,-2.6723576
3000,732.421875,-2.533175
3001,732.666015625,-2.3426201
3002,732.91015625,-2.1158974
3003,733.154296875,-1.8792783
3004,733.3984375,-1.6234057
3005,733.642578125,-1.3466601
3006,733.88671875,-1.0920471
3007,734.130859375,-0.8480504
3008,734.375,-0.570945
3009,734.619140625,-0.3318067
3010,734.86328125,-0.035267957
3011,735.107421875,0.27176344
3012,735.3515625,0.5510056
3013,735.595703125,0.8433496
3014,735.83984375,1.1719061
3015,736.083984375,1.3887321
3016,736.328125,1.644751
3017,736.572265625,1.8814825
3018,736.81640625,2.0917857
3019,737.060546875,2.2884247
3020,737.3046875,2.4465458
3021,737.548828125,2.599381
3022,737.79296875,2.769873
3023,738.037109375,2.8906004
3024,738.28125,3.0032868
3025,738.525390625,3.128007
3026,738.76953125,3.3045716
3027,739.013671875,3.411129
3028,739.2578125,3.5377045
3029,739.501953125,3.5975902
3030,739.74609375,3.597084
3031,739.990234375,3.5254462
3032,740.234375,3.5189795
3033,740.478515625,3.5387166
3034,740.72265625,3.4280543
3035,740.966796875,3.2981613
3036,741.2109375,3.2693713
3037,741.455078125,3.117773
3038,741.69921875,2.9389591
3039,741.943359375,2.7944458
3040,742.1875,2.6083782
3041,742.431640625,2.464315
3042,742.67578125,2.2767851
3043,742.919921875,2.0281887
3044,743.1640625,1.8077078
3045,743.408203125,1.5409489
3046,743.65234375,1.3064663
3047,743.896484375,1.0413382
3048,744.140625,0.76715684
3049,744.384765625,0.491401
3050,744.62890625,0.21412688
3051,744.873046875,-0.008187205
3052,745.1171875,-0.34944066
3053,745.361328125,-0.6105315
3054,745.60546875,-0.95637345
3055,745.849609375,-1.2702762
3056,746.09375,-1.4987082
3057,746.337890625,-1.7663668
3058,746.58203125,-1.9879613
3059,746.826171875,-2.1983094
3060,747.0703125,-2.3528767
3061,747.314453125,-2.556477
3062,747.55859375,-2.7326367
3063,747.802734375,-2.826295
3064,748.046875,-2.9674568
3065,748.291015625,-3.151084
3066,748.53515625,-3.2225196
3067,748.779296875,-3.3527052
3068,749.0234375,-3.5042133
3069,749.267578125,-3.654462
3070,749.51171875,-3.637548
3071,749.755859375,-3.680733
3072,750.0,-3.6855915
3073,750.244140625,-3.6482542
3074,750.48828125,-3.595802
3075,750.732421875,-3.5122206
3076,750.9765625,-3.4729042
3077,751.220703125,-3.3601727
3078,751.46484375,-3.256438
3079,751.708984375,-3.0725408
3080,751.953125,-2.9448743
3081,752.197265625,-2.749371
3082,752.44140625,-2.5698826
3083,752.685546875,-2.4020898
3084,752.9296875,-2.1775265
3085,753.173828125,-1.9101379
3086,753.41796875,-1.7091464
3087,753.662109375,-1.4657795
3088,753.90625,-1.2159348
3089,754.150390625,-0.92146534
3090,754.39453125,-0.6674821
3091,754.638671875,-0.39973348
3092,754.8828125,-0.14745966
3093,755.126953125,0.14991131
3094,755.37109375,0.47931132
3095,755.615234375,0.77547896
3096,755.859375,1.0349278
3097,756.103515625,1.3241229
3098,756.34765625,1.5778362
3099,756.591796875,1.7594618
3100,756.8359375,2.004122
3101,757.080078125,2.2411346
3102,757.32421875,2.4098835
3103,757.568359375,2.5470865
3104,757.8125,2.707288
3105,758.056640625,2.8721569
3106,758.30078125,3.0025558
3107,758.544921875,3.086396
3108,758.7890625,3.2239366
3109,759.033203125,3.392404
3110,759.27734375,3.4578567
3111,759.521484375,3.6042256
3112,759.765625,3.6319473
3113,760.009765625,3.6006267
3114,760.25390625,3.544677
3115,760.498046875,3.4867032
3116,760.7421875,3.4407065
3117,760.986328125,3.334655
3118,761.23046875,3.2327087
3119,761.474609375,3.1396465
3120,761.71875,3.021281
3121,761.962890625,2.8187375
3122,762.20703125,2.632726
3123,762.451171875,2.4361992
3124,762.6953125,2.2714994
3125,762.939453125,2.0820014
3126,763.18359375,1.8410527
3127,763.427734375,1.6325488
3128,763.671875,1.3827153
3129,763.916015625,1.1021799
3130,764.16015625,0.8165275
3131,764.404296875,0.55707854
3132,764.6484375,0.3122496
3133,764.892578125,0.0047233873
3134,765.13671875,-0.25470302
3135,765.380859375,-0.5322582
3136,765.625,-0.85614765
3137,765.869140625,-1.1231765
3138,766.11328125,-1.4203451
3139,766.357421875,-1.6422993
3140,766.6015625,-1.8787385
3141,766.845703125,-2.135331
3142,767.08984375,-2.258139
3143,767.333984375,-2.4434757
3144,767.578125,-2.617746
3145,767.822265625,-2.7482915
3146,768.06640625,-2.879377
3147,768.310546875,-3.0152302
3148,768.5546875,-3.1899507
3149,768.798828125,-3.2696636
3150,769.04296875,-3.4052472
3151,769.287109375,-3.549108
3152,769.53125,-3.6417766
3153,769.775390625,-3.6019201
3154,770.01953125,-3.648794
3155,770.263671875,-3.6134362
3156,770.5078125,-3.6012902
3157,770.751953125,-3.5071824
3158,770.99609375,-3.45581
3159,771.240234375,-3.3769069
3160,771.484375,-3.2727222
3161,771.728515625,-3.124723
3162,771.97265625,-2.9973266
3163,772.216796875,-2.7796907
3164,772.4609375,-2.597053
3165,772.705078125,-2.451303
3166,772.94921875,-2.2820709
3167,773.193359375,-2.082069
3168,773.4375,-1.7792324
3169,773.681640625,-1.5386546
3170,773.92578125,-1.312022
3171,774.169921875,-1.0587584
3172,774.4140625,-0.76527864
3173,774.658203125,-0.5150741
3174,774.90234375,-0.2512842
3175,775.146484375,0.053756643
3176,775.390625,0.33434832
3177,775.634765625,0.618595
3178,775.87890625,0.9383233
3179,776.123046875,1.1730869
3180,776.3671875,1.4391711
3181,776.611328125,1.6551535
3182,776.85546875,1.8502182
3183,777.099609375,2.082845
3184,777.34375,2.2851074
3185,777.587890625,2.4387298
3186,777.83203125,2.5722218
3187,778.076171875,2.7108307
3188,778.3203125,2.8580427
3189,778.564453125,2.9581337
3190,778.80859375,3.1330113
3191,779.052734375,3.276175
3192,779.296875,3.399208
3193,779.541015625,3.4725893
3194,779.78515625,3.5175176
3195,780.029296875,3.4806302
3196,780.2734375,3.4425058
3197,780.517578125,3.415796
3198,780.76171875,3.3904924
3199,781.005859375,3.3404467
3200,781.25,3.2290535
3201,781.494140625,3.0928066
3202,781.73828125,3.002331
3203,781.982421875,2.8080535
3204,782.2265625,2.673943
3205,782.470703125,2.5307233
3206,782.71484375,2.3787878
3207,782.958984375,2.1531897
3208,783.203125,1.9582938
3209,783.447265625,1.6787705
3210,783.69140625,1.4760585
3211,783.935546875,1.1907997
3212,784.1796875,0.93298143
3213,784.423828125,0.6706647
3214,784.66796875,0.40947267
3215,784.912109375,0.13141137
3216,785.15625,-0.13171503
3217,785.400390625,-0.40585142
3218,785.64453125,-0.7093178
3219,785.888671875,-1.0063963
3220,786.1328125,-1.2933983
3221,786.376953125,-1.5636661
3222,786.62109375,-1.7559304
3223,786.865234375,-2.0075746
3224,787.109375,-2.2161233
3225,787.353515625,-2.3493676
3226,787.59765625,-2.5270572
3227,787.841796875,-2.6495054
3228,788.0859375,-2.8093805
3229,788.330078125,-2.9310193
3230,788.57421875,-3.040062
3231,788.818359375,-3.2434826
3232,789.0625,-3.376637
3233,789.306640625,-3.4218917
3234,789.55078125,-3.5569355
3235,789.794921875,-3.5920234
3236,790.0390625,-3.581317
3237,790.283203125,-3.6007504
3238,790.52734375,-3.5921133
3239,790.771484375,-3.5390315
3240,791.015625,-3.4186525
3241,791.259765625,-3.3829348
3242,791.50390625,-3.268674
3243,791.748046875,-3.159451
3244,791.9921875,-2.9443345
3245,792.236328125,-2.8240457
3246,792.48046875,-2.6370895
3247,792.724609375,-2.4972773
3248,792.96875,-2.2954762
3249,793.212890625,-2.060836
3250,793.45703125,-1.8540869
3251,793.701171875,-1.557908
3252,793.9453125,-1.3525082
3253,794.189453125,-1.1281248
3254,794.43359375,-0.8080141
3255,794.677734375,-0.5673463
3256,794.921875,-0.29563907
3257,795.166015625,-0.013135514
3258,795.41015625,0.2974609
3259,795.654296875,0.5891863
3260,795.8984375,0.8882217
3261,796.142578125,1.1488515
3262,796.38671875,1.4268003
3263,796.630859375,1.6783769
3264,796.875,1.8612957
3265,797.119140625,2.060184
3266,797.36328125,2.268238
3267,797.607421875,2.4595914
3268,797.8515625,2.5297112
3269,798.095703125,2.711955
3270,798.33984375,2.8420734
3271,798.583984375,2.9669056
3272,798.828125,3.1054583
3273,799.072265625,3.2460916
3274,799.31640625,3.3638952
3275,799.560546875,3.4709022
3276,799.8046875,3.548782
3277,800.048828125,3.5701497
3278,800.29296875,3.4983993
3279,800.537109375,3.4812486
3280,800.78125,3.4296288
3281,801.025390625,3.396003
3282,801.26953125,3.2838786
3283,801.513671875,3.1454384
3284,801.7578125,3.069077
3285,802.001953125,2.9135425
3286,802.24609375,2.7383835
3287,802.490234375,2.5438251
3288,802.734375,2.3810933
3289,802.978515625,2.2157183
3290,803.22265625,1.96566
3291,803.466796875,1.7198752
3292,803.7109375,1.4835933
3293,803.955078125,1.258614
3294,804.19921875,0.94872606
3295,804.443359375,0.70282876
3296,804.6875,0.42729783
3297,804.931640625,0.18353733
3298,805.17578125,-0.084211245
3299,805.419921875,-0.40594137
3300,805.6640625,-0.6606444
3301,805.908203125,-0.99335086
3302,806.15234375,-1.2713559
3303,806.396484375,-1.566815
3304,806.640625,-1.7782428
3305,806.884765625,-2.0109034
3306,807.12890625,-2.2477925
3307,807.373046875,-2.398401
3308,807.6171875,-2.5000663
3309,807.861328125,-2.7018673
3310,808.10546875,-2.8720894
3311,808.349609375,-2.9688962
3312,808.59375,-3.1109576
3313,808.837890625,-3.2369146
3314,809.08203125,-3.3617022
3315,809.326171875,-3.490718
3316,809.5703125,-3.596162
3317,809.814453125,-3.698727
3318,810.05859375,-3.6649885
3319,810.302734375,-3.6378176
3320,810.546875,-3.619824
3321,810.791015625,-3.578348
3322,811.03515625,-3.4841502
3323,811.279296875,-3.4025483
3324,811.5234375,-3.3107796
3325,811.767578125,-3.233046
3326,812.01171875,-3.0534675
3327,812.255859375,-2.8635423
3328,812.5,-2.7373152
3329,812.744140625,-2.5126622
3330,812.98828125,-2.3444195
3331,813.232421875,-2.1185966
3332,813.4765625,-1.8889949
3333,813.720703125,-1.6475174
3334,813.96484375,-1.3758101
3335,814.208984375,-1.1443192
3336,814.453125,-0.8905159
3337,814.697265625,-0.623667
3338,814.94140625,-0.36554518
3339,815.185546875,-0.08133223
3340,815.4296875,0.2354946
3341,815.673828125,0.4886456
3342,815.91796875,0.8152341
3343,816.162109375,1.1429473
3344,816.40625,1.3544875
3345,816.650390625,1.6351354
3346,816.89453125,1.839422
3347,817.138671875,2.0531552
3348,817.3828125,2.2902803
3349,817.626953125,2.4318695
3350,817.87109375,2.6147323
3351,818.115234375,2.718253
3352,818.359375,2.8492708
3353,818.603515625,2.9826503
3354,818.84765625,3.1188974
3355,819.091796875,3.2598681
3356,819.3359375,3.3878496
3357,819.580078125,3.4969373
3358,819.82421875,3.550244
3359,820.068359375,3.5709932
3360,820.3125,3.522747
3361,820.556640625,3.531969
3362,820.80078125,3.4738824
3363,821.044921875,3.405056
3364,821.2890625,3.3600152
3365,821.533203125,3.2239366
3366,821.77734375,3.0868459
3367,822.021484375,2.9608326
3368,822.265625,2.769142
3369,822.509765625,2.5947702
3370,822.75390625,2.420286
3371,822.998046875,2.262896
3372,823.2421875,2.065245
3373,823.486328125,1.820697
3374,823.73046875,1.5547254
3375,823.974609375,1.2947704
3376,824.21875,1.0177776
3377,824.462890625,0.79156095
3378,824.70703125,0.51051944
3379,824.951171875,0.2656343
3380,825.1953125,-0.025281368
3381,825.439453125,-0.32415932
3382,825.68359375,-0.6108014
3383,825.927734375,-0.89411473
3384,826.171875,-1.1380213
3385,826.416015625,-1.446796
3386,826.66015625,-1.7149944
3387,826.904296875,-1.8996112
3388,827.1484375,-2.1755471
3389,827.392578125,-2.3343427
3390,827.63671875,-2.4845917
3391,827.880859375,-2.63556
3392,828.125,-2.778881
3393,828.369140625,-2.8987203
3394,828.61328125,-3.0235975
3395,828.857421875,-3.1524336
3396,829.1015625,-3.3019624
3397,829.345703125,-3.4398854
3398,829.58984375,-3.5249064
3399,829.833984375,-3.6402469
3400,830.078125,-3.6612098
3401,830.322265625,-3.6150556
3402,830.56640625,-3.5899541
3403,830.810546875,-3.6023698
3404,831.0546875,-3.5502777
3405,831.298828125,-3.450322
3406,831.54296875,-3.3572936
3407,831.787109375,-3.2513099
3408,832.03125,-3.1051996
3409,832.275390625,-2.9088867
3410,832.51953125,-2.7589078
3411,832.763671875,-2.618646
3412,833.0078125,-2.407848
3413,833.251953125,-2.2114449
3414,833.49609375,-2.0134225
3415,833.740234375,-1.736947
3416,833.984375,-1.4897113
3417,834.228515625,-1.2166545
3418,834.47265625,-0.99020183
3419,834.716796875,-0.7010406
3420,834.9609375,-0.4191669
3421,835.205078125,-0.14134175
3422,835.44921875,0.12933084
3423,835.693359375,0.41520822
3424,835.9375,0.77086806
3425,836.181640625,1.0127729
3426,836.42578125,1.2969072
3427,836.669921875,1.5165447
3428,836.9140625,1.7817852
3429,837.158203125,1.9805613
3430,837.40234375,2.1780438
3431,837.646484375,2.3633244
3432,837.890625,2.5343783
3433,838.134765625,2.690025
3434,838.37890625,2.7880917
3435,838.623046875,2.9242265
3436,838.8671875,3.083022
3437,839.111328125,3.2337208
3438,839.35546875,3.3315625
3439,839.599609375,3.466685
3440,839.84375,3.5236468
3441,840.087890625,3.5303383
3442,840.33203125,3.5044723
3443,840.576171875,3.4855223
3444,840.8203125,3.4629176
3445,841.064453125,3.413322
3446,841.30859375,3.3389287
3447,841.552734375,3.2680779
3448,841.796875,3.1091695
3449,842.041015625,2.9773083
3450,842.28515625,2.8104715
3451,842.529296875,2.6400359
3452,842.7734375,2.4882128
3453,843.017578125,2.2562609
3454,843.26171875,2.120126
3455,843.505859375,1.8666939
3456,843.75,1.6421642
3457,843.994140625,1.37996
3458,844.23828125,1.1031358
3459,844.482421875,0.8873782
3460,844.7265625,0.584238
3461,844.970703125,0.33395472
3462,845.21484375,0.076923735
3463,845.458984375,-0.2184454
3464,845.703125,-0.4863739
3465,845.947265625,-0.80756426
3466,846.19140625,-1.0828702
3467,846.435546875,-1.3663634
3468,846.6796875,-1.6640718
3469,846.923828125,-1.850668
3470,847.16796875,-2.0315962
3471,847.412109375,-2.2741535
3472,847.65625,-2.4588604
3473,847.900390625,-2.612078
3474,848.14453125,-2.737945
3475,848.388671875,-2.9165342
3476,848.6328125,-3.027826
3477,848.876953125,-3.136419
3478,849.12109375,-3.2575176
3479,849.365234375,-3.400209
3480,849.609375,-3.5338132
3481,849.853515625,-3.6648986
3482,850.09765625,-3.6834323
3483,850.341796875,-3.657971
3484,850.5859375,-3.6529326
3485,850.830078125,-3.6155052
3486,851.07421875,-3.5690813
3487,851.318359375,-3.4922476
3488,851.5625,-3.3934612
3489,851.806640625,-3.2937753
3490,852.05078125,-3.1850924
3491,852.294921875,-3.0208085
3492,852.5390625,-2.81118
3493,852.783203125,-2.6191857
3494,853.02734375,-2.4737954
3495,853.271484375,-2.2587686
3496,853.515625,-2.046531
3497,853.759765625,-1.8176494
3498,854.00390625,-1.5619566
3499,854.248046875,-1.294208
3500,854.4921875,-1.0380656
3501,854.736328125,-0.77445555
3502,854.98046875,-0.5116553
3503,855.224609375,-0.20899864
3504,855.46875,0.087495126
3505,855.712890625,0.3523422
3506,855.95703125,0.65508884
3507,856.201171875,0.9722305
3508,856.4453125,1.2655866
3509,856.689453125,1.51199
3510,856.93359375,1.7040744
3511,857.177734375,1.9913576
3512,857.421875,2.1601624
3513,857.666015625,2.3467362
3514,857.91015625,2.518184
3515,858.154296875,2.7060509
3516,858.3984375,2.8072662
3517,858.642578125,2.9327736
3518,858.88671875,3.0932002
3519,859.130859375,3.2365885
3520,859.375,3.3045154
3521,859.619140625,3.427942
3522,859.86328125,3.5684063
3523,860.107421875,3.6156967
3524,860.3515625,3.5583975
3525,860.595703125,3.5267394
3526,860.83984375,3.5470388
3527,861.083984375,3.4662914
3528,861.328125,3.360465
3529,861.572265625,3.2686963
3530,861.81640625,3.2151647
3531,862.060546875,3.0443916
3532,862.3046875,2.8797479
3533,862.548828125,2.7054324
3534,862.79296875,2.51824
3535,863.037109375,2.3559017
3536,863.28125,2.1706777
3537,863.525390625,1.9359702
3538,863.76953125,1.6991823
3539,864.013671875,1.4052076
3540,864.2578125,1.1969287
3541,864.501953125,0.9440589
3542,864.74609375,0.64086246
3543,864.990234375,0.3948527
3544,865.234375,0.114991985
3545,865.478515625,-0.15033866
3546,865.72265625,-0.4829551
3547,865.966796875,-0.75070363
3548,866.2109375,-1.0460728
3549,866.455078125,-1.3226384
3550,866.69921875,-1.5730228
3551,866.943359375,-1.8190888
3552,867.1875,-2.0547183
3553,867.431640625,-2.2383456
3554,867.67578125,-2.451123
3555,867.919921875,-2.6256633
3556,868.1640625,-2.735066
3557,868.408203125,-2.890533
3558,868.65234375,-3.0190992
3559,868.896484375,-3.206415
3560,869.140625,-3.2868476
3561,869.384765625,-3.4224315
3562,869.62890625,-3.566472
3563,869.873046875,-3.695848
3564,870.1171875,-3.7021458
3565,870.361328125,-3.725808
3566,870.60546875,-3.7129421
3567,870.849609375,-3.6743455
3568,871.09375,-3.6523929
3569,871.337890625,-3.5925632
3570,871.58203125,-3.4905381
3571,871.826171875,-3.3663805
3572,872.0703125,-3.232686
3573,872.314453125,-3.0682223
3574,872.55859375,-2.8775773
3575,872.802734375,-2.6801848
3576,873.046875,-2.5319154
3577,873.291015625,-2.3275952
3578,873.53515625,-2.1185966
3579,873.779296875,-1.8519276
3580,874.0234375,-1.5826496
3581,874.267578125,-1.3240778
3582,874.51171875,-1.0401348
3583,874.755859375,-0.7777844
3584,875.0,-0.56086844
3585,875.244140625,-0.2272624
3586,875.48828125,0.058817413
3587,875.732421875,0.34767503
3588,875.9765625,0.66492915
3589,876.220703125,0.96081567
3590,876.46484375,1.293477
3591,876.708984375,1.5559624
3592,876.953125,1.7757125
3593,877.197265625,1.989502
3594,877.44140625,2.1873217
3595,877.685546875,2.4136508
3596,877.9296875,2.5742462
3597,878.173828125,2.7048702
3598,878.41796875,2.8565247
3599,878.662109375,2.985237
3600,878.90625,3.074194
3601,879.150390625,3.2510397
3602,879.39453125,3.380427
3603,879.638671875,3.4942381
3604,879.8828125,3.5833077
3605,880.126953125,3.6422377
3606,880.37109375,3.6317785
3607,880.615234375,3.562671
3608,880.859375,3.5484445
3609,881.103515625,3.5727363
3610,881.34765625,3.4556637
3611,881.591796875,3.3076644
3612,881.8359375,3.2290535
3613,882.080078125,3.128288
3614,882.32421875,2.9039834
3615,882.568359375,2.764531
3616,882.8125,2.6155195
3617,883.056640625,2.447558
3618,883.30078125,2.2301695
3619,883.544921875,2.0298193
3620,883.7890625,1.7748127
3621,884.033203125,1.5179504
3622,884.27734375,1.2716595
3623,884.521484375,1.0089493
3624,884.765625,0.7538863
3625,885.009765625,0.5053462
3626,885.25390625,0.17830786
3627,885.498046875,-0.05227215
3628,885.7421875,-0.32604867
3629,885.986328125,-0.60576314
3630,886.23046875,-0.9380197
3631,886.474609375,-1.2342886
3632,886.71875,-1.502307
3633,886.962890625,-1.7723948
3634,887.20703125,-1.9919198
3635,887.451171875,-2.2084758
3636,887.6953125,-2.3770783
3637,887.939453125,-2.559266
3638,888.18359375,-2.729848
3639,888.427734375,-2.828994
3640,888.671875,-2.9620585
3641,888.916015625,-3.112757
3642,889.16015625,-3.245102
3643,889.404296875,-3.3754673
3644,889.6484375,-3.493867
3645,889.892578125,-3.6913495
3646,890.13671875,-3.7124922
3647,890.380859375,-3.7240984
3648,890.625,-3.724368
3649,890.869140625,-3.7030454
3650,891.11328125,-3.6465447
3651,891.357421875,-3.5896842
3652,891.6015625,-3.5238268
3653,891.845703125,-3.4109154
3654,892.08984375,-3.2545485
3655,892.333984375,-3.1400177
3656,892.578125,-2.9367774
3657,892.822265625,-2.7933662
3658,893.06640625,-2.5930946
3659,893.310546875,-2.3889542
3660,893.5546875,-2.178876
3661,893.798828125,-1.9355091
3662,894.04296875,-1.6770273
3663,894.287109375,-1.4447266
3664,894.53125,-1.2002802
3665,894.775390625,-0.9130083
3666,895.01953125,-0.65416664
3667,895.263671875,-0.3683342
3668,895.5078125,-0.07341493
3669,895.751953125,0.20777279
3670,895.99609375,0.5013538
3671,896.240234375,0.7791902
3672,896.484375,1.0876161
3673,896.728515625,1.3819844
3674,896.97265625,1.6476748
3675,897.216796875,1.8765342
3676,897.4609375,2.095722
3677,897.705078125,2.3046756
3678,897.94921875,2.4507632
3679,898.193359375,2.603711
3680,898.4375,2.7597516
3681,898.681640625,2.898754
3682,898.92578125,2.9829876
3683,899.169921875,3.1033778
3684,899.4140625,3.2835977
3685,899.658203125,3.3778965
3686,899.90234375,3.5055966
3687,900.146484375,3.5486696
3688,900.390625,3.6079369
3689,900.634765625,3.5948913
3690,900.87890625,3.4974432
3691,901.123046875,3.4992988
3692,901.3671875,3.4567883
3693,901.611328125,3.3388724
3694,901.85546875,3.2273107
3695,902.099609375,3.1388032
3696,902.34375,2.9943461
3697,902.587890625,2.796695
3698,902.83203125,2.619568
3699,903.076171875,2.4420474
3700,903.3203125,2.2925858
3701,903.564453125,2.0727234
3702,903.80859375,1.8542106
3703,904.052734375,1.6427828
3704,904.296875,1.380691
3705,904.541015625,1.0690037
3706,904.78515625,0.84947866
3707,905.029296875,0.61943847
3708,905.2734375,0.30679524
3709,905.517578125,0.0310394
3710,905.76171875,-0.20800897
3711,906.005859375,-0.5100359
3712,906.25,-0.85587776
3713,906.494140625,-1.1498973
3714,906.73828125,-1.3901153
3715,906.982421875,-1.631323
3716,907.2265625,-1.8675822
3717,907.470703125,-2.1160774
3718,907.71484375,-2.2895381
3719,907.958984375,-2.4718158
3720,908.203125,-2.638799
3721,908.447265625,-2.7866185
3722,908.69140625,-2.8878338
3723,908.935546875,-3.0111818
3724,909.1796875,-3.1723168
3725,909.423828125,-3.3015127
3726,909.66796875,-3.4213517
3727,909.912109375,-3.5633233
3728,910.15625,-3.6618395
3729,910.400390625,-3.66076
3730,910.64453125,-3.6587806
3731,910.888671875,-3.6747952
3732,911.1328125,-3.6457353
3733,911.376953125,-3.549468
3734,911.62109375,-3.4774027
3735,911.865234375,-3.4366465
3736,912.109375,-3.3135686
3737,912.353515625,-3.1494646
3738,912.59765625,-2.9852707
3739,912.841796875,-2.8294437
3740,913.0859375,-2.6748765
3741,913.330078125,-2.4722657
3742,913.57421875,-2.2647066
3743,913.818359375,-2.0270977
3744,914.0625,-1.7529614
3745,914.306640625,-1.5304674
3746,914.55078125,-1.2816123
3747,914.794921875,-1.012964
3748,915.0390625,-0.76527864
3749,915.283203125,-0.48988274
3750,915.52734375,-0.19154459
3751,915.771484375,0.06112288
3752,916.015625,0.36105797
3753,916.259765625,0.6764565
3754,916.50390625,0.9639646
3755,916.748046875,1.253497
3756,916.9921875,1.5130583
3757,917.236328125,1.7206062
3758,917.48046875,1.9372073
3759,917.724609375,2.12648
3760,917.96875,2.305294
3761,918.212890625,2.4544742
3762,918.45703125,2.6066349
3763,918.701171875,2.747943
3764,918.9453125,2.8756993
3765,919.189453125,2.9905226
3766,919.43359375,3.1285129
3767,919.677734375,3.2836537
3768,919.921875,3.398196
3769,920.166015625,3.4539769
3770,920.41015625,3.523928
3771,920.654296875,3.5149872
3772,920.8984375,3.4604435
3773,921.142578125,3.3891428
3774,921.38671875,3.3920667
3775,921.630859375,3.3289196
3776,921.875,3.2178075
3777,922.119140625,3.112206
3778,922.36328125,3.0180194
3779,922.607421875,2.8445475
3780,922.8515625,2.6336818
3781,923.095703125,2.5224574
3782,923.33984375,2.3933513
3783,923.583984375,2.1649983
3784,923.828125,1.9036375
3785,924.072265625,1.71667
3786,924.31640625,1.482525
3787,924.560546875,1.236684
3788,924.8046875,0.9321379
3789,925.048828125,0.6960248
3790,925.29296875,0.41801977
3791,925.537109375,0.16143863
3792,925.78125,-0.10085557
3793,926.025390625,-0.38272932
3794,926.26953125,-0.70706856
3795,926.513671875,-0.9513352
3796,926.7578125,-1.2576805
3797,927.001953125,-1.5241696
3798,927.24609375,-1.7510722
3799,927.490234375,-1.9562919
3800,927.734375,-2.1665502
3801,927.978515625,-2.331194
3802,928.22265625,-2.5073538
3803,928.466796875,-2.6636305
3804,928.7109375,-2.805242
3805,928.955078125,-2.9289498
3806,929.19921875,-3.0468996
3807,929.443359375,-3.233316
3808,929.6875,-3.3299427
3809,929.931640625,-3.4882889
3810,930.17578125,-3.57286
3811,930.419921875,-3.6443856
3812,930.6640625,-3.5948126
3813,930.908203125,-3.60219
3814,931.15234375,-3.60138
3815,931.396484375,-3.593193
3816,931.640625,-3.4803717
3817,931.884765625,-3.400029
3818,932.12890625,-3.3038518
3819,932.373046875,-3.154233
3820,932.6171875,-3.0006554
3821,932.861328125,-2.8264747
3822,933.10546875,-2.6542735
3823,933.349609375,-2.4907994
3824,933.59375,-2.3012342
3825,933.837890625,-2.081979
3826,934.08203125,-1.81567
3827,934.326171875,-1.5880477
3828,934.5703125,-1.3653738
3829,934.814453125,-1.104013
3830,935.05859375,-0.8673938
3831,935.302734375,-0.5247008
3832,935.546875,-0.28871143
3833,935.791015625,0.021930011
3834,936.03515625,0.24499758
3835,936.279296875,0.5898048
3836,936.5234375,0.89541924
3837,936.767578125,1.1641462
3838,937.01171875,1.4337168
3839,937.255859375,1.6744969
3840,937.5,1.8851937
3841,937.744140625,2.0547297
3842,937.98828125,2.2778535
3843,938.232421875,2.421242
3844,938.4765625,2.5915089
3845,938.720703125,2.6827714
3846,938.96484375,2.8686705
3847,939.208984375,3.0013187
3848,939.453125,3.0679524
3849,939.697265625,3.2235992
3850,939.94140625,3.3490503
3851,940.185546875,3.4500408
3852,940.4296875,3.4870405
3853,940.673828125,3.4932823
3854,940.91796875,3.472814
3855,941.162109375,3.4192262
3856,941.40625,3.3660882
3857,941.650390625,3.3394346
3858,941.89453125,3.263692
3859,942.138671875,3.1198535
3860,942.3828125,3.0368567
3861,942.626953125,2.9023526
3862,942.87109375,2.69368
3863,943.115234375,2.5356154
3864,943.359375,2.3614123
3865,943.603515625,2.186366
3866,943.84765625,1.9638044
3867,944.091796875,1.7196503
3868,944.3359375,1.4932652
3869,944.580078125,1.2550153
3870,944.82421875,0.9709372
3871,945.068359375,0.726277
3872,945.3125,0.46688432
3873,945.556640625,0.18050086
3874,945.80078125,-0.07539426
3875,946.044921875,-0.3918162
3876,946.2890625,-0.67746866
3877,946.533203125,-0.94656676
3878,946.77734375,-1.3299259
3879,947.021484375,-1.5821998
3880,947.265625,-1.7759935
3881,947.509765625,-2.0050554
3882,947.75390625,-2.2505815
3883,947.998046875,-2.395972
3884,948.2421875,-2.5193198
3885,948.486328125,-2.6899915
3886,948.73046875,-2.9066374
3887,948.974609375,-2.9993958
3888,949.21875,-3.1290417
3889,949.462890625,-3.2237792
3890,949.70703125,-3.379606
3891,949.951171875,-3.4692154
3892,950.1953125,-3.5909438
3893,950.439453125,-3.7031355
3894,950.68359375,-3.7373238
3895,950.927734375,-3.634399
3896,951.171875,-3.6327794
3897,951.416015625,-3.6154156
3898,951.66015625,-3.4813612
3899,951.904296875,-3.4222515
3900,952.1484375,-3.3259842
3901,952.392578125,-3.2514899
3902,952.63671875,-3.047979
3903,952.880859375,-2.8768575
3904,953.125,-2.7034867
3905,953.369140625,-2.5559373
3906,953.61328125,-2.3380315
3907,953.857421875,-2.1035717
3908,954.1015625,-1.9026704
3909,954.345703125,-1.6159382
3910,954.58984375,-1.3531379
3911,954.833984375,-1.11256
3912,955.078125,-0.8591166
3913,955.322265625,-0.58884895
3914,955.56640625,-0.2741364
3915,955.810546875,-0.044264887
3916,956.0546875,0.2837406
3917,956.298828125,0.5452701
3918,956.54296875,0.8588692
3919,956.787109375,1.2029455
3920,957.03125,1.4510357
3921,957.275390625,1.6731474
3922,957.51953125,1.9121846
3923,957.763671875,2.1382325
3924,958.0078125,2.2730737
3925,958.251953125,2.4443526
3926,958.49609375,2.6133826
3927,958.740234375,2.6909811
3928,958.984375,2.8645093
3929,959.228515625,3.0251608
3930,959.47265625,3.1170418
3931,959.716796875,3.2273107
3932,959.9609375,3.3571475
3933,960.205078125,3.4983993
3934,960.44921875,3.5113885
3935,960.693359375,3.5207229
3936,960.9375,3.5100389
3937,961.181640625,3.4764693
3938,961.42578125,3.4115787
3939,961.669921875,3.3304377
3940,961.9140625,3.320316
3941,962.158203125,3.2301219
3942,962.40234375,3.0625544
3943,962.646484375,2.9261382
3944,962.890625,2.758233
3945,963.134765625,2.5965133
3946,963.37890625,2.4133697
3947,963.623046875,2.2486696
3948,963.8671875,2.044833
3949,964.111328125,1.7991606
3950,964.35546875,1.5854836
3951,964.599609375,1.3295211
3952,964.84375,1.0273367
3953,965.087890625,0.7936977
3954,965.33203125,0.5134434
3955,965.576171875,0.27963576
3956,965.8203125,-0.03769713
3957,966.064453125,-0.31804138
3958,966.30859375,-0.6411211
3959,966.552734375,-0.93720996
3960,966.796875,-1.1928127
3961,967.041015625,-1.4584019
3962,967.28515625,-1.7174236
3963,967.529296875,-1.918685
3964,967.7734375,-2.119856
3965,968.017578125,-2.3503573
3966,968.26171875,-2.4883702
3967,968.505859375,-2.6640804
3968,968.75,-2.8273747
3969,968.994140625,-2.9814022
3970,969.23828125,-3.0842369
3971,969.482421875,-3.1860821
3972,969.7265625,-3.3548644
3973,969.970703125,-3.5016942
3974,970.21484375,-3.6216233
3975,970.458984375,-3.6834323
3976,970.703125,-3.736964
3977,970.947265625,-3.6858613
3978,971.19140625,-3.6297207
3979,971.435546875,-3.622343
3980,971.6796875,-3.6004806
3981,971.923828125,-3.4587789
3982,972.16796875,-3.3338118
3983,972.412109375,-3.262016
3984,972.65625,-3.089365
3985,972.900390625,-2.8762279
3986,973.14453125,-2.7299378
3987,973.388671875,-2.6068597
3988,973.6328125,-2.409557
3989,973.876953125,-2.16727
3990,974.12109375,-1.9464853
3991,974.365234375,-1.7253408
3992,974.609375,-1.4434671
3993,974.853515625,-1.1724796
3994,975.09765625,-0.98183465
3995,975.341796875,-0.7176849
3996,975.5859375,-0.39379552
3997,975.830078125,-0.12523724
3998,976.07421875,0.13545999
3999,976.318359375,0.42071885
4000,976.5625,0.7587784
4001,976.806640625,1.0520221
4002,977.05078125,1.2899908
4003,977.294921875,1.5277908
4004,977.5390625,1.7754874
4005,977.783203125,1.9842162
4006,978.02734375,2.1669662
4007,978.271484375,2.3168776
4008,978.515625,2.539383
4009,978.759765625,2.6488643
4010,979.00390625,2.7449627
4011,979.248046875,2.9237204
4012,979.4921875,3.078805
4013,979.736328125,3.2076297
4014,979.98046875,3.2942812
4015,980.224609375,3.4031441
4016,980.46875,3.5405722
4017,980.712890625,3.5521557
4018,980.95703125,3.4927762
4019,981.201171875,3.5066087
4020,981.4453125,3.470565
4021,981.689453125,3.3897612
4022,981.93359375,3.295181
4023,982.177734375,3.2613301
4024,982.421875,3.1061893
4025,982.666015625,2.9320989
4026,982.91015625,2.8140142
4027,983.154296875,2.6817594
4028,983.3984375,2.4985592
4029,983.642578125,2.3118167
4030,983.88671875,2.0904925
4031,984.130859375,1.8935721
4032,984.375,1.6408148
4033,984.619140625,1.3736621
4034,984.86328125,1.1512694
4035,985.107421875,0.89092076
4036,985.3515625,0.59250396
4037,985.595703125,0.32349578
4038,985.83984375,0.0533068
4039,986.083984375,-0.21754572
4040,986.328125,-0.5543007
4041,986.572265625,-0.84742063
4042,986.81640625,-1.1274049
4043,987.060546875,-1.3986623
4044,987.3046875,-1.7020388
4045,987.548828125,-1.9094179
4046,987.79296875,-2.1223752
4047,988.037109375,-2.3041131
4048,988.28125,-2.486391
4049,988.525390625,-2.6522043
4050,988.76953125,-2.8074014
4051,989.013671875,-2.9010594
4052,989.2578125,-3.098632
4053,989.501953125,-3.203896
4054,989.74609375,-3.3106894
4055,989.990234375,-3.4868493
4056,990.234375,-3.6039894
4057,990.478515625,-3.6805532
4058,990.72265625,-3.698727
4059,990.966796875,-3.693059
4060,991.2109375,-3.6597703
4061,991.455078125,-3.625402
4062,991.69921875,-3.5823967
4063,991.943359375,-3.517529
4064,992.1875,-3.385004
4065,992.431640625,-3.2424028
4066,992.67578125,-3.131111
4067,992.919921875,-2.9891393
4068,993.1640625,-2.7602575
4069,993.408203125,-2.6047907
4070,993.65234375,-2.4566112
4071,993.896484375,-2.2116249
4072,994.140625,-2.0144122
4073,994.384765625,-1.777613
4074,994.62890625,-1.490791
4075,994.873046875,-1.2414861
4076,995.1171875,-0.9974894
4077,995.361328125,-0.7033798
4078,995.60546875,-0.45650414
4079,995.849609375,-0.18470693
4080,996.09375,0.10458928
4081,996.337890625,0.37595913
4082,996.58203125,0.6693152
4083,996.826171875,0.98319554
4084,997.0703125,1.2813874
4085,997.314453125,1.5296465
4086,997.55859375,1.7464724
4087,997.802734375,1.9811236
4088,998.046875,2.1831608
4089,998.291015625,2.3160903
4090,998.53515625,2.4937234
4091,998.779296875,2.6764174
4092,999.0234375,2.8087847
4093,999.267578125,2.9124742
4094,999.51171875,3.0246546
4095,999.755859375,3.1836193
4096,1000.0,3.2875338
4097,1000.244140625,3.4012322
4098,1000.48828125,3.5383792
4099,1000.732421875,3.57999
4100,1000.9765625,3.5737486
4101,1001.220703125,3.5196543
4102,1001.46484375,3.499355
4103,1001.708984375,3.4476228
4104,1001.953125,3.3381975
4105,1002.197265625,3.301985
4106,1002.44140625,3.1997013
4107,1002.685546875,3.0418053
4108,1002.9296875,2.8365064
4109,1003.173828125,2.709931
4110,1003.41796875,2.5568707
4111,1003.662109375,2.3478608
4112,1003.90625,2.1999173
4113,1004.150390625,1.9270295
4114,1004.39453125,1.7204938
4115,1004.638671875,1.4609886
4116,1004.8828125,1.1946796
4117,1005.126953125,0.92915773
4118,1005.37109375,0.6910765
4119,1005.615234375,0.38242567
4120,1005.859375,0.15952677
4121,1006.103515625,-0.11138196
4122,1006.34765625,-0.4445382
4123,1006.591796875,-0.7420666
4124,1006.8359375,-1.0639766
4125,1007.080078125,-1.3096827
4126,1007.32421875,-1.5904769
4127,1007.568359375,-1.8524674
4128,1007.8125,-2.0512094
4129,1008.056640625,-2.266866
4130,1008.30078125,-2.4442854
4131,1008.544921875,-2.66534
4132,1008.7890625,-2.7796907
4133,1009.033203125,-2.9207628
4134,1009.27734375,-3.0384424
4135,1009.521484375,-3.1913903
4136,1009.765625,-3.286218
4137,1010.009765625,-3.4072263
4138,1010.25390625,-3.5732198
4139,1010.498046875,-3.6427662
4140,1010.7421875,-3.7297664
4141,1010.986328125,-3.7327354
4142,1011.23046875,-3.6676877
4143,1011.474609375,-3.6202738
4144,1011.71875,-3.5781682
4145,1011.962890625,-3.5322838
4146,1012.20703125,-3.4432144
4147,1012.451171875,-3.3025923
4148,1012.6953125,-3.185902
4149,1012.939453125,-3.033584
4150,1013.18359375,-2.8391604
4151,1013.427734375,-2.691341
4152,1013.671875,-2.500876
4153,1013.916015625,-2.3044732
4154,1014.16015625,-2.0691135
4155,1014.404296875,-1.8120712
4156,1014.6484375,-1.5923662
4157,1014.892578125,-1.3132815
4158,1015.13671875,-1.0619974
4159,1015.380859375,-0.7808434
4160,1015.625,-0.553491
4161,1015.869140625,-0.27134734
4162,1016.11328125,0.04020502
4163,1016.357421875,0.32209003
4164,1016.6015625,0.6313594
4165,1016.845703125,0.91003925
4166,1017.08984375,1.1664517
4167,1017.333984375,1.4797697
4168,1017.578125,1.6983389
4169,1017.822265625,1.9370387
4170,1018.06640625,2.147398
4171,1018.310546875,2.3460615
4172,1018.5546875,2.4630213
4173,1018.798828125,2.5948827
4174,1019.04296875,2.7973135
4175,1019.287109375,2.9347417
4176,1019.53125,3.002331
4177,1019.775390625,3.189917
4178,1020.01953125,3.299061
4179,1020.263671875,3.3826761
4180,1020.5078125,3.5165617
4181,1020.751953125,3.5587912
4182,1020.99609375,3.5738046
4183,1021.240234375,3.5349493
4184,1021.484375,3.4918764
4185,1021.728515625,3.4660666
4186,1021.97265625,3.4377823
4187,1022.216796875,3.3041217
4188,1022.4609375,3.1966085
4189,1022.705078125,3.1138368
4190,1022.94921875,2.9342356
4191,1023.193359375,2.7100434
4192,1023.4375,2.6009555
4193,1023.681640625,2.4323194
4194,1023.92578125,2.1967125
4195,1024.169921875,1.990008
4196,1024.4140625,1.7562566
4197,1024.658203125,1.5247544
4198,1024.90234375,1.2338161
4199,1025.146484375,0.9919675
4200,1025.390625,0.7301007
4201,1025.634765625,0.43944368
4202,1025.87890625,0.17572124
4203,1026.123046875,-0.11525065
4204,1026.3671875,-0.40459183
4205,1026.611328125,-0.6900644
4206,1026.85546875,-0.9776062
4207,1027.099609375,-1.2891698
4208,1027.34375,-1.5128334
4209,1027.587890625,-1.7887692
4210,1027.83203125,-2.000197
4211,1028.076171875,-2.2406847
4212,1028.3203125,-2.3785179
4213,1028.564453125,-2.633221
4214,1028.80859375,-2.7713237
4215,1029.052734375,-2.908527
4216,1029.296875,-3.022248
4217,1029.541015625,-3.1244533
4218,1029.78515625,-3.274252
4219,1030.029296875,-3.3840144
4220,1030.2734375,-3.5603542
4221,1030.517578125,-3.6641786
4222,1030.76171875,-3.7265275
4223,1031.005859375,-3.7068243
4224,1031.25,-3.6910796
4225,1031.494140625,-3.696028
4226,1031.73828125,-3.605429
4227,1031.982421875,-3.5727699
4228,1032.2265625,-3.4701152
4229,1032.470703125,-3.3274238
4230,1032.71484375,-3.2261183
4231,1032.958984375,-3.04582
4232,1033.203125,-2.9231918
4233,1033.447265625,-2.7262492
4234,1033.69140625,-2.5259776
4235,1033.935546875,-2.3992107
4236,1034.1796875,-2.1336215
4237,1034.423828125,-1.9009609
4238,1034.66796875,-1.6543552
4239,1034.912109375,-1.4126077
4240,1035.15625,-1.1785975
4241,1035.400390625,-0.89447457
4242,1035.64453125,-0.59613645
4243,1035.888671875,-0.3505203
4244,1036.1328125,-0.044804703
4245,1036.376953125,0.22537304
4246,1036.62109375,0.5250832
4247,1036.865234375,0.8287858
4248,1037.109375,1.120736
4249,1037.353515625,1.3973353
4250,1037.59765625,1.6250701
4251,1037.841796875,1.869899
4252,1038.0859375,2.0634453
4253,1038.330078125,2.267282
4254,1038.57421875,2.4417663
4255,1038.818359375,2.589653
4256,1039.0625,2.710212
4257,1039.306640625,2.8845837
4258,1039.55078125,3.0402305
4259,1039.794921875,3.109788
4260,1040.0390625,3.2602618
4261,1040.283203125,3.412366
4262,1040.52734375,3.5186985
4263,1040.771484375,3.5509186
4264,1041.015625,3.6183956
4265,1041.259765625,3.5738046
4266,1041.50390625,3.5238156
4267,1041.748046875,3.4786057
4268,1041.9921875,3.4282794
4269,1042.236328125,3.3491626
4270,1042.48046875,3.2426052
4271,1042.724609375,3.2042558
4272,1042.96875,3.0066044
4273,1043.212890625,2.804961
4274,1043.45703125,2.6018553
4275,1043.701171875,2.4510443
4276,1043.9453125,2.3097925
4277,1044.189453125,2.085038
4278,1044.43359375,1.8531423
4279,1044.677734375,1.5805353
4280,1044.921875,1.3765862
4281,1045.166015625,1.0812058
4282,1045.41015625,0.79903966
4283,1045.654296875,0.54234606
4284,1045.8984375,0.2573684
4285,1046.142578125,0.024516629
4286,1046.38671875,-0.2863722
4287,1046.630859375,-0.60963184
4288,1046.875,-0.893215
4289,1047.119140625,-1.2294302
4290,1047.36328125,-1.4942098
4291,1047.607421875,-1.7223719
4292,1047.8515625,-1.9578215
4293,1048.095703125,-2.1545844
4294,1048.33984375,-2.3649325
4295,1048.583984375,-2.5109527
4296,1048.828125,-2.6961994
4297,1049.072265625,-2.8423996
4298,1049.31640625,-2.943435
4299,1049.560546875,-3.0999813
4300,1049.8046875,-3.2146022
4301,1050.048828125,-3.359273
4302,1050.29296875,-3.487749
4303,1050.537109375,-3.6128063
4304,1050.78125,-3.7178903
4305,1051.025390625,-3.7028656
4306,1051.26953125,-3.6653483
4307,1051.513671875,-3.6858613
4308,1051.7578125,-3.6493337
4309,1052.001953125,-3.5778081
4310,1052.24609375,-3.4798317
4311,1052.490234375,-3.3900423
4312,1052.734375,-3.3126688
4313,1052.978515625,-3.1178854
4314,1053.22265625,-2.9661071
4315,1053.466796875,-2.8127995
4316,1053.7109375,-2.563135
4317,1053.955078125,-2.410457
4318,1054.19921875,-2.2130642
4319,1054.443359375,-1.9879613
4320,1054.6875,-1.7317287
4321,1054.931640625,-1.4744165
4322,1055.17578125,-1.2544416
4323,1055.419921875,-0.9705886
4324,1055.6640625,-0.69771177
4325,1055.908203125,-0.46199223
4326,1056.15234375,-0.16086507
4327,1056.396484375,0.109425135
4328,1056.640625,0.42279938
4329,1056.884765625,0.7217785
4330,1057.12890625,0.9788657
4331,1057.373046875,1.2365714
4332,1057.6171875,1.5218303
4333,1057.861328125,1.7294908
4334,1058.10546875,1.9365886
4335,1058.349609375,2.1319907
4336,1058.59375,2.3248062
4337,1058.837890625,2.4712875
4338,1059.08203125,2.6141698
4339,1059.326171875,2.742601
4340,1059.5703125,2.8947616
4341,1059.814453125,3.0035682
4342,1060.05859375,3.1399279
4343,1060.302734375,3.2648726
4344,1060.546875,3.4368265
4345,1060.791015625,3.49958
4346,1061.03515625,3.5288763
4347,1061.279296875,3.5186985
4348,1061.5234375,3.461062
4349,1061.767578125,3.438907
4350,1062.01171875,3.376547
4351,1062.255859375,3.3644576
4352,1062.5,3.2217436
4353,1062.744140625,3.1291878
4354,1062.98828125,3.0123963
4355,1063.232421875,2.8212116
4356,1063.4765625,2.6913748
4357,1063.720703125,2.523132
4358,1063.96484375,2.3875036
4359,1064.208984375,2.18198
4360,1064.453125,1.9109474
4361,1064.697265625,1.7170075
4362,1064.94140625,1.4819627
4363,1065.185546875,1.211324
4364,1065.4296875,0.9257276
4365,1065.673828125,0.69900507
4366,1065.91796875,0.4353951
4367,1066.162109375,0.13349192
4368,1066.40625,-0.10823304
4369,1066.650390625,-0.43940997
4370,1066.89453125,-0.7717565
4371,1067.138671875,-1.0416642
4372,1067.3828125,-1.3248875
4373,1067.626953125,-1.5825596
4374,1067.87109375,-1.7749139
4375,1068.115234375,-1.9919198
4376,1068.359375,-2.2350168
4377,1068.603515625,-2.3904836
4378,1068.84765625,-2.5397427
4379,1069.091796875,-2.728948
4380,1069.3359375,-2.8435688
4381,1069.580078125,-2.9660172
4382,1069.82421875,-3.1271522
4383,1070.068359375,-3.238534
4384,1070.3125,-3.364311
4385,1070.556640625,-3.4872093
4386,1070.80078125,-3.6258519
4387,1071.044921875,-3.6420465
4388,1071.2890625,-3.6110969
4389,1071.533203125,-3.5397513
4390,1071.77734375,-3.5943625
4391,1072.021484375,-3.5436199
4392,1072.265625,-3.4406052
4393,1072.509765625,-3.3634114
4394,1072.75390625,-3.283249
4395,1072.998046875,-3.1438866
4396,1073.2421875,-2.9299397
4397,1073.486328125,-2.8008335
4398,1073.73046875,-2.6233242
4399,1073.974609375,-2.445275
4400,1074.21875,-2.2362764
4401,1074.462890625,-2.0509398
4402,1074.70703125,-1.8110816
4403,1074.951171875,-1.6127893
4404,1075.1953125,-1.2971771
4405,1075.439453125,-1.0626272
4406,1075.68359375,-0.8037855
4407,1075.927734375,-0.5392758
4408,1076.171875,-0.31525233
4409,1076.416015625,-0.016644318
4410,1076.66015625,0.30150956
4411,1076.904296875,0.591548
4412,1077.1484375,0.86061233
4413,1077.392578125,1.1444654
4414,1077.63671875,1.4109432
4415,1077.880859375,1.6434013
4416,1078.125,1.8602835
4417,1078.369140625,2.0098574
4418,1078.61328125,2.2538428
4419,1078.857421875,2.4134822
4420,1079.1015625,2.5191398
4421,1079.345703125,2.6438036
4422,1079.58984375,2.8384745
4423,1079.833984375,2.9676929
4424,1080.078125,3.090332
4425,1080.322265625,3.1958776
4426,1080.56640625,3.3291445
4427,1080.810546875,3.44065
4428,1081.0546875,3.4977808
4429,1081.298828125,3.502279
4430,1081.54296875,3.5097015
4431,1081.787109375,3.422319
4432,1082.03125,3.395047
4433,1082.275390625,3.3515244
4434,1082.51953125,3.2188196
4435,1082.763671875,3.1459444
4436,1083.0078125,3.0110466
4437,1083.251953125,2.9181535
4438,1083.49609375,2.727025
4439,1083.740234375,2.538877
4440,1083.984375,2.3724337
4441,1084.228515625,2.2052596
4442,1084.47265625,1.9371511
4443,1084.716796875,1.7189755
4444,1084.9609375,1.4457501
4445,1085.205078125,1.2414074
4446,1085.44921875,0.9711058
4447,1085.693359375,0.67628783
4448,1085.9375,0.4628357
4449,1086.181640625,0.1745404
4450,1086.42578125,-0.11075218
4451,1086.669921875,-0.40036327
4452,1086.9140625,-0.72083384
4453,1087.158203125,-1.0147635
4454,1087.40234375,-1.2931284
4455,1087.646484375,-1.5512503
4456,1087.890625,-1.8287156
4457,1088.134765625,-1.9942591
4458,1088.37890625,-2.260748
4459,1088.623046875,-2.4143257
4460,1088.8671875,-2.5433414
4461,1089.111328125,-2.7280483
4462,1089.35546875,-2.87002
4463,1089.599609375,-2.9859905
4464,1089.84375,-3.1036701
4465,1090.087890625,-3.2365549
4466,1090.33203125,-3.416943
4467,1090.576171875,-3.5006146
4468,1090.8203125,-3.6091177
4469,1091.064453125,-3.6790237
4470,1091.30859375,-3.7218492
4471,1091.552734375,-3.6468148
4472,1091.796875,-3.6212633
4473,1092.041015625,-3.5836563
4474,1092.28515625,-3.5080822
4475,1092.529296875,-3.3665605
4476,1092.7734375,-3.326524
4477,1093.017578125,-3.204526
4478,1093.26171875,-3.01667
4479,1093.505859375,-2.820447
4480,1093.75,-2.6868424
4481,1093.994140625,-2.474875
4482,1094.23828125,-2.2978153
4483,1094.482421875,-2.1249843
4484,1094.7265625,-1.8440104
4485,1094.970703125,-1.6444584
4486,1095.21484375,-1.3903852
4487,1095.458984375,-1.1325333
4488,1095.703125,-0.82510823
4489,1095.947265625,-0.57247454
4490,1096.19140625,-0.3098542
4491,1096.435546875,-0.04876335
4492,1096.6796875,0.25112674
4493,1096.923828125,0.5603962
4494,1097.16796875,0.85223395
4495,1097.412109375,1.1120203
4496,1097.65625,1.3577489
4497,1097.900390625,1.6443573
4498,1098.14453125,1.8474629
4499,1098.388671875,2.069462
4500,1098.6328125,2.2736924
4501,1098.876953125,2.4462085
4502,1099.12109375,2.605398
4503,1099.365234375,2.7400706
4504,1099.609375,2.8532631
4505,1099.853515625,3.0272975
4506,1100.09765625,3.1373973
4507,1100.341796875,3.236926
4508,1100.5859375,3.4019632
4509,1100.830078125,3.4682593
4510,1101.07421875,3.5451832
4511,1101.318359375,3.5381544
4512,1101.5625,3.530001
4513,1101.806640625,3.5104325
4514,1102.05078125,3.4517837
4515,1102.294921875,3.3621519
4516,1102.5390625,3.3304377
4517,1102.783203125,3.217189
4518,1103.02734375,3.0971923
4519,1103.271484375,2.9757338
4520,1103.515625,2.7417576
4521,1103.759765625,2.6038795
4522,1104.00390625,2.4598725
4523,1104.248046875,2.2405162
4524,1104.4921875,2.0365107
4525,1104.736328125,1.8347547
4526,1104.98046875,1.556581
4527,1105.224609375,1.3305331
4528,1105.46875,1.0075434
4529,1105.712890625,0.7484319
4530,1105.95703125,0.49927327
4531,1106.201171875,0.23178336
4532,1106.4453125,-0.058120154
4533,1106.689453125,-0.33774468
4534,1106.93359375,-0.6376123
4535,1107.177734375,-0.9373899
4536,1107.421875,-1.1876845
4537,1107.666015625,-1.4781952
4538,1107.91015625,-1.7250708
4539,1108.154296875,-1.9436963
4540,1108.3984375,-2.1806753
4541,1108.642578125,-2.3379416
4542,1108.88671875,-2.51905
4543,1109.130859375,-2.671098
4544,1109.375,-2.8406
4545,1109.619140625,-2.9718652
4546,1109.86328125,-3.0975523
4547,1110.107421875,-3.1960685
4548,1110.3515625,-3.3716888
4549,1110.595703125,-3.4888287
4550,1110.83984375,-3.5922034
4551,1111.083984375,-3.6828024
4552,1111.328125,-3.7034054
4553,1111.572265625,-3.6404269
4554,1111.81640625,-3.5832064
4555,1112.060546875,-3.5971518
4556,1112.3046875,-3.534803
4557,1112.548828125,-3.4657965
4558,1112.79296875,-3.3590932
4559,1113.037109375,-3.2729023
4560,1113.28125,-3.0881054
4561,1113.525390625,-2.9018693
4562,1113.76953125,-2.7437031
4563,1114.013671875,-2.5932746
4564,1114.2578125,-2.392463
4565,1114.501953125,-2.170599
4566,1114.74609375,-1.956112
4567,1114.990234375,-1.7167938
4568,1115.234375,-1.449765
4569,1115.478515625,-1.1733793
4570,1115.72265625,-0.94521725
4571,1115.966796875,-0.6568657
4572,1116.2109375,-0.3803901
4573,1116.455078125,-0.10238504
4574,1116.69921875,0.17279725
4575,1116.943359375,0.43393308
4576,1117.1875,0.722622
4577,1117.431640625,1.0267744
4578,1117.67578125,1.3018554
4579,1117.919921875,1.5576494
4580,1118.1640625,1.7920756
4581,1118.408203125,2.0213847
4582,1118.65234375,2.1795058
4583,1118.896484375,2.3285737
4584,1119.140625,2.5207143
4585,1119.384765625,2.6662958
4586,1119.62890625,2.7526665
4587,1119.873046875,2.8965049
4588,1120.1171875,3.0773993
4589,1120.361328125,3.160677
4590,1120.60546875,3.2845533
4591,1120.849609375,3.4253552
4592,1121.09375,3.5035162
4593,1121.337890625,3.5348368
4594,1121.58203125,3.4585314
4595,1121.826171875,3.4680345
4596,1122.0703125,3.4489722
4597,1122.314453125,3.3769968
4598,1122.55859375,3.3079453
4599,1122.802734375,3.2402434
4600,1123.046875,3.096405
4601,1123.291015625,2.9413207
4602,1123.53515625,2.822224
4603,1123.779296875,2.6461089
4604,1124.0234375,2.497491
4605,1124.267578125,2.3053503
4606,1124.51171875,2.0938098
4607,1124.755859375,1.8742287
4608,1125.0,1.6117996
4609,1125.244140625,1.376811
4610,1125.48828125,1.1174184
4611,1125.732421875,0.8685409
4612,1125.9765625,0.5821012
4613,1126.220703125,0.29009467
4614,1126.46484375,0.032501403
4615,1126.708984375,-0.20638953
4616,1126.953125,-0.4863739
4617,1127.197265625,-0.8383338
4618,1127.44140625,-1.1172385
4619,1127.685546875,-1.3883159
4620,1127.9296875,-1.6472474
4621,1128.173828125,-1.8748698
4622,1128.41796875,-2.0684836
4623,1128.662109375,-2.269115
4624,1128.90625,-2.4734354
4625,1129.150390625,-2.6512148
4626,1129.39453125,-2.7365057
4627,1129.638671875,-2.8856747
4628,1129.8828125,-3.0663328
4629,1130.126953125,-3.1580117
4630,1130.37109375,-3.2706532
4631,1130.615234375,-3.3992193
4632,1130.859375,-3.5575652
4633,1131.103515625,-3.6442955
4634,1131.34765625,-3.6391673
4635,1131.591796875,-3.6625593
4636,1131.8359375,-3.6514032
4637,1132.080078125,-3.5913937
4638,1132.32421875,-3.5450597
4639,1132.568359375,-3.470295
4640,1132.8125,-3.3829348
4641,1133.056640625,-3.244292
4642,1133.30078125,-3.1123972
4643,1133.544921875,-2.9423554
4644,1133.7890625,-2.8106403
4645,1134.033203125,-2.6328611
4646,1134.27734375,-2.4469845
4647,1134.521484375,-2.2006485
4648,1134.765625,-1.9938091
4649,1135.009765625,-1.7714051
4650,1135.25390625,-1.5320868
4651,1135.498046875,-1.2432854
4652,1135.7421875,-0.97967553
4653,1135.986328125,-0.78066343
4654,1136.23046875,-0.4432786
4655,1136.474609375,-0.19676282
4656,1136.71875,0.10172151
4657,1136.962890625,0.36162028
4658,1137.20703125,0.6988926
4659,1137.451171875,0.9726804
4660,1137.6953125,1.243263
4661,1137.939453125,1.5279595
4662,1138.18359375,1.7074482
4663,1138.427734375,1.9798301
4664,1138.671875,2.1443052
4665,1138.916015625,2.2831953
4666,1139.16015625,2.4756734
4667,1139.404296875,2.6477396
4668,1139.6484375,2.8034427
4669,1139.892578125,2.9066825
4670,1140.13671875,3.0227427
4671,1140.380859375,3.178671
4672,1140.625,3.271227
4673,1140.869140625,3.3826761
4674,1141.11328125,3.5059903
4675,1141.357421875,3.5920234
4676,1141.6015625,3.5063279
4677,1141.845703125,3.4936194
4678,1142.08984375,3.4869843
4679,1142.333984375,3.4356456
4680,1142.578125,3.3393784
4681,1142.822265625,3.2784243
4682,1143.06640625,3.1887362
4683,1143.310546875,3.0255544
4684,1143.5546875,2.849102
4685,1143.798828125,2.6776545
4686,1144.04296875,2.5119421
4687,1144.287109375,2.321151
4688,1144.53125,2.1450925
4689,1144.775390625,1.9214625
4690,1145.01953125,1.6886672
4691,1145.263671875,1.4332106
4692,1145.5078125,1.1502572
4693,1145.751953125,0.8932262
4694,1145.99609375,0.65621346
4695,1146.240234375,0.34969935
4696,1146.484375,0.07675505
4697,1146.728515625,-0.19307406
4698,1146.97265625,-0.49941945
4699,1147.216796875,-0.7801236
4700,1147.4609375,-1.1197577
4701,1147.705078125,-1.3722115
4702,1147.94921875,-1.6280841
4703,1148.193359375,-1.8585854
4704,1148.4375,-2.1101394
4705,1148.681640625,-2.3091514
4706,1148.92578125,-2.5084333
4707,1149.169921875,-2.6443772
4708,1149.4140625,-2.773303
4709,1149.658203125,-2.9057379
4710,1149.90234375,-3.0527475
4711,1150.146484375,-3.1690779
4712,1150.390625,-3.329853
4713,1150.634765625,-3.4181128
4714,1150.87890625,-3.5899541
4715,1151.123046875,-3.683612
4716,1151.3671875,-3.6972876
4717,1151.611328125,-3.7286868
4718,1151.85546875,-3.6790237
4719,1152.099609375,-3.6509533
4720,1152.34375,-3.5710607
4721,1152.587890625,-3.507992
4722,1152.83203125,-3.4283693
4723,1153.076171875,-3.3160877
4724,1153.3203125,-3.1622403
4725,1153.564453125,-3.004704
4726,1153.80859375,-2.822966
4727,1154.052734375,-2.6662395
4728,1154.296875,-2.5223787
4729,1154.541015625,-2.3401008
4730,1154.78515625,-2.0244887
4731,1155.029296875,-1.8150402
4732,1155.2734375,-1.5599773
4733,1155.517578125,-1.3068937
4734,1155.76171875,-1.0446333
4735,1156.005859375,-0.80054665
4736,1156.25,-0.5139046
4737,1156.494140625,-0.272337
4738,1156.73828125,0.011133699
4739,1156.982421875,0.3713482
4740,1157.2265625,0.6324841
4741,1157.470703125,0.9104891
4742,1157.71484375,1.1871446
4743,1157.958984375,1.4742029
4744,1158.203125,1.7100911
4745,1158.447265625,1.9335521
4746,1158.69140625,2.1676974
4747,1158.935546875,2.3461177
4748,1159.1796875,2.4920366
4749,1159.423828125,2.6372807
4750,1159.66796875,2.7839308
4751,1159.912109375,2.914611
4752,1160.15625,3.0307276
4753,1160.400390625,3.2017255
4754,1160.64453125,3.3293133
4755,1160.888671875,3.445992
4756,1161.1328125,3.5355678
4757,1161.376953125,3.6292484
4758,1161.62109375,3.577291
4759,1161.865234375,3.5391102
4760,1162.109375,3.5093641
4761,1162.353515625,3.5221286
4762,1162.59765625,3.4511652
4763,1162.841796875,3.3106446
4764,1163.0859375,3.1840692
4765,1163.330078125,3.1101255
4766,1163.57421875,2.8827844
4767,1163.818359375,2.7098184
4768,1164.0625,2.5709846
4769,1164.306640625,2.4272025
4770,1164.55078125,2.2325313
4771,1164.794921875,1.9947313
4772,1165.0390625,1.781223
4773,1165.283203125,1.5009125
4774,1165.52734375,1.1891689
4775,1165.771484375,1.0102425
4776,1166.015625,0.70350355
4777,1166.259765625,0.44551662
4778,1166.50390625,0.15767115
4779,1166.748046875,-0.17795923
4780,1166.9921875,-0.40900034
4781,1167.236328125,-0.70275
4782,1167.48046875,-1.0325774
4783,1167.724609375,-1.2737851
4784,1167.96875,-1.569424
4785,1168.212890625,-1.8004652
4786,1168.45703125,-2.061376
4787,1168.701171875,-2.2681255
4788,1168.9453125,-2.4194539
4789,1169.189453125,-2.6138775
4790,1169.43359375,-2.770064
4791,1169.677734375,-2.92868
4792,1169.921875,-3.0407817
4793,1170.166015625,-3.194359
4794,1170.41015625,-3.3011527
4795,1170.654296875,-3.4181128
4796,1170.8984375,-3.5249965
4797,1171.142578125,-3.672276
4798,1171.38671875,-3.7145615
4799,1171.630859375,-3.6789339
4800,1171.875,-3.6626494
4801,1172.119140625,-3.6870308
4802,1172.36328125,-3.5974216
4803,1172.607421875,-3.5408309
4804,1172.8515625,-3.431788
4805,1173.095703125,-3.3101497
4806,1173.33984375,-3.183383
4807,1173.583984375,-3.0585957
4808,1173.828125,-2.8734388
4809,1174.072265625,-2.6961994
4810,1174.31640625,-2.5205793
4811,1174.560546875,-2.3220172
4812,1174.8046875,-2.1035717
4813,1175.048828125,-1.8696516
4814,1175.29296875,-1.6014531
4815,1175.537109375,-1.3869663
4816,1175.78125,-1.1355022
4817,1176.025390625,-0.85056955
4818,1176.26953125,-0.6073826
4819,1176.513671875,-0.3282079
4820,1176.7578125,-0.03256888
4821,1177.001953125,0.24409789
4822,1177.24609375,0.52637655
4823,1177.490234375,0.8162463
4824,1177.734375,1.1356934
4825,1177.978515625,1.4008778
4826,1178.22265625,1.6269257
4827,1178.466796875,1.8777714
4828,1178.7109375,2.072836
4829,1178.955078125,2.290899
4830,1179.19921875,2.4268088
4831,1179.443359375,2.5761578
4832,1179.6875,2.7120676
4833,1179.931640625,2.8722692
4834,1180.17578125,2.9854617
4835,1180.419921875,3.1403213
4836,1180.6640625,3.2630734
4837,1180.908203125,3.4183266
4838,1181.15234375,3.5171802
4839,1181.396484375,3.5793715
4840,1181.640625,3.628967
4841,1181.884765625,3.5729613
4842,1182.12890625,3.5184174
4843,1182.373046875,3.4973872
4844,1182.6171875,3.3915045
4845,1182.861328125,3.329763
4846,1183.10546875,3.2376006
4847,1183.349609375,3.1430767
4848,1183.59375,2.9936717
4849,1183.837890625,2.7989442
4850,1184.08203125,2.611021
4851,1184.326171875,2.481465
4852,1184.5703125,2.2767851
4853,1184.814453125,2.0420778
4854,1185.05859375,1.8269949
4855,1185.302734375,1.5826721
4856,1185.546875,1.3111335
4857,1185.791015625,1.0305418
4858,1186.03515625,0.82603043
4859,1186.279296875,0.54706943
4860,1186.5234375,0.26990783
4861,1186.767578125,-0.012595699
4862,1187.01171875,-0.31237334
4863,1187.255859375,-0.61377037
4864,1187.5,-0.94449747
4865,1187.744140625,-1.1938024
4866,1187.98828125,-1.4719874
4867,1188.232421875,-1.718953
4868,1188.4765625,-1.9717667
4869,1188.720703125,-2.1968699
4870,1188.96484375,-2.3591745
4871,1189.208984375,-2.521479
4872,1189.453125,-2.6992583
4873,1189.697265625,-2.8315132
4874,1189.94140625,-2.943255
4875,1190.185546875,-3.0624642
4876,1190.4296875,-3.209744
4877,1190.673828125,-3.365211
4878,1190.91796875,-3.4369164
4879,1191.162109375,-3.5858154
4880,1191.40625,-3.7201397
4881,1191.650390625,-3.6859512
4882,1191.89453125,-3.6480742
4883,1192.138671875,-3.6093874
4884,1192.3828125,-3.598411
4885,1192.626953125,-3.5241866
4886,1192.87109375,-3.4456434
4887,1193.115234375,-3.370069
4888,1193.359375,-3.2409632
4889,1193.603515625,-3.0992618
4890,1193.84765625,-2.9355175
4891,1194.091796875,-2.7573783
4892,1194.3359375,-2.5431614
4893,1194.580078125,-2.3804972
4894,1194.82421875,-2.2056868
4895,1195.068359375,-1.968078
4896,1195.3125,-1.7194029
4897,1195.556640625,-1.488002
4898,1195.80078125,-1.2212429
4899,1196.044921875,-0.9202058
4900,1196.2890625,-0.6899744
4901,1196.533203125,-0.4240252
4902,1196.77734375,-0.18137807
4903,1197.021484375,0.133267
4904,1197.265625,0.4084043
4905,1197.509765625,0.7324062
4906,1197.75390625,1.0307106
4907,1197.998046875,1.2957263
4908,1198.2421875,1.5717071
4909,1198.486328125,1.7777929
4910,1198.73046875,1.9668409
4911,1198.974609375,2.2153246
4912,1199.21875,2.4119077
4913,1199.462890625,2.5577705
4914,1199.70703125,2.658311
4915,1199.951171875,2.788823
4916,1200.1953125,2.9662309
4917,1200.439453125,3.0820663
4918,1200.68359375,3.2135339
4919,1200.927734375,3.3282447
4920,1201.171875,3.4936194
4921,1201.416015625,3.5495691
4922,1201.66015625,3.570712
4923,1201.904296875,3.5725112
4924,1202.1484375,3.538829
4925,1202.392578125,3.454483
4926,1202.63671875,3.4331715
4927,1202.880859375,3.362658
4928,1203.125,3.2644227
4929,1203.369140625,3.1467316
4930,1203.61328125,2.9776456
4931,1203.857421875,2.8257663
4932,1204.1015625,2.6299708
4933,1204.345703125,2.4832084
4934,1204.58984375,2.312829
4935,1204.833984375,2.102132
4936,1205.078125,1.8472942
4937,1205.322265625,1.6507113
4938,1205.56640625,1.3924433
4939,1205.810546875,1.1173623
4940,1206.0546875,0.839807
4941,1206.298828125,0.57839
4942,1206.54296875,0.33260518
4943,1206.787109375,0.046502873
4944,1207.03125,-0.2556927
4945,1207.275390625,-0.50463766
4946,1207.51953125,-0.80441535
4947,1207.763671875,-1.1081517
4948,1208.0078125,-1.355927
4949,1208.251953125,-1.6276342
4950,1208.49609375,-1.8445501
4951,1208.740234375,-2.1031218
4952,1208.984375,-2.2823405
4953,1209.228515625,-2.4389772
4954,1209.47265625,-2.5718617
4955,1209.716796875,-2.7512605
4956,1209.9609375,-2.8710098
4957,1210.205078125,-2.9411857
4958,1210.44921875,-3.116176
4959,1210.693359375,-3.2785704
4960,1210.9375,-3.3625119
4961,1211.181640625,-3.5039434
4962,1211.42578125,-3.5863552
4963,1211.669921875,-3.6268415
4964,1211.9140625,-3.5969718
4965,1212.158203125,-3.5892344
4966,1212.40234375,-3.5952623
4967,1212.646484375,-3.5503676
4968,1212.890625,-3.4460034
4969,1213.134765625,-3.3924716
4970,1213.37890625,-3.2899964
4971,1213.623046875,-3.1353395
4972,1213.8671875,-2.9486532
4973,1214.111328125,-2.8092008
4974,1214.35546875,-2.6508548
4975,1214.599609375,-2.450493
4976,1214.84375,-2.2708244
4977,1215.087890625,-2.0640752
4978,1215.33203125,-1.8326741
4979,1215.576171875,-1.5748223
4980,1215.8203125,-1.3510687
4981,1216.064453125,-1.0783718
4982,1216.30859375,-0.83320546
4983,1216.552734375,-0.5410753
4984,1216.796875,-0.21691594
4985,1217.041015625,-0.009176866
4986,1217.28515625,0.28739563
4987,1217.529296875,0.6204507
4988,1217.7734375,0.85768837
4989,1218.017578125,1.1678013
4990,1218.26171875,1.4039143
4991,1218.505859375,1.6866992
4992,1218.75,1.8682121
4993,1218.994140625,2.0614772
4994,1219.23828125,2.251481
4995,1219.482421875,2.4328818
4996,1219.7265625,2.548942
4997,1219.970703125,2.6927805
4998,1220.21484375,2.8603485
4999,1220.458984375,2.9787703
5000,1220.703125,3.1224399
5001,1220.947265625,3.2362514
5002,1221.19140625,3.3637826
5003,1221.435546875,3.5009296
5004,1221.6796875,3.505878
5005,1221.923828125,3.4975557
5006,1222.16796875,3.491989
5007,1222.412109375,3.4705086
5008,1222.65625,3.3909984
5009,1222.900390625,3.353661
5010,1223.14453125,3.264029
5011,1223.388671875,3.1321118
5012,1223.6328125,3.0031745
5013,1223.876953125,2.8753057
5014,1224.12109375,2.7066693
5015,1224.365234375,2.5445561
5016,1224.609375,2.3830614
5017,1224.853515625,2.1927762
5018,1225.09765625,1.9764
5019,1225.341796875,1.7072796
5020,1225.5859375,1.500069
5021,1225.830078125,1.2132356
5022,1226.07421875,0.9602534
5023,1226.318359375,0.6757255
5024,1226.5625,0.425386
5025,1226.806640625,0.17515893
5026,1227.05078125,-0.13450406
5027,1227.294921875,-0.3755318
5028,1227.5390625,-0.69132394
5029,1227.783203125,-0.9795855
5030,1228.02734375,-1.2350982
5031,1228.271484375,-1.5212005
5032,1228.515625,-1.7507122
5033,1228.759765625,-1.9280416
5034,1229.00390625,-2.1493661
5035,1229.248046875,-2.3552158
5036,1229.4921875,-2.500606
5037,1229.736328125,-2.6585922
5038,1229.98046875,-2.7931862
5039,1230.224609375,-2.9191432
5040,1230.46875,-3.0593152
5041,1230.712890625,-3.166199
5042,1230.95703125,-3.341819
5043,1231.201171875,-3.4443836
5044,1231.4453125,-3.534983
5045,1231.689453125,-3.6302605
5046,1231.93359375,-3.625582
5047,1232.177734375,-3.5429
5048,1232.421875,-3.554956
5049,1232.666015625,-3.5299447
5050,1232.91015625,-3.4304388
5051,1233.154296875,-3.3776267
5052,1233.3984375,-3.3008828
5053,1233.642578125,-3.1932795
5054,1233.88671875,-2.9720452
5055,1234.130859375,-2.8165784
5056,1234.375,-2.6685786
5057,1234.619140625,-2.4907095
5058,1234.86328125,-2.2978153
5059,1235.107421875,-2.1017723
5060,1235.3515625,-1.8889949
5061,1235.595703125,-1.622506
5062,1235.83984375,-1.384897
5063,1236.083984375,-1.097985
5064,1236.328125,-0.8654145
5065,1236.572265625,-0.5482728
5066,1236.81640625,-0.30382624
5067,1237.060546875,-0.017184133
5068,1237.3046875,0.27474368
5069,1237.548828125,0.56725633
5070,1237.79296875,0.8414377
5071,1238.037109375,1.1493576
5072,1238.28125,1.3957046
5073,1238.525390625,1.6202343
5074,1238.76953125,1.8650069
5075,1239.013671875,2.0303254
5076,1239.2578125,2.264077
5077,1239.501953125,2.421692
5078,1239.74609375,2.5935333
5079,1239.990234375,2.7151604
5080,1240.234375,2.8408926
5081,1240.478515625,3.0039616
5082,1240.72265625,3.0888703
5083,1240.966796875,3.2012193
5084,1241.2109375,3.346857
5085,1241.455078125,3.4635923
5086,1241.69921875,3.5204415
5087,1241.943359375,3.5329812
5088,1242.1875,3.4963186
5089,1242.431640625,3.4741075
5090,1242.67578125,3.4275484
5091,1242.919921875,3.314918
5092,1243.1640625,3.2616675
5093,1243.408203125,3.1781647
5094,1243.65234375,3.0337079
5095,1243.896484375,2.8810976
5096,1244.140625,2.7261252
5097,1244.384765625,2.5054758
5098,1244.62890625,2.3884032
5099,1244.873046875,2.1888962
5100,1245.1171875,1.9845535
5101,1245.361328125,1.7260606
5102,1245.60546875,1.4958518
5103,1245.849609375,1.2230761
5104,1246.09375,1.032285
5105,1246.337890625,0.6987239
5106,1246.58203125,0.41841337
5107,1246.826171875,0.18702362
5108,1247.0703125,-0.11237163
5109,1247.314453125,-0.36653483
5110,1247.55859375,-0.70454943
5111,1247.802734375,-0.9745472
5112,1248.046875,-1.2627188
5113,1248.291015625,-1.5221903
5114,1248.53515625,-1.783641
5115,1248.779296875,-1.9743758
5116,1249.0234375,-2.2034376
5117,1249.267578125,-2.4050589
5118,1249.51171875,-2.5505393
5119,1249.755859375,-2.6804547
5120,1250.0,-2.849417
5121,1250.244140625,-2.9837413
5122,1250.48828125,-3.083787
5123,1250.732421875,-3.2056055
5124,1250.9765625,-3.3730383
5125,1251.220703125,-3.446093
5126,1251.46484375,-3.5821269
5127,1251.708984375,-3.678304
5128,1251.953125,-3.668857
5129,1252.197265625,-3.6563516
5130,1252.44140625,-3.5860856
5131,1252.685546875,-3.5803275
5132,1252.9296875,-3.537142
5133,1253.173828125,-3.4751534
5134,1253.41796875,-3.3292232
5135,1253.662109375,-3.2486107
5136,1253.90625,-3.0650733
5137,1254.150390625,-2.8476176
5138,1254.39453125,-2.7282283
5139,1254.638671875,-2.5723116
5140,1254.8828125,-2.392373
5141,1255.126953125,-2.1382098
5142,1255.37109375,-1.9158058
5143,1255.615234375,-1.6621823
5144,1255.859375,-1.4208848
5145,1256.103515625,-1.1460286
5146,1256.34765625,-0.91570735
5147,1256.591796875,-0.6415709
5148,1256.8359375,-0.37472203
5149,1257.080078125,-0.111651875
5150,1257.32421875,0.20535488
5151,1257.568359375,0.46879616
5152,1257.8125,0.82147574
5153,1258.056640625,1.0925645
5154,1258.30078125,1.3818157
5155,1258.544921875,1.605052
5156,1258.7890625,1.832393
5157,1259.033203125,2.050681
5158,1259.27734375,2.247264
5159,1259.521484375,2.3835673
5160,1259.765625,2.5721092
5161,1260.009765625,2.7024522
5162,1260.25390625,2.8038363
5163,1260.498046875,2.9844496
5164,1260.7421875,3.1368914
5165,1260.986328125,3.2137027
5166,1261.23046875,3.3560228
5167,1261.474609375,3.4692714
5168,1261.71875,3.538098
5169,1261.962890625,3.5541801
5170,1262.20703125,3.5091956
5171,1262.451171875,3.5113885
5172,1262.6953125,3.4941819
5173,1262.939453125,3.3686745
5174,1263.18359375,3.2992296
5175,1263.427734375,3.2433362
5176,1263.671875,3.1057394
5177,1263.916015625,2.9356976
5178,1264.16015625,2.7685797
5179,1264.404296875,2.6463902
5180,1264.6484375,2.4484015
5181,1264.892578125,2.2649202
5182,1265.13671875,2.0583847
5183,1265.380859375,1.8471255
5184,1265.625,1.604827
5185,1265.869140625,1.3358189
5186,1266.11328125,1.1051601
5187,1266.357421875,0.8462173
5188,1266.6015625,0.55657244
5189,1266.845703125,0.2744063
5190,1267.08984375,0.04419741
5191,1267.333984375,-0.24093772
5192,1267.578125,-0.5553804
5193,1267.822265625,-0.8703628
5194,1268.06640625,-1.1224568
5195,1268.310546875,-1.4007317
5196,1268.5546875,-1.66929
5197,1268.798828125,-1.8504881
5198,1269.04296875,-2.044012
5199,1269.287109375,-2.2451832
5200,1269.53125,-2.454002
5201,1269.775390625,-2.5526085
5202,1270.01953125,-2.7392948
5203,1270.263671875,-2.8513064
5204,1270.5078125,-3.0187392
5205,1270.751953125,-3.1053796
5206,1270.99609375,-3.2510397
5207,1271.240234375,-3.4135244
5208,1271.484375,-3.519328
5209,1271.728515625,-3.5954423
5210,1271.97265625,-3.6568913
5211,1272.216796875,-3.6687672
5212,1272.4609375,-3.6002107
5213,1272.705078125,-3.555226
5214,1272.94921875,-3.534713
5215,1273.193359375,-3.4839702
5216,1273.4375,-3.324725
5217,1273.681640625,-3.2459116
5218,1273.92578125,-3.145146
5219,1274.169921875,-2.931469
5220,1274.4140625,-2.7636762
5221,1274.658203125,-2.615047
5222,1274.90234375,-2.4405067
5223,1275.146484375,-2.2296185
5224,1275.390625,-1.959171
5225,1275.634765625,-1.7673565
5226,1275.87890625,-1.5325366
5227,1276.123046875,-1.2307798
5228,1276.3671875,-0.9987489
5229,1276.611328125,-0.7676179
5230,1276.85546875,-0.42159605
5231,1277.099609375,-0.19874214
5232,1277.34375,0.093905434
5233,1277.587890625,0.37219164
5234,1277.83203125,0.6771313
5235,1278.076171875,0.99050546
5236,1278.3203125,1.2623253
5237,1278.564453125,1.5247544
5238,1278.80859375,1.7586182
5239,1279.052734375,1.9573941
5240,1279.296875,2.1719708
5241,1279.541015625,2.3281236
5242,1279.78515625,2.5095243
5243,1280.029296875,2.6566803
5244,1280.2734375,2.8216052
5245,1280.517578125,2.921921
5246,1280.76171875,3.0523765
5247,1281.005859375,3.201557
5248,1281.25,3.29445
5249,1281.494140625,3.4109602
5250,1281.73828125,3.5093641
5251,1281.982421875,3.5759978
5252,1282.2265625,3.5294385
5253,1282.470703125,3.5021105
5254,1282.71484375,3.5025601
5255,1282.958984375,3.4115226
5256,1283.203125,3.3008604
5257,1283.447265625,3.2251174
5258,1283.69140625,3.1445386
5259,1283.935546875,3.0216746
5260,1284.1796875,2.7934337
5261,1284.423828125,2.641273
5262,1284.66796875,2.468307
5263,1284.912109375,2.308949
5264,1285.15625,2.108655
5265,1285.400390625,1.8919415
5266,1285.64453125,1.6652188
5267,1285.888671875,1.3878886
5268,1286.1328125,1.1319822
5269,1286.376953125,0.8657856
5270,1286.62109375,0.6274795
5271,1286.865234375,0.3013971
5272,1287.109375,0.098347664
5273,1287.353515625,-0.18290755
5274,1287.59765625,-0.44183913
5275,1287.841796875,-0.81863046
5276,1288.0859375,-1.0920471
5277,1288.330078125,-1.3666333
5278,1288.57421875,-1.5920963
5279,1288.818359375,-1.8402317
5280,1289.0625,-2.088097
5281,1289.306640625,-2.2671359
5282,1289.55078125,-2.4877405
5283,1289.794921875,-2.6301618
5284,1290.0390625,-2.720851
5285,1290.283203125,-2.8561647
5286,1290.52734375,-3.007673
5287,1290.771484375,-3.144606
5288,1291.015625,-3.320676
5289,1291.259765625,-3.3874333
5290,1291.50390625,-3.590314
5291,1291.748046875,-3.6568012
5292,1291.9921875,-3.701516
5293,1292.236328125,-3.696658
5294,1292.48046875,-3.66049
5295,1292.724609375,-3.634759
5296,1292.96875,-3.5535166
5297,1293.212890625,-3.5358827
5298,1293.45703125,-3.4342172
5299,1293.701171875,-3.2756913
5300,1293.9453125,-3.1701577
5301,1294.189453125,-3.019639
5302,1294.43359375,-2.826295
5303,1294.677734375,-2.6479757
5304,1294.921875,-2.500246
5305,1295.166015625,-2.28423
5306,1295.41015625,-2.0511196
5307,1295.654296875,-1.8109916
5308,1295.8984375,-1.5410838
5309,1296.142578125,-1.3107624
5310,1296.38671875,-1.0234905
5311,1296.630859375,-0.7616799
5312,1296.875,-0.50346804
5313,1297.119140625,-0.18560661
5314,1297.36328125,0.101384126
5315,1297.607421875,0.3398027
5316,1297.8515625,0.663917
5317,1298.095703125,0.9403476
5318,1298.33984375,1.2467493
5319,1298.583984375,1.4942774
5320,1298.828125,1.7362946
5321,1299.072265625,1.9892207
5322,1299.31640625,2.1774814
5323,1299.560546875,2.3869975
5324,1299.8046875,2.5181274
5325,1300.048828125,2.6862578
5326,1300.29296875,2.8309958
5327,1300.537109375,2.918772
5328,1300.78125,3.0729008
5329,1301.025390625,3.1835067
5330,1301.26953125,3.3466322
5331,1301.513671875,3.4602747
5332,1301.7578125,3.528595
5333,1302.001953125,3.5943289
5334,1302.24609375,3.5744233
5335,1302.490234375,3.5154371
5336,1302.734375,3.4998612
5337,1302.978515625,3.4914827
5338,1303.22265625,3.358497
5339,1303.466796875,3.2658286
5340,1303.7109375,3.1917162
5341,1303.955078125,3.048103
5342,1304.19921875,2.8586612
5343,1304.443359375,2.693343
5344,1304.6875,2.5736837
5345,1304.931640625,2.3689473
5346,1305.17578125,2.193957
5347,1305.419921875,1.9330461
5348,1305.6640625,1.6923221
5349,1305.908203125,1.4638563
5350,1306.15234375,1.1795535
5351,1306.396484375,0.93343127
5352,1306.640625,0.68399143
5353,1306.884765625,0.40064445
5354,1307.12890625,0.09660451
5355,1307.373046875,-0.14629003
5356,1307.6171875,-0.39865386
5357,1307.861328125,-0.71777487
5358,1308.10546875,-1.0400449
5359,1308.349609375,-1.3068937
5360,1308.59375,-1.6000137
5361,1308.837890625,-1.8151302
5362,1309.08203125,-2.0334857
5363,1309.326171875,-2.258319
5364,1309.5703125,-2.418734
5365,1309.814453125,-2.6222446
5366,1310.05859375,-2.7814903
5367,1310.302734375,-2.8850448
5368,1310.546875,-3.0165799
5369,1310.791015625,-3.1836529
5370,1311.03515625,-3.321306
5371,1311.279296875,-3.402638
5372,1311.5234375,-3.540471
5373,1311.767578125,-3.683702
5374,1312.01171875,-3.722209
5375,1312.255859375,-3.6907198
5376,1312.5,-3.7092535
5377,1312.744140625,-3.7085338
5378,1312.98828125,-3.6184742
5379,1313.232421875,-3.552167
5380,1313.4765625,-3.461928
5381,1313.720703125,-3.3730383
5382,1313.96484375,-3.2382643
5383,1314.208984375,-3.0375428
5384,1314.453125,-2.9116757
5385,1314.697265625,-2.7483816
5386,1314.94140625,-2.5462205
5387,1315.185546875,-2.3829265
5388,1315.4296875,-2.1508055
5389,1315.673828125,-1.8851262
5390,1315.91796875,-1.5983942
5391,1316.162109375,-1.364924
5392,1316.40625,-1.1116604
5393,1316.650390625,-0.85128933
5394,1316.89453125,-0.5900185
5395,1317.138671875,-0.32937753
5396,1317.3828125,0.04520956
5397,1317.626953125,0.2751935
5398,1317.87109375,0.6099355
5399,1318.115234375,0.8656731
5400,1318.359375,1.1512132
5401,1318.603515625,1.4468747
5402,1318.84765625,1.7328082
5403,1319.091796875,1.8885114
5404,1319.3359375,2.0893676
5405,1319.580078125,2.3279552
5406,1319.82421875,2.490181
5407,1320.068359375,2.637337
5408,1320.3125,2.7960203
5409,1320.556640625,2.9286687
5410,1320.80078125,3.04979
5411,1321.044921875,3.1390843
5412,1321.2890625,3.2594745
5413,1321.533203125,3.4210818
5414,1321.77734375,3.4991865
5415,1322.021484375,3.5840387
5416,1322.265625,3.5929232
5417,1322.509765625,3.5411346
5418,1322.75390625,3.48794
5419,1322.998046875,3.4843976
5420,1323.2421875,3.4006138
5421,1323.486328125,3.3196976
5422,1323.73046875,3.1718106
5423,1323.974609375,3.1344736
5424,1324.21875,2.9446945
5425,1324.462890625,2.7000904
5426,1324.70703125,2.5912275
5427,1324.951171875,2.4285522
5428,1325.1953125,2.2053156
5429,1325.439453125,2.0097451
5430,1325.68359375,1.8016909
5431,1325.927734375,1.5631038
5432,1326.171875,1.2867856
5433,1326.416015625,1.0095115
5434,1326.66015625,0.7355551
5435,1326.904296875,0.5358233
5436,1327.1484375,0.22295512
5437,1327.392578125,-0.078633144
5438,1327.63671875,-0.31507242
5439,1327.880859375,-0.58605987
5440,1328.125,-0.9112989
5441,1328.369140625,-1.2135056
5442,1328.61328125,-1.476396
5443,1328.857421875,-1.7041081
5444,1329.1015625,-1.9219236
5445,1329.345703125,-2.149096
5446,1329.58984375,-2.3445992
5447,1329.833984375,-2.4986267
5448,1330.078125,-2.6890018
5449,1330.322265625,-2.8321428
5450,1330.56640625,-2.9437046
5451,1330.810546875,-3.0609348
5452,1331.0546875,-3.2246788
5453,1331.298828125,-3.3674603
5454,1331.54296875,-3.4869392
5455,1331.787109375,-3.5978713
5456,1332.03125,-3.704305
5457,1332.275390625,-3.7123122
5458,1332.51953125,-3.6961179
5459,1332.763671875,-3.6883805
5460,1333.0078125,-3.628101
5461,1333.251953125,-3.5595446
5462,1333.49609375,-3.4926972
5463,1333.740234375,-3.3885128
5464,1333.984375,-3.2835188
5465,1334.228515625,-3.1402876
5466,1334.47265625,-2.9041183
5467,1334.716796875,-2.7751024
5468,1334.9609375,-2.5711422
5469,1335.205078125,-2.4135158
5470,1335.44921875,-2.2034376
5471,1335.693359375,-1.9857119
5472,1335.9375,-1.7225518
5473,1336.181640625,-1.446616
5474,1336.42578125,-1.2279907
5475,1336.669921875,-0.93559057
5476,1336.9140625,-0.63437337
5477,1337.158203125,-0.37751108
5478,1337.40234375,-0.13819282
5479,1337.646484375,0.16756777
5480,1337.890625,0.47886148
5481,1338.134765625,0.7561918
5482,1338.37890625,1.098075
5483,1338.623046875,1.3216486
5484,1338.8671875,1.5527573
5485,1339.111328125,1.8210344
5486,1339.35546875,2.001985
5487,1339.599609375,2.1962063
5488,1339.84375,2.3869412
5489,1340.087890625,2.570591
5490,1340.33203125,2.6877198
5491,1340.576171875,2.7890477
5492,1340.8203125,2.9478433
5493,1341.064453125,3.1127684
5494,1341.30859375,3.1851373
5495,1341.552734375,3.3369043
5496,1341.796875,3.473995
5497,1342.041015625,3.4895146
5498,1342.28515625,3.5551922
5499,1342.529296875,3.5352304
5500,1342.7734375,3.5053718
5501,1343.017578125,3.412197
5502,1343.26171875,3.399658
5503,1343.505859375,3.3189104
5504,1343.75,3.2025127
5505,1343.994140625,3.096349
5506,1344.23828125,2.9819193
5507,1344.482421875,2.7696478
5508,1344.7265625,2.6059601
5509,1344.970703125,2.4998527
5510,1345.21484375,2.304338
5511,1345.458984375,2.077728
5512,1345.703125,1.8480252
5513,1345.947265625,1.6155671
5514,1346.19140625,1.344141
5515,1346.435546875,1.0953759
5516,1346.6796875,0.84818536
5517,1346.923828125,0.63748854
5518,1347.16796875,0.34919327
5519,1347.412109375,0.06933258
5520,1347.65625,-0.21709588
5521,1347.900390625,-0.52308136
5522,1348.14453125,-0.8212396
5523,1348.388671875,-1.0842197
5524,1348.6328125,-1.3532279
5525,1348.876953125,-1.6165681
5526,1349.12109375,-1.8294353
5527,1349.365234375,-2.0788302
5528,1349.609375,-2.28423
5529,1349.853515625,-2.4288106
5530,1350.09765625,-2.5762703
5531,1350.341796875,-2.7910268
5532,1350.5859375,-2.911046
5533,1350.830078125,-3.001285
5534,1351.07421875,-3.1629598
5535,1351.318359375,-3.3253546
5536,1351.5625,-3.4180229
5537,1351.806640625,-3.5561256
5538,1352.05078125,-3.6182046
5539,1352.294921875,-3.6629193
5540,1352.5390625,-3.6564415
5541,1352.783203125,-3.6300805
5542,1353.02734375,-3.628101
5543,1353.271484375,-3.5599046
5544,1353.515625,-3.4425845
5545,1353.759765625,-3.3540547
5546,1354.00390625,-3.30943
5547,1354.248046875,-3.1066391
5548,1354.4921875,-2.9469438
5549,1354.736328125,-2.8179276
5550,1354.98046875,-2.6510348
5551,1355.224609375,-2.445725
5552,1355.46875,-2.258139
5553,1355.712890625,-2.0507598
5554,1355.95703125,-1.7804021
5555,1356.201171875,-1.5454923
5556,1356.4453125,-1.261909
5557,1356.689453125,-1.059928
5558,1356.93359375,-0.78561175
5559,1357.177734375,-0.4667606
5560,1357.421875,-0.20728922
5561,1357.666015625,0.017544009
5562,1357.91015625,0.35048658
5563,1358.154296875,0.65790033
5564,1358.3984375,0.96840686
5565,1358.642578125,1.2256064
5566,1358.88671875,1.4675677
5567,1359.130859375,1.6946838
5568,1359.375,1.9378258
5569,1359.619140625,2.0978024
5570,1359.86328125,2.2852197
5571,1360.107421875,2.4656081
5572,1360.3515625,2.6017427
5573,1360.595703125,2.7472682
5574,1360.83984375,2.8713696
5575,1361.083984375,3.037588
5576,1361.328125,3.122215
5577,1361.572265625,3.2599244
5578,1361.81640625,3.407193
5579,1362.060546875,3.4622989
5580,1362.3046875,3.5080147
5581,1362.548828125,3.4931135
5582,1362.79296875,3.474726
5583,1363.037109375,3.4658978
5584,1363.28125,3.3690684
5585,1363.525390625,3.3217783
5586,1363.76953125,3.2387254
5587,1364.013671875,3.1291313
5588,1364.2578125,2.9946837
5589,1364.501953125,2.8433666
5590,1364.74609375,2.6986287
5591,1364.990234375,2.5004148
5592,1365.234375,2.3341405
5593,1365.478515625,2.1392446
5594,1365.72265625,1.9053807
5595,1365.966796875,1.6867553
5596,1366.2109375,1.4558717
5597,1366.455078125,1.2286992
5598,1366.69921875,0.936299
5599,1366.943359375,0.6786495
5600,1367.1875,0.40632376
5601,1367.431640625,0.15199184
5602,1367.67578125,-0.10382455
5603,1367.919921875,-0.42843372
5604,1368.1640625,-0.7357688
5605,1368.408203125,-1.0201616
5606,1368.65234375,-1.297357
5607,1368.896484375,-1.5759019
5608,1369.140625,-1.718863
5609,1369.384765625,-1.9632196
5610,1369.62890625,-2.216753
5611,1369.873046875,-2.3589044
5612,1370.1171875,-2.513202
5613,1370.361328125,-2.668129
5614,1370.60546875,-2.8339422
5615,1370.849609375,-2.9411857
5616,1371.09375,-3.0792885
5617,1371.337890625,-3.2370946
5618,1371.58203125,-3.3638613
5619,1371.826171875,-3.4609382
5620,1372.0703125,-3.567102
5621,1372.314453125,-3.6864014
5622,1372.55859375,-3.6657982
5623,1372.802734375,-3.5922034
5624,1373.046875,-3.569261
5625,1373.291015625,-3.5532467
5626,1373.53515625,-3.45608
5627,1373.779296875,-3.3676403
5628,1374.0234375,-3.3200464
5629,1374.267578125,-3.1503642
5630,1374.51171875,-2.9928281
5631,1374.755859375,-2.7952554
5632,1375.0,-2.6517546
5633,1375.244140625,-2.4643486
5634,1375.48828125,-2.2641668
5635,1375.732421875,-2.0310564
5636,1375.9765625,-1.8167497
5637,1376.220703125,-1.6001936
5638,1376.46484375,-1.3455806
5639,1376.708984375,-1.057139
5640,1376.953125,-0.8323058
5641,1377.197265625,-0.5202024
5642,1377.44140625,-0.31543228
5643,1377.685546875,-0.01367533
5644,1377.9296875,0.2943682
5645,1378.173828125,0.59301
5646,1378.41796875,0.91442525
5647,1378.662109375,1.1536311
5648,1378.90625,1.4202213
5649,1379.150390625,1.6314805
5650,1379.39453125,1.8683808
5651,1379.638671875,2.048994
5652,1379.8828125,2.2459145
5653,1380.126953125,2.419049
5654,1380.37109375,2.5518098
5655,1380.615234375,2.6738307
5656,1380.859375,2.7762833
5657,1381.103515625,2.943401
5658,1381.34765625,3.0743065
5659,1381.591796875,3.187499
5660,1381.8359375,3.3040655
5661,1382.080078125,3.4316533
5662,1382.32421875,3.4712396
5663,1382.568359375,3.4738824
5664,1382.8125,3.4089358
5665,1383.056640625,3.4111853
5666,1383.30078125,3.340222
5667,1383.544921875,3.2912447
5668,1383.7890625,3.2205064
5669,1384.033203125,3.1457195
5670,1384.27734375,2.9680305
5671,1384.521484375,2.807435
5672,1384.765625,2.651957
5673,1385.009765625,2.4469395
5674,1385.25390625,2.3279552
5675,1385.498046875,2.152515
5676,1385.7421875,1.961499
5677,1385.986328125,1.725161
5678,1386.23046875,1.4268003
5679,1386.474609375,1.1958042
5680,1386.71875,0.9491759
5681,1386.962890625,0.6866905
5682,1387.20703125,0.4248237
5683,1387.451171875,0.16514985
5684,1387.6953125,-0.090329155
5685,1387.939453125,-0.37193298
5686,1388.18359375,-0.6623538
5687,1388.427734375,-0.96671987
5688,1388.671875,-1.2432854
5689,1388.916015625,-1.5073452
5690,1389.16015625,-1.7173336
5691,1389.404296875,-1.9499941
5692,1389.6484375,-2.1480165
5693,1389.892578125,-2.3641226
5694,1390.13671875,-2.5120323
5695,1390.380859375,-2.6463563
5696,1390.625,-2.769884
5697,1390.869140625,-2.9453244
5698,1391.11328125,-3.0511281
5699,1391.357421875,-3.1797843
5700,1391.6015625,-3.3021424
5701,1391.845703125,-3.4510417
5702,1392.08984375,-3.5511775
5703,1392.333984375,-3.6316998
5704,1392.578125,-3.6402469
5705,1392.822265625,-3.60201
5706,1393.06640625,-3.5382218
5707,1393.310546875,-3.5593648
5708,1393.5546875,-3.5034935
5709,1393.798828125,-3.3546844
5710,1394.04296875,-3.2630956
5711,1394.287109375,-3.1834729
5712,1394.53125,-2.9994857
5713,1394.775390625,-2.7939959
5714,1395.01953125,-2.63619
5715,1395.263671875,-2.469117
5716,1395.5078125,-2.319588
5717,1395.751953125,-2.1043813
5718,1395.99609375,-1.8403217
5719,1396.240234375,-1.575632
5720,1396.484375,-1.3130116
5721,1396.728515625,-1.0604678
5722,1396.97265625,-0.84472156
5723,1397.216796875,-0.5667165
5724,1397.4609375,-0.29338983
5725,1397.705078125,-0.006837665
5726,1397.94921875,0.25838053
5727,1398.193359375,0.5631515
5728,1398.4375,0.8720272
5729,1398.681640625,1.1521128
5730,1398.92578125,1.3770361
5731,1399.169921875,1.62895
5732,1399.4140625,1.8707424
5733,1399.658203125,2.0493877
5734,1399.90234375,2.2465892
5735,1400.146484375,2.3487604
5736,1400.390625,2.5532155
5737,1400.634765625,2.6650023
5738,1400.87890625,2.7940521
5739,1401.123046875,2.9033647
5740,1401.3671875,3.0773993
5741,1401.611328125,3.2211251
5742,1401.85546875,3.3026597
5743,1402.099609375,3.4199572
5744,1402.34375,3.495138
5745,1402.587890625,3.5018854
5746,1402.83203125,3.4467793
5747,1403.076171875,3.4915953
5748,1403.3203125,3.46989
5749,1403.564453125,3.3513556
5750,1403.80859375,3.2297847
5751,1404.052734375,3.18092
5752,1404.296875,3.061992
5753,1404.541015625,2.8536568
5754,1404.78515625,2.7444565
5755,1405.029296875,2.5903842
5756,1405.2734375,2.4756172
5757,1405.517578125,2.2324188
5758,1405.76171875,2.0389287
5759,1406.005859375,1.8064145
5760,1406.25,1.5312772
5761,1406.494140625,1.282962
5762,1406.73828125,1.0601755
5763,1406.982421875,0.7962281
5764,1407.2265625,0.52345246
5765,1407.470703125,0.22520435
5766,1407.71484375,-0.031849127
5767,1407.958984375,-0.29797825
5768,1408.203125,-0.57841253
5769,1408.447265625,-0.9130982
5770,1408.69140625,-1.1596141
5771,1408.935546875,-1.4620007
5772,1409.1796875,-1.6853045
5773,1409.423828125,-1.9127469
5774,1409.66796875,-2.1222854
5775,1409.912109375,-2.3294845
5776,1410.15625,-2.501236
5777,1410.400390625,-2.650135
5778,1410.64453125,-2.761697
5779,1410.888671875,-2.9072673
5780,1411.1328125,-3.1016011
5781,1411.376953125,-3.1842825
5782,1411.62109375,-3.330123
5783,1411.865234375,-3.449782
5784,1412.109375,-3.552347
5785,1412.353515625,-3.6342192
5786,1412.59765625,-3.6798334
5787,1412.841796875,-3.6561716
5788,1413.0859375,-3.6027298
5789,1413.330078125,-3.5753791
5790,1413.57421875,-3.5365124
5791,1413.818359375,-3.4417748
5792,1414.0625,-3.324185
5793,1414.306640625,-3.2148724
5794,1414.55078125,-3.1046598
5795,1414.794921875,-2.9090667
5796,1415.0390625,-2.7015977
5797,1415.283203125,-2.5605257
5798,1415.52734375,-2.3972316
5799,1415.771484375,-2.134251
5800,1416.015625,-1.93317
5801,1416.259765625,-1.683865
5802,1416.50390625,-1.4617308
5803,1416.748046875,-1.1989305
5804,1416.9921875,-0.901942
5805,1417.236328125,-0.62501657
5806,1417.48046875,-0.38668796
5807,1417.724609375,-0.10913274
5808,1417.96875,0.17026687
5809,1418.212890625,0.42864737
5810,1418.45703125,0.72638947
5811,1418.701171875,1.035659
5812,1418.9453125,1.327103
5813,1419.189453125,1.5527573
5814,1419.43359375,1.7515894
5815,1419.677734375,1.9543576
5816,1419.921875,2.1916516
5817,1420.166015625,2.3902025
5818,1420.41015625,2.5559146
5819,1420.654296875,2.6895192
5820,1420.8984375,2.760876
5821,1421.142578125,2.9184346
5822,1421.38671875,3.0550756
5823,1421.630859375,3.1626449
5824,1421.875,3.2665596
5825,1422.119140625,3.3936412
5826,1422.36328125,3.5034037
5827,1422.607421875,3.5394478
5828,1422.8515625,3.5026164
5829,1423.095703125,3.45527
5830,1423.33984375,3.424062
5831,1423.583984375,3.368731
5832,1423.828125,3.2798862
5833,1424.072265625,3.2285476
5834,1424.31640625,3.107539
5835,1424.560546875,2.9794452
5836,1424.8046875,2.7955704
5837,1425.048828125,2.6267655
5838,1425.29296875,2.4919243
5839,1425.537109375,2.2912364
5840,1425.78125,2.073567
5841,1426.025390625,1.8849125
5842,1426.26953125,1.6137677
5843,1426.513671875,1.3366623
5844,1426.7578125,1.0975127
5845,1427.001953125,0.83148485
5846,1427.24609375,0.5700116
5847,1427.490234375,0.29279375
5848,1427.734375,0.043353945
5849,1427.978515625,-0.23715901
5850,1428.22265625,-0.5208321
5851,1428.466796875,-0.83320546
5852,1428.7109375,-1.1191279
5853,1428.955078125,-1.3848071
5854,1429.19921875,-1.6594834
5855,1429.443359375,-1.915266
5856,1429.6875,-2.07919
5857,1429.931640625,-2.3071723
5858,1430.17578125,-2.4653382
5859,1430.419921875,-2.6586823
5860,1430.6640625,-2.755669
5861,1430.908203125,-2.9012394
5862,1431.15234375,-3.0564363
5863,1431.396484375,-3.1767251
5864,1431.640625,-3.3382201
5865,1431.884765625,-3.3824852
5866,1432.12890625,-3.5760088
5867,1432.373046875,-3.6504135
5868,1432.6171875,-3.7188802
5869,1432.861328125,-3.7327354
5870,1433.10546875,-3.6570714
5871,1433.349609375,-3.6012902
5872,1433.59375,-3.5390315
5873,1433.837890625,-3.502324
5874,1434.08203125,-3.4015584
5875,1434.326171875,-3.2897267
5876,1434.5703125,-3.1554027
5877,1434.814453125,-2.9997559
5878,1435.05859375,-2.767095
5879,1435.302734375,-2.5981326
5880,1435.546875,-2.4470744
5881,1435.791015625,-2.263807
5882,1436.03515625,-2.0104535
5883,1436.279296875,-1.7219219
5884,1436.5234375,-1.4790049
5885,1436.767578125,-1.2295201
5886,1437.01171875,-0.9891223
5887,1437.255859375,-0.7179548
5888,1437.5,-0.4316726
5889,1437.744140625,-0.16788268
5890,1437.98828125,0.13231106
5891,1438.232421875,0.4467537
5892,1438.4765625,0.6840477
5893,1438.720703125,0.97751623
5894,1438.96484375,1.2667674
5895,1439.208984375,1.4629005
5896,1439.453125,1.7559192
5897,1439.697265625,1.9401312
5898,1439.94140625,2.1942945
5899,1440.185546875,2.3620872
5900,1440.4296875,2.5294862
5901,1440.673828125,2.628621
5902,1440.91796875,2.8094594
5903,1441.162109375,2.9001598
5904,1441.40625,3.022293
5905,1441.650390625,3.1672559
5906,1441.89453125,3.3286383
5907,1442.138671875,3.4270425
5908,1442.3828125,3.5187547
5909,1442.626953125,3.584826
5910,1442.87109375,3.564639
5911,1443.115234375,3.4773126
5912,1443.359375,3.4955316
5913,1443.603515625,3.4422245
5914,1443.84765625,3.3771656
5915,1444.091796875,3.267909
5916,1444.3359375,3.1271634
5917,1444.580078125,3.0523765
5918,1444.82421875,2.846909
5919,1445.068359375,2.6768107
5920,1445.3125,2.5462432
5921,1445.556640625,2.3624246
5922,1445.80078125,2.1752322
5923,1446.044921875,1.9473289
5924,1446.2890625,1.7181883
5925,1446.533203125,1.4603701
5926,1446.77734375,1.1806781
5927,1447.021484375,0.95862263
5928,1447.265625,0.7180673
5929,1447.509765625,0.39850765
5930,1447.75390625,0.124382526
5931,1447.998046875,-0.12523724
5932,1448.2421875,-0.4281638
5933,1448.486328125,-0.717505
5934,1448.73046875,-1.086199
5935,1448.974609375,-1.3454906
5936,1449.21875,-1.5786909
5937,1449.462890625,-1.8265563
5938,1449.70703125,-2.0696533
5939,1449.951171875,-2.2419446
5940,1450.1953125,-2.3903937
5941,1450.439453125,-2.6009219
5942,1450.68359375,-2.744513
5943,1450.927734375,-2.8606632
5944,1451.171875,-3.0178394
5945,1451.416015625,-3.156932
5946,1451.66015625,-3.3025923
5947,1451.904296875,-3.4212618
5948,1452.1484375,-3.5440698
5949,1452.392578125,-3.6600404
5950,1452.63671875,-3.7117724
5951,1452.880859375,-3.6472645
5952,1453.125,-3.6500535
5953,1453.369140625,-3.646095
5954,1453.61328125,-3.6048892
5955,1453.857421875,-3.4992652
5956,1454.1015625,-3.4196424
5957,1454.345703125,-3.3154578
5958,1454.58984375,-3.1758256
5959,1454.833984375,-3.0391624
5960,1455.078125,-2.854545
5961,1455.322265625,-2.6542735
5962,1455.56640625,-2.4781137
5963,1455.810546875,-2.3149993
5964,1456.0546875,-2.0685737
5965,1456.298828125,-1.8268262
5966,1456.54296875,-1.569424
5967,1456.787109375,-1.3261472
5968,1457.03125,-1.0734235
5969,1457.275390625,-0.82240915
5970,1457.51953125,-0.5451238
5971,1457.763671875,-0.23814867
5972,1458.0078125,0.02755309
5973,1458.251953125,0.3013971
5974,1458.49609375,0.59548414
5975,1458.740234375,0.90289795
5976,1458.984375,1.1760672
5977,1459.228515625,1.4963578
5978,1459.47265625,1.7182446
5979,1459.716796875,1.9160082
5980,1459.9609375,2.1383448
5981,1460.205078125,2.2731302
5982,1460.44921875,2.4371552
5983,1460.693359375,2.6208613
5984,1460.9375,2.7733593
5985,1461.181640625,2.9122493
5986,1461.42578125,3.0199313
5987,1461.669921875,3.1447635
5988,1461.9140625,3.2892206
5989,1462.158203125,3.388468
5990,1462.40234375,3.4813051
5991,1462.646484375,3.6013577
5992,1462.890625,3.590674
5993,1463.134765625,3.5415843
5994,1463.37890625,3.4916515
5995,1463.623046875,3.4800677
5996,1463.8671875,3.4065742
5997,1464.111328125,3.3208785
5998,1464.35546875,3.142908
5999,1464.599609375,3.0814478
6000,1464.84375,2.927544
6001,1465.087890625,2.7395084
6002,1465.33203125,2.6058476
6003,1465.576171875,2.3944762
6004,1465.8203125,2.2052596
6005,1466.064453125,1.9790429
6006,1466.30859375,1.7479343
6007,1466.552734375,1.5347635
6008,1466.796875,1.1897875
6009,1467.041015625,0.99342954
6010,1467.28515625,0.714581
6011,1467.529296875,0.4660971
6012,1467.7734375,0.20417403
6013,1468.017578125,-0.09635709
6014,1468.26171875,-0.38650802
6015,1468.505859375,-0.66739213
6016,1468.75,-1.0004584
6017,1468.994140625,-1.2924087
6018,1469.23828125,-1.5764418
6019,1469.482421875,-1.771855
6020,1469.7265625,-1.9897605
6021,1469.970703125,-2.2362764
6022,1470.21484375,-2.3747392
6023,1470.458984375,-2.5743809
6024,1470.703125,-2.7535098
6025,1470.947265625,-2.8977306
6026,1471.19140625,-2.998766
6027,1471.435546875,-3.121844
6028,1471.6796875,-3.2765913
6029,1471.923828125,-3.4240508
6030,1472.16796875,-3.5168092
6031,1472.412109375,-3.6523929
6032,1472.65625,-3.760266
6033,1472.900390625,-3.707994
6034,1473.14453125,-3.6576111
6035,1473.388671875,-3.6895502
6036,1473.6328125,-3.6451054
6037,1473.876953125,-3.5348928
6038,1474.12109375,-3.4682257
6039,1474.365234375,-3.364401
6040,1474.609375,-3.2548187
6041,1474.853515625,-3.0653434
6042,1475.09765625,-2.8957512
6043,1475.341796875,-2.7390246
6044,1475.5859375,-2.5948038
6045,1475.830078125,-2.381307
6046,1476.07421875,-2.1523352
6047,1476.318359375,-1.9426167
6048,1476.5625,-1.6651515
6049,1476.806640625,-1.4075693
6050,1477.05078125,-1.1699605
6051,1477.294921875,-0.8907858
6052,1477.5390625,-0.6263661
6053,1477.783203125,-0.35438898
6054,1478.02734375,-0.115610525
6055,1478.271484375,0.2218305
6056,1478.515625,0.49775502
6057,1478.759765625,0.8439681
6058,1479.00390625,1.0996494
6059,1479.248046875,1.3670269
6060,1479.4921875,1.5831219
6061,1479.736328125,1.8404902
6062,1479.98046875,2.02802
6063,1480.224609375,2.2237594
6064,1480.46875,2.419049
6065,1480.712890625,2.5563648
6066,1480.95703125,2.6620786
6067,1481.201171875,2.8108652
6068,1481.4453125,2.9556596
6069,1481.689453125,3.060811
6070,1481.93359375,3.2253985
6071,1482.177734375,3.3438208
6072,1482.421875,3.4823172
6073,1482.666015625,3.5339372
6074,1482.91015625,3.5520995
6075,1483.154296875,3.5392227
6076,1483.3984375,3.5330372
6077,1483.642578125,3.4383447
6078,1483.88671875,3.3956654
6079,1484.130859375,3.3301003
6080,1484.375,3.2085855
6081,1484.619140625,3.1185038
6082,1484.86328125,2.9658935
6083,1485.107421875,2.785224
6084,1485.3515625,2.5984814
6085,1485.595703125,2.4845016
6086,1485.83984375,2.318958
6087,1486.083984375,2.0866687
6088,1486.328125,1.8794583
6089,1486.572265625,1.616523
6090,1486.81640625,1.3891257
6091,1487.060546875,1.0780569
6092,1487.3046875,0.8048314
6093,1487.548828125,0.5456637
6094,1487.79296875,0.32934377
6095,1488.037109375,0.046109255
6096,1488.28125,-0.23769884
6097,1488.525390625,-0.5495323
6098,1488.76953125,-0.8545282
6099,1489.013671875,-1.1426098
6100,1489.2578125,-1.4332106
6101,1489.501953125,-1.6773872
6102,1489.74609375,-1.8851262
6103,1489.990234375,-2.1643012
6104,1490.234375,-2.328495
6105,1490.478515625,-2.5379434
6106,1490.72265625,-2.6549034
6107,1490.966796875,-2.8038025
6108,1491.2109375,-2.9614286
6109,1491.455078125,-3.0773091
6110,1491.69921875,-3.2172112
6111,1491.943359375,-3.3520753
6112,1492.1875,-3.4864895
6113,1492.431640625,-3.566922
6114,1492.67578125,-3.6705666
6115,1492.919921875,-3.7339048
6116,1493.1640625,-3.684062
6117,1493.408203125,-3.5895042
6118,1493.65234375,-3.643396
6119,1493.896484375,-3.5883348
6120,1494.140625,-3.4649868
6121,1494.384765625,-3.3869834
6122,1494.62890625,-3.2776709
6123,1494.873046875,-3.1419072
6124,1495.1171875,-2.9084368
6125,1495.361328125,-2.7510805
6126,1495.60546875,-2.6154969
6127,1495.849609375,-2.390034
6128,1496.09375,-2.1651106
6129,1496.337890625,-1.9793241
6130,1496.58203125,-1.7039281
6131,1496.826171875,-1.4486853
6132,1497.0703125,-1.1965015
6133,1497.314453125,-0.9637509
6134,1497.55859375,-0.68502605
6135,1497.802734375,-0.40747085
6136,1498.046875,-0.15699638
6137,1498.291015625,0.13399799
6138,1498.53515625,0.39890128
6139,1498.779296875,0.7058652
6140,1499.0234375,0.9630087
6141,1499.267578125,1.2943767
6142,1499.51171875,1.5193
6143,1499.755859375,1.7587869
6144,1500.0,1.9543576
6145,1500.244140625,2.1339028
6146,1500.48828125,2.3036072
6147,1500.732421875,2.480003
6148,1500.9765625,2.644928
6149,1501.220703125,2.7449627
6150,1501.46484375,2.9052768
6151,1501.708984375,3.0392747
6152,1501.953125,3.132618
6153,1502.197265625,3.2559319
6154,1502.44140625,3.4005013
6155,1502.685546875,3.5032349
6156,1502.9296875,3.519092
6157,1503.173828125,3.52494
6158,1503.41796875,3.5025601
6159,1503.662109375,3.4966
6160,1503.90625,3.4016821
6161,1504.150390625,3.354111
6162,1504.39453125,3.2183135
6163,1504.638671875,3.1327302
6164,1504.8828125,3.0489464
6165,1505.126953125,2.8866642
6166,1505.37109375,2.6706817
6167,1505.615234375,2.5143602
6168,1505.859375,2.3686662
6169,1506.103515625,2.1889524
6170,1506.34765625,1.9258486
6171,1506.591796875,1.6941216
6172,1506.8359375,1.4489553
6173,1507.080078125,1.1995153
6174,1507.32421875,0.93157566
6175,1507.568359375,0.68005526
6176,1507.8125,0.40216267
6177,1508.056640625,0.18173794
6178,1508.30078125,-0.14476056
6179,1508.544921875,-0.44354856
6180,1508.7890625,-0.74287635
6181,1509.033203125,-1.045263
6182,1509.27734375,-1.3173302
6183,1509.521484375,-1.5678046
6184,1509.765625,-1.8252968
6185,1510.009765625,-2.0415828
6186,1510.25390625,-2.2277293
6187,1510.498046875,-2.4119864
6188,1510.7421875,-2.538753
6189,1510.986328125,-2.7185118
6190,1511.23046875,-2.890533
6191,1511.474609375,-2.9918382
6192,1511.71875,-3.1235533
6193,1511.962890625,-3.262376
6194,1512.20703125,-3.3931015
6195,1512.451171875,-3.5016942
6196,1512.6953125,-3.6233327
6197,1512.939453125,-3.6663382
6198,1513.18359375,-3.6366482
6199,1513.427734375,-3.6006603
6200,1513.671875,-3.5940928
6201,1513.916015625,-3.5210376
6202,1514.16015625,-3.438086
6203,1514.404296875,-3.3401995
6204,1514.6484375,-3.2505
6205,1514.892578125,-3.1536033
6206,1515.13671875,-2.9545012
6207,1515.380859375,-2.793456
6208,1515.625,-2.644557
6209,1515.869140625,-2.4482439
6210,1516.11328125,-2.260568
6211,1516.357421875,-2.0244887
6212,1516.6015625,-1.8226876
6213,1516.845703125,-1.5624965
6214,1517.08984375,-1.2708161
6215,1517.333984375,-1.0518309
6216,1517.578125,-0.83734405
6217,1517.822265625,-0.53990567
6218,1518.06640625,-0.24930488
6219,1518.310546875,0.006972619
6220,1518.5546875,0.27637437
6221,1518.798828125,0.5641074
6222,1519.04296875,0.86398625
6223,1519.287109375,1.1405293
6224,1519.53125,1.3769236
6225,1519.775390625,1.6324925
6226,1520.01953125,1.8501619
6227,1520.263671875,2.0220034
6228,1520.5078125,2.234331
6229,1520.751953125,2.4070718
6230,1520.99609375,2.5520346
6231,1521.240234375,2.6558368
6232,1521.484375,2.7986631
6233,1521.728515625,2.9525106
6234,1521.97265625,3.0945494
6235,1522.216796875,3.1830568
6236,1522.4609375,3.3324058
6237,1522.705078125,3.4677534
6238,1522.94921875,3.5365798
6239,1523.193359375,3.5094767
6240,1523.4375,3.4538646
6241,1523.681640625,3.4676409
6242,1523.92578125,3.378065
6243,1524.169921875,3.3184605
6244,1524.4140625,3.2763438
6245,1524.658203125,3.1854749
6246,1524.90234375,3.0397243
6247,1525.146484375,2.8442664
6248,1525.390625,2.7340539
6249,1525.634765625,2.5636747
6250,1525.87890625,2.3768196
6251,1526.123046875,2.187603
6252,1526.3671875,1.9894456
6253,1526.611328125,1.7118905
6254,1526.85546875,1.4897226
6255,1527.099609375,1.2724468
6256,1527.34375,0.9930359
6257,1527.587890625,0.7212724
6258,1527.83203125,0.47869277
6259,1528.076171875,0.17915133
6260,1528.3203125,-0.07944287
6261,1528.564453125,-0.38075
6262,1528.80859375,-0.71705514
6263,1529.052734375,-1.0006382
6264,1529.296875,-1.2449949
6265,1529.541015625,-1.5050961
6266,1529.78515625,-1.7851704
6267,1530.029296875,-1.9873314
6268,1530.2734375,-2.1797757
6269,1530.517578125,-2.3570151
6270,1530.76171875,-2.5550375
6271,1531.005859375,-2.6762261
6272,1531.25,-2.7957954
6273,1531.494140625,-2.974744
6274,1531.73828125,-3.0789287
6275,1531.982421875,-3.1984076
6276,1532.2265625,-3.3253546
6277,1532.470703125,-3.5136602
6278,1532.71484375,-3.5894144
6279,1532.958984375,-3.6328695
6280,1533.203125,-3.639527
6281,1533.447265625,-3.6241424
6282,1533.69140625,-3.546769
6283,1533.935546875,-3.5950823
6284,1534.1796875,-3.4866695
6285,1534.423828125,-3.3839245
6286,1534.66796875,-3.2675045
6287,1534.912109375,-3.1708772
6288,1535.15625,-2.975554
6289,1535.400390625,-2.8010135
6290,1535.64453125,-2.674157
6291,1535.888671875,-2.4865708
6292,1536.1328125,-2.2913377
6293,1536.376953125,-2.0925055
6294,1536.62109375,-1.830245
6295,1536.865234375,-1.5962349
6296,1537.109375,-1.3053643
6297,1537.353515625,-1.0928568
6298,1537.59765625,-0.8160214
6299,1537.841796875,-0.5174133
6300,1538.0859375,-0.30580556
6301,1538.330078125,-0.041475836
6302,1538.57421875,0.2492149
6303,1538.818359375,0.54757553
6304,1539.0625,0.86713517
6305,1539.306640625,1.1664517
6306,1539.55078125,1.3807472
6307,1539.794921875,1.6361476
6308,1540.0390625,1.8546042
6309,1540.283203125,2.0682814
6310,1540.52734375,2.253618
6311,1540.771484375,2.3903713
6312,1541.015625,2.5736275
6313,1541.259765625,2.7061074
6314,1541.50390625,2.8189063
6315,1541.748046875,2.984731
6316,1541.9921875,3.135092
6317,1542.236328125,3.2436736
6318,1542.48046875,3.3408403
6319,1542.724609375,3.457913
6320,1542.96875,3.556879
6321,1543.212890625,3.5297759
6322,1543.45703125,3.4743886
6323,1543.701171875,3.4723644
6324,1543.9453125,3.443799
6325,1544.189453125,3.3770533
6326,1544.43359375,3.3019288
6327,1544.677734375,3.2008257
6328,1544.921875,3.0576622
6329,1545.166015625,2.8890822
6330,1545.41015625,2.7409704
6331,1545.654296875,2.6076472
6332,1545.8984375,2.4076903
6333,1546.142578125,2.2118385
6334,1546.38671875,1.9978242
6335,1546.630859375,1.7811668
6336,1546.875,1.5168259
6337,1547.119140625,1.2549028
6338,1547.36328125,1.0269992
6339,1547.607421875,0.7682814
6340,1547.8515625,0.51895404
6341,1548.095703125,0.17459664
6342,1548.33984375,-0.06468791
6343,1548.583984375,-0.33432585
6344,1548.828125,-0.64094114
6345,1549.072265625,-0.96357095
6346,1549.31640625,-1.2241219
6347,1549.560546875,-1.496279
6348,1549.8046875,-1.748283
6349,1550.048828125,-1.9465752
6350,1550.29296875,-2.1669102
6351,1550.537109375,-2.3565655
6352,1550.78125,-2.5279567
6353,1551.025390625,-2.691521
6354,1551.26953125,-2.7896774
6355,1551.513671875,-2.9218423
6356,1551.7578125,-3.0728106
6357,1552.001953125,-3.194899
6358,1552.24609375,-3.3404694
6359,1552.490234375,-3.4716446
6360,1552.734375,-3.6007504
6361,1552.978515625,-3.6390774
6362,1553.22265625,-3.6675975
6363,1553.466796875,-3.6561716
6364,1553.7109375,-3.5967917
6365,1553.955078125,-3.5403812
6366,1554.19921875,-3.5248165
6367,1554.443359375,-3.4567997
6368,1554.6875,-3.3038518
6369,1554.931640625,-3.1767251
6370,1555.17578125,-3.0819876
6371,1555.419921875,-2.9032185
6372,1555.6640625,-2.686123
6373,1555.908203125,-2.5648444
6374,1556.15234375,-2.3686213
6375,1556.396484375,-2.1024022
6376,1556.640625,-1.9328101
6377,1556.884765625,-1.6664109
6378,1557.12890625,-1.4580421
6379,1557.373046875,-1.1877744
6380,1557.6171875,-0.89168555
6381,1557.861328125,-0.6519174
6382,1558.10546875,-0.38407883
6383,1558.349609375,-0.15717633
6384,1558.59375,0.11594791
6385,1558.837890625,0.4766685
6386,1559.08203125,0.7646264
6387,1559.326171875,1.0837362
6388,1559.5703125,1.3368872
6389,1559.814453125,1.5864396
6390,1560.05859375,1.7714951
6391,1560.302734375,1.9731387
6392,1560.546875,2.1971061
6393,1560.791015625,2.3767633
6394,1561.03515625,2.5037887
6395,1561.279296875,2.6447031
6396,1561.5234375,2.7919717
6397,1561.767578125,2.8912752
6398,1562.01171875,3.0247111
6399,1562.255859375,3.2000384
6400,1562.5,3.2826977
6401,1562.744140625,3.4186077
6402,1562.98828125,3.4819236
6403,1563.232421875,3.5718365
6404,1563.4765625,3.5077336
6405,1563.720703125,3.453527
6406,1563.96484375,3.4399192
6407,1564.208984375,3.3956654
6408,1564.453125,3.3148055
6409,1564.697265625,3.1835067
6410,1564.94140625,3.1524673
6411,1565.185546875,2.9617887
6412,1565.4296875,2.7699292
6413,1565.673828125,2.632501
6414,1565.91796875,2.4540806
6415,1566.162109375,2.2628398
6416,1566.40625,2.0729485
6417,1566.650390625,1.8666939
6418,1566.89453125,1.6199532
6419,1567.138671875,1.3562306
6420,1567.3828125,1.0892467
6421,1567.626953125,0.83401525
6422,1567.87109375,0.5853064
6423,1568.115234375,0.30561438
6424,1568.359375,0.02103032
6425,1568.603515625,-0.20054151
6426,1568.84765625,-0.5523214
6427,1569.091796875,-0.8311362
6428,1569.3359375,-1.1735593
6429,1569.580078125,-1.4565127
6430,1569.82421875,-1.6539953
6431,1570.068359375,-1.917785
6432,1570.3125,-2.117967
6433,1570.556640625,-2.2898982
6434,1570.80078125,-2.4743352
6435,1571.044921875,-2.6719074
6436,1571.2890625,-2.7759123
6437,1571.533203125,-2.8840551
6438,1571.77734375,-3.036823
6439,1572.021484375,-3.1657488
6440,1572.265625,-3.2993534
6441,1572.509765625,-3.4249504
6442,1572.75390625,-3.5546863
6443,1572.998046875,-3.6218033
6444,1573.2421875,-3.6803732
6445,1573.486328125,-3.6396172
6446,1573.73046875,-3.6390774
6447,1573.974609375,-3.5708807
6448,1574.21875,-3.5044832
6449,1574.462890625,-3.474074
6450,1574.70703125,-3.3520753
6451,1574.951171875,-3.2514899
6452,1575.1953125,-3.07416
6453,1575.439453125,-2.9185133
6454,1575.68359375,-2.7482016
6455,1575.927734375,-2.5753706
6456,1576.171875,-2.3967814
6457,1576.416015625,-2.2095556
6458,1576.66015625,-1.9771649
6459,1576.904296875,-1.7092364
6460,1577.1484375,-1.4721673
6461,1577.392578125,-1.247514
6462,1577.63671875,-0.94935584
6463,1577.880859375,-0.70841813
6464,1578.125,-0.44759715
6465,1578.369140625,-0.15852587
6466,1578.61328125,0.103127286
6467,1578.857421875,0.36505035
6468,1579.1015625,0.6893896
6469,1579.345703125,1.0086681
6470,1579.58984375,1.2858297
6471,1579.833984375,1.5147452
6472,1580.078125,1.746866
6473,1580.322265625,1.9609929
6474,1580.56640625,2.185466
6475,1580.810546875,2.4035854
6476,1581.0546875,2.4873693
6477,1581.298828125,2.6504388
6478,1581.54296875,2.8083348
6479,1581.787109375,2.9291747
6480,1582.03125,3.0104847
6481,1582.275390625,3.2061114
6482,1582.51953125,3.3502872
6483,1582.763671875,3.4343524
6484,1583.0078125,3.5437212
6485,1583.251953125,3.6004019
6486,1583.49609375,3.59163
6487,1583.740234375,3.5143125
6488,1583.984375,3.4829357
6489,1584.228515625,3.4584754
6490,1584.47265625,3.39724
6491,1584.716796875,3.267909
6492,1584.9609375,3.1508365
6493,1585.205078125,3.029884
6494,1585.44921875,2.8436477
6495,1585.693359375,2.5979753
6496,1585.9375,2.5141354
6497,1586.181640625,2.3070934
6498,1586.42578125,2.1502657
6499,1586.669921875,1.8830569
6500,1586.9140625,1.6529044
6501,1587.158203125,1.4121803
6502,1587.40234375,1.100774
6503,1587.646484375,0.8809117
6504,1587.890625,0.61010414
6505,1588.134765625,0.35886496
6506,1588.37890625,0.08845104
6507,1588.623046875,-0.25227386
6508,1588.8671875,-0.4995094
6509,1589.111328125,-0.79082996
6510,1589.35546875,-1.0733334
6511,1589.599609375,-1.394164
6512,1589.84375,-1.6406797
6513,1590.087890625,-1.9072587
6514,1590.33203125,-2.1270537
6515,1590.576171875,-2.3228269
6516,1590.8203125,-2.5073538
6517,1591.064453125,-2.6351101
6518,1591.30859375,-2.8244956
6519,1591.552734375,-2.925621
6520,1591.796875,-2.9979563
6521,1592.041015625,-3.2061453
6522,1592.28515625,-3.3397496
6523,1592.529296875,-3.435567
6524,1592.7734375,-3.5008845
6525,1593.017578125,-3.6316998
6526,1593.26171875,-3.707004
6527,1593.505859375,-3.6529326
6528,1593.75,-3.6589606
6529,1593.994140625,-3.6848717
6530,1594.23828125,-3.5863552
6531,1594.482421875,-3.4843302
6532,1594.7265625,-3.399939
6533,1594.970703125,-3.2793803
6534,1595.21484375,-3.1572018
6535,1595.458984375,-2.9737546
6536,1595.703125,-2.8393404
6537,1595.947265625,-2.6713676
6538,1596.19140625,-2.4771242
6539,1596.435546875,-2.263537
6540,1596.6796875,-2.0583172
6541,1596.923828125,-1.8015448
6542,1597.16796875,-1.5558387
6543,1597.412109375,-1.2994263
6544,1597.65625,-1.0601081
6545,1597.900390625,-0.79613817
6546,1598.14453125,-0.5145343
6547,1598.388671875,-0.22627273
6548,1598.6328125,0.028284092
6549,1598.876953125,0.3253514
6550,1599.12109375,0.6517149
6551,1599.365234375,0.92915773
6552,1599.609375,1.2017646
6553,1599.853515625,1.4528352
6554,1600.09765625,1.7489465
6555,1600.341796875,1.9149399
6556,1600.5859375,2.1055062
6557,1600.830078125,2.3233442
6558,1601.07421875,2.4817462
6559,1601.318359375,2.6130452
6560,1601.5625,2.7530036
6561,1601.806640625,2.908538
6562,1602.05078125,3.063229
6563,1602.294921875,3.1747348
6564,1602.5390625,3.2922008
6565,1602.783203125,3.4365451
6566,1603.02734375,3.5018294
6567,1603.271484375,3.5613778
6568,1603.515625,3.570487
6569,1603.759765625,3.604338
6570,1604.00390625,3.530001
6571,1604.248046875,3.4711835
6572,1604.4921875,3.421869
6573,1604.736328125,3.3133998
6574,1604.98046875,3.16242
6575,1605.224609375,3.0793672
6576,1605.46875,2.94312
6577,1605.712890625,2.7200525
6578,1605.95703125,2.5806
6579,1606.201171875,2.4112327
6580,1606.4453125,2.2370298
6581,1606.689453125,1.9848909
6582,1606.93359375,1.7323022
6583,1607.177734375,1.4977635
6584,1607.421875,1.2276307
6585,1607.666015625,0.9574418
6586,1607.91015625,0.70715857
6587,1608.154296875,0.46924603
6588,1608.3984375,0.17352825
6589,1608.642578125,-0.10427439
6590,1608.88671875,-0.3847986
6591,1609.130859375,-0.70275
6592,1609.375,-0.9990188
6593,1609.619140625,-1.3013157
6594,1609.86328125,-1.5893073
6595,1610.107421875,-1.7936275
6596,1610.3515625,-1.9988475
6597,1610.595703125,-2.22575
6598,1610.83984375,-2.4052386
6599,1611.083984375,-2.5586362
6600,1611.328125,-2.7393847
6601,1611.572265625,-2.872989
6602,1611.81640625,-2.972765
6603,1612.060546875,-3.1170754
6604,1612.3046875,-3.2597668
6605,1612.548828125,-3.3958905
6606,1612.79296875,-3.4884686
6607,1613.037109375,-3.6051588
6608,1613.28125,-3.707814
6609,1613.525390625,-3.7234685
6610,1613.76953125,-3.6502335
6611,1614.013671875,-3.617035
6612,1614.2578125,-3.5808673
6613,1614.501953125,-3.517529
6614,1614.74609375,-3.4299889
6615,1614.990234375,-3.3199563
6616,1615.234375,-3.218741
6617,1615.478515625,-3.014061
6618,1615.72265625,-2.8417697
6619,1615.966796875,-2.715093
6620,1616.2109375,-2.477934
6621,1616.455078125,-2.331194
6622,1616.69921875,-2.1119387
6623,1616.943359375,-1.879908
6624,1617.1875,-1.63978
6625,1617.431640625,-1.3925445
6626,1617.67578125,-1.1329831
6627,1617.919921875,-0.8428322
6628,1618.1640625,-0.5465633
6629,1618.408203125,-0.33774468
6630,1618.65234375,-0.03742722
6631,1618.896484375,0.2382499
6632,1619.140625,0.530144
6633,1619.384765625,0.8249058
6634,1619.62890625,1.1360871
6635,1619.873046875,1.3847959
6636,1620.1171875,1.616017
6637,1620.361328125,1.8684932
6638,1620.60546875,2.0678878
6639,1620.849609375,2.247489
6640,1621.09375,2.4886627
6641,1621.337890625,2.63908
6642,1621.58203125,2.7498548
6643,1621.826171875,2.8743498
6644,1622.0703125,3.0312898
6645,1622.314453125,3.12587
6646,1622.55859375,3.2614427
6647,1622.802734375,3.3959465
6648,1623.046875,3.5109386
6649,1623.291015625,3.62773
6650,1623.53515625,3.575154
6651,1623.779296875,3.5800462
6652,1624.0234375,3.565595
6653,1624.267578125,3.4705086
6654,1624.51171875,3.4346895
6655,1624.755859375,3.3322933
6656,1625.0,3.2051556
6657,1625.244140625,3.111475
6658,1625.48828125,2.9934466
6659,1625.732421875,2.7675114
6660,1625.9765625,2.6033735
6661,1626.220703125,2.4173622
6662,1626.46484375,2.2763915
6663,1626.708984375,2.0137935
6664,1626.953125,1.7869586
6665,1627.197265625,1.5646219
6666,1627.44140625,1.2910591
6667,1627.685546875,1.0282927
6668,1627.9296875,0.75276166
6669,1628.173828125,0.4973614
6670,1628.41796875,0.23898089
6671,1628.662109375,-0.022132443
6672,1628.90625,-0.35186982
6673,1629.150390625,-0.6639733
6674,1629.39453125,-0.9472865
6675,1629.638671875,-1.2282606
6676,1629.8828125,-1.5214704
6677,1630.126953125,-1.751342
6678,1630.37109375,-1.9660985
6679,1630.615234375,-2.1932712
6680,1630.859375,-2.410187
6681,1631.103515625,-2.5399227
6682,1631.34765625,-2.6761363
6683,1631.591796875,-2.834842
6684,1631.8359375,-2.9804122
6685,1632.080078125,-3.0788386
6686,1632.32421875,-3.1985877
6687,1632.568359375,-3.3673701
6688,1632.8125,-3.496926
6689,1633.056640625,-3.5796976
6690,1633.30078125,-3.6844218
6691,1633.544921875,-3.7355244
6692,1633.7890625,-3.6616597
6693,1634.033203125,-3.607588
6694,1634.27734375,-3.6214433
6695,1634.521484375,-3.5892344
6696,1634.765625,-3.4538307
6697,1635.009765625,-3.346857
6698,1635.25390625,-3.2469912
6699,1635.498046875,-3.0970125
6700,1635.7421875,-2.9212124
6701,1635.986328125,-2.737945
6702,1636.23046875,-2.6038907
6703,1636.474609375,-2.4117165
6704,1636.71875,-2.1715884
6705,1636.962890625,-1.997138
6706,1637.20703125,-1.7185031
6707,1637.451171875,-1.4629005
6708,1637.6953125,-1.1857052
6709,1637.939453125,-0.97535694
6710,1638.18359375,-0.69312334
6711,1638.427734375,-0.40072316
6712,1638.671875,-0.16608329
6713,1638.916015625,0.15671524
6714,1639.16015625,0.448047
6715,1639.404296875,0.7435961
6716,1639.6484375,1.040101
6717,1639.892578125,1.3343569
6718,1640.13671875,1.5647907
6719,1640.380859375,1.7694145
6720,1640.625,2.037242
6721,1640.869140625,2.206384
6722,1641.11328125,2.3812618
6723,1641.357421875,2.535334
6724,1641.6015625,2.6644964
6725,1641.845703125,2.8178377
6726,1642.08984375,2.9561656
6727,1642.333984375,3.1386907
6728,1642.578125,3.2285476
6729,1642.822265625,3.3610835
6730,1643.06640625,3.4729266
6731,1643.310546875,3.5866253
6732,1643.5546875,3.5657074
6733,1643.798828125,3.5291574
6734,1644.04296875,3.542709
6735,1644.287109375,3.4895709
6736,1644.53125,3.4115226
6737,1644.775390625,3.3292568
6738,1645.01953125,3.248847
6739,1645.263671875,3.131943
6740,1645.5078125,2.985799
6741,1645.751953125,2.8198621
6742,1645.99609375,2.6672516
6743,1646.240234375,2.4493012
6744,1646.484375,2.2920237
6745,1646.728515625,2.1100607
6746,1646.97265625,1.8611269
6747,1647.216796875,1.616523
6748,1647.4609375,1.330702
6749,1647.705078125,1.1313637
6750,1647.94921875,0.8543707
6751,1648.193359375,0.60144466
6752,1648.4375,0.30808857
6753,1648.681640625,0.075068116
6754,1648.92578125,-0.24183741
6755,1649.169921875,-0.50850636
6756,1649.4140625,-0.81647116
6757,1649.658203125,-1.1181382
6758,1649.90234375,-1.40595
6759,1650.146484375,-1.6691101
6760,1650.390625,-1.8609246
6761,1650.634765625,-2.0556183
6762,1650.87890625,-2.2351968
6763,1651.123046875,-2.392373
6764,1651.3671875,-2.588416
6765,1651.611328125,-2.730208
6766,1651.85546875,-2.849417
6767,1652.099609375,-3.022248
6768,1652.34375,-3.0971024
6769,1652.587890625,-3.2314267
6770,1652.83203125,-3.399849
6771,1653.076171875,-3.496746
6772,1653.3203125,-3.6097474
6773,1653.564453125,-3.628191
6774,1653.80859375,-3.6613896
6775,1654.052734375,-3.6203637
6776,1654.296875,-3.5470388
6777,1654.541015625,-3.5399313
6778,1654.78515625,-3.4694853
6779,1655.029296875,-3.3427186
6780,1655.2734375,-3.2765913
6781,1655.517578125,-3.1787946
6782,1655.76171875,-2.9760938
6783,1656.005859375,-2.8152287
6784,1656.25,-2.6605713
6785,1656.494140625,-2.4791934
6786,1656.73828125,-2.2677658
6787,1656.982421875,-2.0566978
6788,1657.2265625,-1.8427508
6789,1657.470703125,-1.5766217
6790,1657.71484375,-1.3346943
6791,1657.958984375,-1.0675755
6792,1658.203125,-0.81998
6793,1658.447265625,-0.57004535
6794,1658.69140625,-0.28367314
6795,1658.935546875,-0.021952504
6796,1659.1796875,0.29234394
6797,1659.423828125,0.58373195
6798,1659.66796875,0.88079923
6799,1659.912109375,1.1723559
6800,1660.15625,1.4071195
6801,1660.400390625,1.6497555
6802,1660.64453125,1.8928411
6803,1660.888671875,2.0998828
6804,1661.1328125,2.2612653
6805,1661.376953125,2.4266963
6806,1661.62109375,2.616419
6807,1661.865234375,2.6971102
6808,1662.109375,2.823742
6809,1662.353515625,2.9829314
6810,1662.59765625,3.09708
6811,1662.841796875,3.2237117
6812,1663.0859375,3.3687873
6813,1663.330078125,3.4962063
6814,1663.57421875,3.5282578
6815,1663.818359375,3.4784935
6816,1664.0625,3.4767504
6817,1664.306640625,3.4677534
6818,1664.55078125,3.3696868
6819,1664.794921875,3.3222282
6820,1665.0390625,3.2472725
6821,1665.283203125,3.1559534
6822,1665.52734375,2.987936
6823,1665.771484375,2.8509014
6824,1666.015625,2.6925557
6825,1666.259765625,2.5200956
6826,1666.50390625,2.360288
6827,1666.748046875,2.1543143
6828,1666.9921875,1.9813485
6829,1667.236328125,1.693728
6830,1667.48046875,1.4383277
6831,1667.724609375,1.1769106
6832,1667.96875,0.9193736
6833,1668.212890625,0.68618447
6834,1668.45703125,0.42763522
6835,1668.701171875,0.16655563
6836,1668.9453125,-0.09716682
6837,1669.189453125,-0.36986372
6838,1669.43359375,-0.68502605
6839,1669.677734375,-0.97904575
6840,1669.921875,-1.2727054
6841,1670.166015625,-1.4508446
6842,1670.41015625,-1.7471133
6843,1670.654296875,-1.9368587
6844,1670.8984375,-2.1371303
6845,1671.142578125,-2.392283
6846,1671.38671875,-2.5327253
6847,1671.630859375,-2.6791053
6848,1671.875,-2.7880578
6849,1672.119140625,-2.9448743
6850,1672.36328125,-3.034124
6851,1672.607421875,-3.145416
6852,1672.8515625,-3.3202262
6853,1673.095703125,-3.437906
6854,1673.33984375,-3.5853658
6855,1673.583984375,-3.6631892
6856,1673.828125,-3.5767286
6857,1674.072265625,-3.5957122
6858,1674.31640625,-3.5190585
6859,1674.560546875,-3.4890084
6860,1674.8046875,-3.4987254
6861,1675.048828125,-3.412175
6862,1675.29296875,-3.2655249
6863,1675.537109375,-3.1363292
6864,1675.78125,-2.966377
6865,1676.025390625,-2.7895875
6866,1676.26953125,-2.624224
6867,1676.513671875,-2.479823
6868,1676.7578125,-2.3301144
6869,1677.001953125,-2.0961044
6870,1677.24609375,-1.8490486
6871,1677.490234375,-1.5855286
6872,1677.734375,-1.338473
6873,1677.978515625,-1.0790015
6874,1678.22265625,-0.81998
6875,1678.466796875,-0.5541208
6876,1678.7109375,-0.28826156
6877,1678.955078125,0.008940697
6878,1679.19921875,0.26973915
6879,1679.443359375,0.57040524
6880,1679.6875,0.83750147
6881,1679.931640625,1.1455338
6882,1680.17578125,1.4444567
6883,1680.419921875,1.6340108
6884,1680.6640625,1.8708549
6885,1680.908203125,2.0988145
6886,1681.15234375,2.230226
6887,1681.396484375,2.4383361
6888,1681.640625,2.572278
6889,1681.884765625,2.7319171
6890,1682.12890625,2.8426356
6891,1682.373046875,2.9798949
6892,1682.6171875,3.0992727
6893,1682.861328125,3.2327647
6894,1683.10546875,3.3447766
6895,1683.349609375,3.46303
6896,1683.59375,3.5154371
6897,1683.837890625,3.5352864
6898,1684.08203125,3.4880528
6899,1684.326171875,3.4807427
6900,1684.5703125,3.4481852
6901,1684.814453125,3.3359482
6902,1685.05859375,3.2624547
6903,1685.302734375,3.1638258
6904,1685.546875,3.0687397
6905,1685.791015625,2.8655777
6906,1686.03515625,2.7083
6907,1686.279296875,2.5938704
6908,1686.5234375,2.3756387
6909,1686.767578125,2.2195983
6910,1687.01171875,1.944236
6911,1687.255859375,1.7506896
6912,1687.5,1.5204809
6913,1687.744140625,1.2407888
6914,1687.98828125,0.9968034
6915,1688.232421875,0.72520864
6916,1688.4765625,0.46992078
6917,1688.720703125,0.1873048
6918,1688.96484375,-0.044084948
6919,1689.208984375,-0.37751108
6920,1689.453125,-0.65137756
6921,1689.697265625,-0.95052546
6922,1689.94140625,-1.232939
6923,1690.185546875,-1.5079751
6924,1690.4296875,-1.7755437
6925,1690.673828125,-1.9753656
6926,1690.91796875,-2.1926413
6927,1691.162109375,-2.348108
6928,1691.40625,-2.5633147
6929,1691.650390625,-2.6926005
6930,1691.89453125,-2.797055
6931,1692.138671875,-2.9364173
6932,1692.3828125,-3.0945833
6933,1692.626953125,-3.2164917
6934,1692.87109375,-3.2989936
6935,1693.115234375,-3.4810913
6936,1693.359375,-3.6066885
6937,1693.603515625,-3.701516
6938,1693.84765625,-3.6912596
6939,1694.091796875,-3.6391673
6940,1694.3359375,-3.6316998
6941,1694.580078125,-3.576459
6942,1694.82421875,-3.5246365
6943,1695.068359375,-3.45563
6944,1695.3125,-3.3152778
6945,1695.556640625,-3.2050657
6946,1695.80078125,-3.087026
6947,1696.044921875,-2.8984504
6948,1696.2890625,-2.729848
6949,1696.533203125,-2.527327
6950,1696.77734375,-2.351077
6951,1697.021484375,-2.1572833
6952,1697.265625,-1.9069889
6953,1697.509765625,-1.6499466
6954,1697.75390625,-1.4308715
6955,1697.998046875,-1.1359521
6956,1698.2421875,-0.8678436
6957,1698.486328125,-0.61134124
6958,1698.73046875,-0.35888743
6959,1698.974609375,-0.12019895
6960,1699.21875,0.19326526
6961,1699.462890625,0.49797994
6962,1699.70703125,0.74117815
6963,1699.951171875,1.0717027
6964,1700.1953125,1.32536
6965,1700.439453125,1.6038148
6966,1700.68359375,1.8540981
6967,1700.927734375,2.0274014
6968,1701.171875,2.258004
6969,1701.416015625,2.422985
6970,1701.66015625,2.5585575
6971,1701.904296875,2.7112803
6972,1702.1484375,2.8231235
6973,1702.392578125,2.945313
6974,1702.63671875,3.0931437
6975,1702.880859375,3.2286599
6976,1703.125,3.348319
6977,1703.369140625,3.4563386
6978,1703.61328125,3.5467014
6979,1703.857421875,3.6119854
6980,1704.1015625,3.5699809
6981,1704.345703125,3.4874904
6982,1704.58984375,3.4684281
6983,1704.833984375,3.429123
6984,1705.078125,3.3108695
6985,1705.322265625,3.195484
6986,1705.56640625,3.1199658
6987,1705.810546875,2.9536352
6988,1706.0546875,2.7834806
6989,1706.298828125,2.623223
6990,1706.54296875,2.4488513
6991,1706.787109375,2.2279205
6992,1707.03125,2.0325747
6993,1707.275390625,1.8025907
6994,1707.51953125,1.5902631
6995,1707.763671875,1.3115833
6996,1708.0078125,1.0705781
6997,1708.251953125,0.813491
6998,1708.49609375,0.5439767
6999,1708.740234375,0.25680608
7000,1708.984375,-0.0040486176
7001,1709.228515625,-0.23365022
7002,1709.47265625,-0.54404426
7003,1709.716796875,-0.8736916
7004,1709.9609375,-1.1859751
7005,1710.205078125,-1.446796
7006,1710.44921875,-1.6204367
7007,1710.693359375,-1.8671324
7008,1710.9375,-2.093945
7009,1711.181640625,-2.2845001
7010,1711.42578125,-2.4354684
7011,1711.669921875,-2.6494153
7012,1711.9140625,-2.7912068
7013,1712.158203125,-2.86939
7014,1712.40234375,-3.0236876
7015,1712.646484375,-3.1618803
7016,1712.890625,-3.253289
7017,1713.134765625,-3.4229712
7018,1713.37890625,-3.5647628
7019,1713.623046875,-3.6384475
7020,1713.8671875,-3.6589606
7021,1714.111328125,-3.642946
7022,1714.35546875,-3.6495137
7023,1714.599609375,-3.5802374
7024,1714.84375,-3.5080822
7025,1715.087890625,-3.4565296
7026,1715.33203125,-3.3859038
7027,1715.576171875,-3.271193
7028,1715.8203125,-3.100881
7029,1716.064453125,-2.952072
7030,1716.30859375,-2.8032627
7031,1716.552734375,-2.5851772
7032,1716.796875,-2.43043
7033,1717.041015625,-2.2177427
7034,1717.28515625,-2.024129
7035,1717.529296875,-1.7634878
7036,1717.7734375,-1.4949296
7037,1718.017578125,-1.2261013
7038,1718.26171875,-0.99146146
7039,1718.505859375,-0.70284003
7040,1718.75,-0.43266225
7041,1718.994140625,-0.16113497
7042,1719.23828125,0.10779444
7043,1719.482421875,0.39547122
7044,1719.7265625,0.72020406
7045,1719.970703125,1.0074872
7046,1720.21484375,1.2941519
7047,1720.458984375,1.5272846
7048,1720.703125,1.7562003
7049,1720.947265625,2.0011978
7050,1721.19140625,2.1769755
7051,1721.435546875,2.3723774
7052,1721.6796875,2.5158782
7053,1721.923828125,2.659323
7054,1722.16796875,2.8051298
7055,1722.412109375,2.945594
7056,1722.65625,3.0578308
7057,1722.900390625,3.2079108
7058,1723.14453125,3.3724422
7059,1723.388671875,3.472533
7060,1723.6328125,3.518361
7061,1723.876953125,3.5647514
7062,1724.12109375,3.5573852
7063,1724.365234375,3.4852974
7064,1724.609375,3.4710147
7065,1724.853515625,3.4174829
7066,1725.09765625,3.3739042
7067,1725.341796875,3.243786
7068,1725.5859375,3.1171541
7069,1725.830078125,2.9760711
7070,1726.07421875,2.7921965
7071,1726.318359375,2.6279464
7072,1726.5625,2.5071626
7073,1726.806640625,2.3095114
7074,1727.05078125,2.1111293
7075,1727.294921875,1.8914355
7076,1727.5390625,1.6188285
7077,1727.783203125,1.363878
7078,1728.02734375,1.1324884
7079,1728.271484375,0.8208572
7080,1728.515625,0.59548414
7081,1728.759765625,0.30572686
7082,1729.00390625,0.05347549
7083,1729.248046875,-0.21493661
7084,1729.4921875,-0.5072468
7085,1729.736328125,-0.8115229
7086,1729.98046875,-1.0899777
7087,1730.224609375,-1.3415319
7088,1730.46875,-1.5910168
7089,1730.712890625,-1.8192687
7090,1730.95703125,-2.0657847
7091,1731.201171875,-2.25589
7092,1731.4453125,-2.436638
7093,1731.689453125,-2.6159468
7094,1731.93359375,-2.7398345
7095,1732.177734375,-2.885135
7096,1732.421875,-3.0217981
7097,1732.666015625,-3.1704273
7098,1732.91015625,-3.3026822
7099,1733.154296875,-3.4267497
7100,1733.3984375,-3.552077
7101,1733.642578125,-3.6645389
7102,1733.88671875,-3.710063
7103,1734.130859375,-3.6717362
7104,1734.375,-3.6129863
7105,1734.619140625,-3.6711965
7106,1734.86328125,-3.586895
7107,1735.107421875,-3.4457333
7108,1735.3515625,-3.4275596
7109,1735.595703125,-3.3152778
7110,1735.83984375,-3.1350694
7111,1736.083984375,-2.9598992
7112,1736.328125,-2.799574
7113,1736.572265625,-2.6276429
7114,1736.81640625,-2.457151
7115,1737.060546875,-2.2571492
7116,1737.3046875,-2.1078901
7117,1737.548828125,-1.8224177
7118,1737.79296875,-1.5424334
7119,1738.037109375,-1.2728853
7120,1738.28125,-1.0696447
7121,1738.525390625,-0.79712784
7122,1738.76953125,-0.49321157
7123,1739.013671875,-0.19964184
7124,1739.2578125,0.10869413
7125,1739.501953125,0.31078762
7126,1739.74609375,0.626636
7127,1739.990234375,0.9503005
7128,1740.234375,1.2123361
7129,1740.478515625,1.4767895
7130,1740.72265625,1.7415804
7131,1740.966796875,1.9527271
7132,1741.2109375,2.130079
7133,1741.455078125,2.306475
7134,1741.69921875,2.4792721
7135,1741.943359375,2.6479082
7136,1742.1875,2.7612696
7137,1742.431640625,2.9122493
7138,1742.67578125,3.0879705
7139,1742.919921875,3.162083
7140,1743.1640625,3.278312
7141,1743.408203125,3.4028068
7142,1743.65234375,3.5204978
7143,1743.896484375,3.5541801
7144,1744.140625,3.578528
7145,1744.384765625,3.5151558
7146,1744.62890625,3.4936757
7147,1744.873046875,3.4111853
7148,1745.1171875,3.3864436
7149,1745.361328125,3.2958558
7150,1745.60546875,3.1651192
7151,1745.849609375,3.0427608
7152,1746.09375,2.8910503
7153,1746.337890625,2.7000344
7154,1746.58203125,2.5273495
7155,1746.826171875,2.3613
7156,1747.0703125,2.1597688
7157,1747.314453125,1.9526707
7158,1747.55859375,1.7084041
7159,1747.802734375,1.4610448
7160,1748.046875,1.2029455
7161,1748.291015625,0.92702097
7162,1748.53515625,0.66099304
7163,1748.779296875,0.4146459
7164,1749.0234375,0.1373156
7165,1749.267578125,-0.16734286
7166,1749.51171875,-0.43302214
7167,1749.755859375,-0.6814273
7168,1750.0,-0.9884925
7169,1750.244140625,-1.2923187
7170,1750.48828125,-1.5678046
7171,1750.732421875,-1.8042439
7172,1750.9765625,-2.0040658
7173,1751.220703125,-2.2418544
7174,1751.46484375,-2.4230525
7175,1751.708984375,-2.5847275
7176,1751.953125,-2.7216606
7177,1752.197265625,-2.861113
7178,1752.44140625,-2.9939978
7179,1752.685546875,-3.0989919
7180,1752.9296875,-3.2736223
7181,1753.173828125,-3.4378161
7182,1753.41796875,-3.5034037
7183,1753.662109375,-3.5881548
7184,1753.90625,-3.7077239
7185,1754.150390625,-3.6998067
7186,1754.39453125,-3.6618395
7187,1754.638671875,-3.6187444
7188,1754.8828125,-3.6036294
7189,1755.126953125,-3.5243666
7190,1755.37109375,-3.419912
7191,1755.615234375,-3.3384001
7192,1755.859375,-3.233046
7193,1756.103515625,-3.0533774
7194,1756.34765625,-2.852206
7195,1756.591796875,-2.7154527
7196,1756.8359375,-2.5293963
7197,1757.080078125,-2.3142796
7198,1757.32421875,-2.0962842
7199,1757.568359375,-1.9050995
7200,1757.8125,-1.5770715
7201,1758.056640625,-1.3624948
7202,1758.30078125,-1.0953759
7203,1758.544921875,-0.8622655
7204,1758.7890625,-0.5636575
7205,1759.033203125,-0.2706276
7206,1759.27734375,-0.04390501
7207,1759.521484375,0.27198836
7208,1759.765625,0.61246586
7209,1760.009765625,0.9155499
7210,1760.25390625,1.1945671
7211,1760.498046875,1.4622257
7212,1760.7421875,1.6738222
7213,1760.986328125,1.902288
7214,1761.23046875,2.114334
7215,1761.474609375,2.2824645
7216,1761.71875,2.47826
7217,1761.962890625,2.6098962
7218,1762.20703125,2.7295554
7219,1762.451171875,2.8758118
7220,1762.6953125,3.0227427
7221,1762.939453125,3.1064143
7222,1763.18359375,3.2722952
7223,1763.427734375,3.3858252
7224,1763.671875,3.5520434
7225,1763.916015625,3.5533366
7226,1764.16015625,3.5401785
7227,1764.404296875,3.5343308
7228,1764.6484375,3.508352
7229,1764.892578125,3.4416623
7230,1765.13671875,3.329763
7231,1765.380859375,3.312219
7232,1765.625,3.2144337
7233,1765.869140625,3.0750937
7234,1766.11328125,2.8915002
7235,1766.357421875,2.7270813
7236,1766.6015625,2.5499542
7237,1766.845703125,2.3699594
7238,1767.08984375,2.2474325
7239,1767.333984375,2.0426962
7240,1767.578125,1.7614298
7241,1767.822265625,1.5079976
7242,1768.06640625,1.2726154
7243,1768.310546875,1.0212075
7244,1768.5546875,0.7450581
7245,1768.798828125,0.47335088
7246,1769.04296875,0.2501146
7247,1769.287109375,0.003655002
7248,1769.53125,-0.30859464
7249,1769.775390625,-0.60108477
7250,1770.01953125,-0.88457793
7251,1770.263671875,-1.2131457
7252,1770.5078125,-1.4588518
7253,1770.751953125,-1.7025787
7254,1770.99609375,-1.9344295
7255,1771.240234375,-2.1623216
7256,1771.484375,-2.3765385
7257,1771.728515625,-2.5485597
7258,1771.97265625,-2.673797
7259,1772.216796875,-2.785089
7260,1772.4609375,-2.9399261
7261,1772.705078125,-3.0446503
7262,1772.94921875,-3.168538
7263,1773.193359375,-3.3184268
7264,1773.4375,-3.5039434
7265,1773.681640625,-3.5809572
7266,1773.92578125,-3.6673276
7267,1774.169921875,-3.716451
7268,1774.4140625,-3.6595902
7269,1774.658203125,-3.6249523
7270,1774.90234375,-3.6183844
7271,1775.146484375,-3.563503
7272,1775.390625,-3.4474428
7273,1775.634765625,-3.3563938
7274,1775.87890625,-3.253739
7275,1776.123046875,-3.1087985
7276,1776.3671875,-2.8968308
7277,1776.611328125,-2.7338064
7278,1776.85546875,-2.6076696
7279,1777.099609375,-2.4049687
7280,1777.34375,-2.173028
7281,1777.587890625,-1.9126569
7282,1777.83203125,-1.7061774
7283,1778.076171875,-1.385167
7284,1778.3203125,-1.162853
7285,1778.564453125,-0.922365
7286,1778.80859375,-0.64022136
7287,1779.052734375,-0.36068684
7288,1779.296875,-0.12280807
7289,1779.541015625,0.18747349
7290,1779.78515625,0.4569877
7291,1780.029296875,0.7837449
7292,1780.2734375,1.1082528
7293,1780.517578125,1.3413857
7294,1780.76171875,1.5475279
7295,1781.005859375,1.798036
7296,1781.25,2.058441
7297,1781.494140625,2.239729
7298,1781.73828125,2.3966691
7299,1781.982421875,2.5703661
7300,1782.2265625,2.71561
7301,1782.470703125,2.8514078
7302,1782.71484375,2.9720225
7303,1782.958984375,3.1105192
7304,1783.203125,3.2311342
7305,1783.447265625,3.3216095
7306,1783.69140625,3.4589815
7307,1783.935546875,3.5612652
7308,1784.1796875,3.559972
7309,1784.423828125,3.5432715
7310,1784.66796875,3.5017729
7311,1784.912109375,3.5130193
7312,1785.15625,3.4056184
7313,1785.400390625,3.2696524
7314,1785.64453125,3.210835
7315,1785.888671875,3.1127684
7316,1786.1328125,2.9471686
7317,1786.376953125,2.788823
7318,1786.62109375,2.6269903
7319,1786.865234375,2.433894
7320,1787.109375,2.2573292
7321,1787.353515625,2.0425277
7322,1787.59765625,1.8646694
7323,1787.841796875,1.5555125
7324,1788.0859375,1.3469526
7325,1788.330078125,1.1069595
7326,1788.57421875,0.841269
7327,1788.818359375,0.53857857
7328,1789.0625,0.30769494
7329,1789.306640625,0.02755309
7330,1789.55078125,-0.2585717
7331,1789.794921875,-0.51687354
7332,1790.0390625,-0.8458012
7333,1790.283203125,-1.1346025
7334,1790.52734375,-1.4286222
7335,1790.771484375,-1.666141
7336,1791.015625,-1.8562461
7337,1791.259765625,-2.0770307
7338,1791.50390625,-2.3128402
7339,1791.748046875,-2.4764943
7340,1791.9921875,-2.6251235
7341,1792.236328125,-2.7664652
7342,1792.48046875,-2.9367774
7343,1792.724609375,-3.0565262
7344,1792.96875,-3.154053
7345,1793.212890625,-3.3249047
7346,1793.45703125,-3.4658866
7347,1793.701171875,-3.558375
7348,1793.9453125,-3.6385374
7349,1794.189453125,-3.6942286
7350,1794.43359375,-3.6616597
7351,1794.677734375,-3.6571612
7352,1794.921875,-3.6051588
7353,1795.166015625,-3.5858154
7354,1795.41015625,-3.534983
7355,1795.654296875,-3.3639512
7356,1795.8984375,-3.2531092
7357,1796.142578125,-3.1814938
7358,1796.38671875,-2.9584599
7359,1796.630859375,-2.78194
7360,1796.875,-2.626563
7361,1797.119140625,-2.4667776
7362,1797.36328125,-2.2103653
7363,1797.607421875,-2.0052354
7364,1797.8515625,-1.798126
7365,1798.095703125,-1.5472916
7366,1798.33984375,-1.2863808
7367,1798.583984375,-0.9822846
7368,1798.828125,-0.7475547
7369,1799.072265625,-0.49636048
7370,1799.31640625,-0.1892054
7371,1799.560546875,0.09216228
7372,1799.8046875,0.38326913
7373,1800.048828125,0.6491283
7374,1800.29296875,0.9946666
7375,1800.537109375,1.2208831
7376,1800.78125,1.5128896
7377,1801.025390625,1.7328082
7378,1801.26953125,1.9587998
7379,1801.513671875,2.1149528
7380,1801.7578125,2.3205888
7381,1802.001953125,2.4669013
7382,1802.24609375,2.6332881
7383,1802.490234375,2.7459188
7384,1802.734375,2.8731127
7385,1802.978515625,3.0087976
7386,1803.22265625,3.1174355
7387,1803.466796875,3.2644792
7388,1803.7109375,3.3454514
7389,1803.955078125,3.470621
7390,1804.19921875,3.5206103
7391,1804.443359375,3.513413
7392,1804.6875,3.4094982
7393,1804.931640625,3.4234998
7394,1805.17578125,3.3651884
7395,1805.419921875,3.290964
7396,1805.6640625,3.2340581
7397,1805.908203125,3.1191785
7398,1806.15234375,3.0190878
7399,1806.396484375,2.8086722
7400,1806.640625,2.6693323
7401,1806.884765625,2.495129
7402,1807.12890625,2.3131664
7403,1807.373046875,2.0894241
7404,1807.6171875,1.9160644
7405,1807.861328125,1.6903541
7406,1808.10546875,1.4239888
7407,1808.349609375,1.2053071
7408,1808.59375,0.939954
7409,1808.837890625,0.6731951
7410,1809.08203125,0.41925684
7411,1809.326171875,0.15289155
7412,1809.5703125,-0.100405715
7413,1809.814453125,-0.38434875
7414,1810.05859375,-0.68961453
7415,1810.302734375,-0.97742623
7416,1810.546875,-1.2421159
7417,1810.791015625,-1.5152626
7418,1811.03515625,-1.7556605
7419,1811.279296875,-1.924443
7420,1811.5234375,-2.1595325
7421,1811.767578125,-2.3422604
7422,1812.01171875,-2.5552173
7423,1812.255859375,-2.667499
7424,1812.5,-2.7899473
7425,1812.744140625,-2.9710555
7426,1812.98828125,-3.0813577
7427,1813.232421875,-3.1877916
7428,1813.4765625,-3.317347
7429,1813.720703125,-3.488019
7430,1813.96484375,-3.5745695
7431,1814.208984375,-3.6081278
7432,1814.453125,-3.6209035
7433,1814.697265625,-3.607768
7434,1814.94140625,-3.5752892
7435,1815.185546875,-3.4898183
7436,1815.4296875,-3.4679558
7437,1815.673828125,-3.3733082
7438,1815.91796875,-3.2581475
7439,1816.162109375,-3.1636796
7440,1816.40625,-3.0161302
7441,1816.650390625,-2.8153186
7442,1816.89453125,-2.6539137
7443,1817.138671875,-2.4910693
7444,1817.3828125,-2.2895381
7445,1817.626953125,-2.0666842
7446,1817.87109375,-1.8252968
7447,1818.115234375,-1.5712235
7448,1818.359375,-1.3785992
7449,1818.603515625,-1.0711743
7450,1818.84765625,-0.83572465
7451,1819.091796875,-0.5514217
7452,1819.3359375,-0.28853148
7453,1819.580078125,0.015632162
7454,1819.82421875,0.310394
7455,1820.068359375,0.56613165
7456,1820.3125,0.8801807
7457,1820.556640625,1.1457587
7458,1820.80078125,1.4356285
7459,1821.044921875,1.6317053
7460,1821.2890625,1.8420085
7461,1821.533203125,2.067719
7462,1821.77734375,2.249457
7463,1822.021484375,2.399818
7464,1822.265625,2.5365152
7465,1822.509765625,2.6937366
7466,1822.75390625,2.7933211
7467,1822.998046875,2.9171414
7468,1823.2421875,3.0699766
7469,1823.486328125,3.2175262
7470,1823.73046875,3.3335304
7471,1823.974609375,3.3906047
7472,1824.21875,3.5183048
7473,1824.462890625,3.5131316
7474,1824.70703125,3.4210818
7475,1824.951171875,3.3956094
7476,1825.1953125,3.401401
7477,1825.439453125,3.3232965
7478,1825.68359375,3.1995885
7479,1825.927734375,3.1113625
7480,1826.171875,3.0125089
7481,1826.416015625,2.8296463
7482,1826.66015625,2.6772044
7483,1826.904296875,2.5403388
7484,1827.1484375,2.3611875
7485,1827.392578125,2.203685
7486,1827.63671875,1.9339458
7487,1827.880859375,1.7473159
7488,1828.125,1.4809505
7489,1828.369140625,1.2020458
7490,1828.61328125,0.96283996
7491,1828.857421875,0.73353076
7492,1829.1015625,0.46457887
7493,1829.345703125,0.21716335
7494,1829.58984375,-0.04624421
7495,1829.833984375,-0.3551987
7496,1830.078125,-0.65029794
7497,1830.322265625,-0.9923611
7498,1830.56640625,-1.2421159
7499,1830.810546875,-1.501947
7500,1831.0546875,-1.7388362
7501,1831.298828125,-1.9609704
7502,1831.54296875,-2.1890423
7503,1831.787109375,-2.3528767
7504,1832.03125,-2.5727615
7505,1832.275390625,-2.6771257
7506,1832.51953125,-2.8253052
7507,1832.763671875,-2.9529717
7508,1833.0078125,-3.102141
7509,1833.251953125,-3.2107337
7510,1833.49609375,-3.33813
7511,1833.740234375,-3.4980955
7512,1833.984375,-3.5982313
7513,1834.228515625,-3.6786637
7514,1834.47265625,-3.6562614
7515,1834.716796875,-3.6365583
7516,1834.9609375,-3.6391673
7517,1835.205078125,-3.5767286
7518,1835.44921875,-3.4905381
7519,1835.693359375,-3.4472628
7520,1835.9375,-3.3458676
7521,1836.181640625,-3.186802
7522,1836.42578125,-3.0276463
7523,1836.669921875,-2.8736188
7524,1836.9140625,-2.6943998
7525,1837.158203125,-2.4847717
7526,1837.40234375,-2.328225
7527,1837.646484375,-2.1015923
7528,1837.890625,-1.8636236
7529,1838.134765625,-1.5992938
7530,1838.37890625,-1.3812083
7531,1838.623046875,-1.1283047
7532,1838.8671875,-0.8180007
7533,1839.111328125,-0.56833595
7534,1839.35546875,-0.2750361
7535,1839.599609375,-0.045794364
7536,1839.84375,0.27288806
7537,1840.087890625,0.5764219
7538,1840.33203125,0.85982513
7539,1840.576171875,1.147277
7540,1840.8203125,1.4511483
7541,1841.064453125,1.6625198
7542,1841.30859375,1.8805828
7543,1841.552734375,2.110904
7544,1841.796875,2.2717805
7545,1842.041015625,2.3988621
7546,1842.28515625,2.568398
7547,1842.529296875,2.7336602
7548,1842.7734375,2.8141265
7549,1843.017578125,2.9802325
7550,1843.26171875,3.073688
7551,1843.505859375,3.1992512
7552,1843.75,3.3527052
7553,1843.994140625,3.4515028
7554,1844.23828125,3.515887
7555,1844.482421875,3.5581725
7556,1844.7265625,3.5296636
7557,1844.970703125,3.476863
7558,1845.21484375,3.4432366
7559,1845.458984375,3.345114
7560,1845.703125,3.2863529
7561,1845.947265625,3.142402
7562,1846.19140625,3.0783553
7563,1846.435546875,2.9210212
7564,1846.6796875,2.7275312
7565,1846.923828125,2.5930831
7566,1847.16796875,2.4299014
7567,1847.412109375,2.239223
7568,1847.65625,2.0047965
7569,1847.900390625,1.7924693
7570,1848.14453125,1.5665901
7571,1848.388671875,1.3494267
7572,1848.6328125,1.0328473
7573,1848.876953125,0.78627527
7574,1849.12109375,0.565963
7575,1849.365234375,0.24387299
7576,1849.609375,-0.01880358
7577,1849.853515625,-0.26576924
7578,1850.09765625,-0.579852
7579,1850.341796875,-0.90698034
7580,1850.5859375,-1.1836358
7581,1850.830078125,-1.4632604
7582,1851.07421875,-1.7264205
7583,1851.318359375,-1.9490944
7584,1851.5625,-2.1724882
7585,1851.806640625,-2.3240864
7586,1852.05078125,-2.4908895
7587,1852.294921875,-2.6615613
7588,1852.5390625,-2.843839
7589,1852.783203125,-2.9270606
7590,1853.02734375,-3.0483391
7591,1853.271484375,-3.2057853
7592,1853.515625,-3.3314724
7593,1853.759765625,-3.419912
7594,1854.00390625,-3.6147857
7595,1854.248046875,-3.7272472
7596,1854.4921875,-3.751359
7597,1854.736328125,-3.7009761
7598,1854.98046875,-3.6641786
7599,1855.224609375,-3.6539223
7600,1855.46875,-3.5338132
7601,1855.712890625,-3.452661
7602,1855.95703125,-3.3789763
7603,1856.201171875,-3.2792003
7604,1856.4453125,-3.1206744
7605,1856.689453125,-2.9438846
7606,1856.93359375,-2.7574685
7607,1857.177734375,-2.588506
7608,1857.421875,-2.374649
7609,1857.666015625,-2.184724
7610,1857.91015625,-1.965109
7611,1858.154296875,-1.6970005
7612,1858.3984375,-1.4398683
7613,1858.642578125,-1.1972212
7614,1858.88671875,-0.9130982
7615,1859.130859375,-0.6546165
7616,1859.375,-0.3938855
7617,1859.619140625,-0.12019895
7618,1859.86328125,0.136191
7619,1860.107421875,0.44872177
7620,1860.3515625,0.76721305
7621,1860.595703125,1.0274491
7622,1860.83984375,1.2780699
7623,1861.083984375,1.5544442
7624,1861.328125,1.7707078
7625,1861.572265625,1.951771
7626,1861.81640625,2.1857474
7627,1862.060546875,2.3682725
7628,1862.3046875,2.5261686
7629,1862.548828125,2.6030924
7630,1862.79296875,2.7839868
7631,1863.037109375,2.9218085
7632,1863.28125,3.0413551
7633,1863.525390625,3.1615205
7634,1863.76953125,3.28371
7635,1864.013671875,3.4330027
7636,1864.2578125,3.4805179
7637,1864.501953125,3.512738
7638,1864.74609375,3.5588472
7639,1864.990234375,3.4698339
7640,1865.234375,3.446723
7641,1865.478515625,3.4344647
7642,1865.72265625,3.3657508
7643,1865.966796875,3.2550323
7644,1866.2109375,3.107089
7645,1866.455078125,3.0277472
7646,1866.69921875,2.828128
7647,1866.943359375,2.6713002
7648,1867.1875,2.475842
7649,1867.431640625,2.3483107
7650,1867.67578125,2.128617
7651,1867.919921875,1.9118471
7652,1868.1640625,1.6190535
7653,1868.408203125,1.385302
7654,1868.65234375,1.1571174
7655,1868.896484375,0.88158643
7656,1869.140625,0.6327652
7657,1869.384765625,0.3523422
7658,1869.62890625,0.09283705
7659,1869.873046875,-0.21223752
7660,1870.1171875,-0.4533552
7661,1870.361328125,-0.8215995
7662,1870.60546875,-1.0855694
7663,1870.849609375,-1.4151268
7664,1871.09375,-1.6282641
7665,1871.337890625,-1.8816174
7666,1871.58203125,-2.0744216
7667,1871.826171875,-2.2860293
7668,1872.0703125,-2.4855812
7669,1872.314453125,-2.6581423
7670,1872.55859375,-2.796605
7671,1872.802734375,-2.9184234
7672,1873.046875,-2.9920182
7673,1873.291015625,-3.1670985
7674,1873.53515625,-3.3112292
7675,1873.779296875,-3.417303
7676,1874.0234375,-3.5440698
7677,1874.267578125,-3.6556315
7678,1874.51171875,-3.71933
7679,1874.755859375,-3.6640887
7680,1875.0,-3.6396172
7681,1875.244140625,-3.6181145
7682,1875.48828125,-3.6000307
7683,1875.732421875,-3.4838803
7684,1875.9765625,-3.3667402
7685,1876.220703125,-3.2576077
7686,1876.46484375,-3.1497343
7687,1876.708984375,-2.9307492
7688,1876.953125,-2.7948058
7689,1877.197265625,-2.6522944
7690,1877.44140625,-2.4291706
7691,1877.685546875,-2.2071264
7692,1877.9296875,-2.0102737
7693,1878.173828125,-1.7432448
7694,1878.41796875,-1.5085149
7695,1878.662109375,-1.2290703
7696,1878.90625,-0.97904575
7697,1879.150390625,-0.7122868
7698,1879.39453125,-0.45641416
7699,1879.638671875,-0.1892054
7700,1879.8828125,0.06860158
7701,1880.126953125,0.3618452
7702,1880.37109375,0.64620435
7703,1880.615234375,1.002089
7704,1880.859375,1.2199272
7705,1881.103515625,1.4874734
7706,1881.34765625,1.7461913
7707,1881.591796875,1.9605993
7708,1881.8359375,2.1583068
7709,1882.080078125,2.2884247
7710,1882.32421875,2.4822524
7711,1882.568359375,2.595445
7712,1882.8125,2.751823
7713,1883.056640625,2.9028027
7714,1883.30078125,3.0421424
7715,1883.544921875,3.143808
7716,1883.7890625,3.2811232
7717,1884.033203125,3.410679
7718,1884.27734375,3.5117822
7719,1884.521484375,3.5170114
7720,1884.765625,3.5604217
7721,1885.009765625,3.5250525
7722,1885.25390625,3.5017169
7723,1885.498046875,3.417933
7724,1885.7421875,3.3967338
7725,1885.986328125,3.300242
7726,1886.23046875,3.1849124
7727,1886.474609375,3.0230238
7728,1886.71875,2.8815472
7729,1886.962890625,2.7114491
7730,1887.20703125,2.5113237
7731,1887.451171875,2.3887968
7732,1887.6953125,2.1801805
7733,1887.939453125,1.9434489
7734,1888.18359375,1.6922659
7735,1888.427734375,1.464981
7736,1888.671875,1.2095807
7737,1888.916015625,0.9250529
7738,1889.16015625,0.66149914
7739,1889.404296875,0.4219559
7740,1889.6484375,0.14327608
7741,1889.892578125,-0.12271809
7742,1890.13671875,-0.43869022
7743,1890.380859375,-0.7412569
7744,1890.625,-1.0465226
7745,1890.869140625,-1.31787
7746,1891.11328125,-1.6062216
7747,1891.357421875,-1.8332139
7748,1891.6015625,-2.0014565
7749,1891.845703125,-2.2096455
7750,1892.08984375,-2.4409564
7751,1892.333984375,-2.5864367
7752,1892.578125,-2.7229202
7753,1892.822265625,-2.9188733
7754,1893.06640625,-3.0128014
7755,1893.310546875,-3.1271522
7756,1893.5546875,-3.3040318
7757,1893.798828125,-3.402818
7758,1894.04296875,-3.5429
7759,1894.287109375,-3.6456451
7760,1894.53125,-3.7257178
7761,1894.775390625,-3.7185202
7762,1895.01953125,-3.681183
7763,1895.263671875,-3.6186543
7764,1895.5078125,-3.584196
7765,1895.751953125,-3.5183384
7766,1895.99609375,-3.405517
7767,1896.240234375,-3.332282
7768,1896.484375,-3.230257
7769,1896.728515625,-3.0272863
7770,1896.97265625,-2.828724
7771,1897.216796875,-2.6754162
7772,1897.4609375,-2.5057344
7773,1897.705078125,-2.2893581
7774,1897.94921875,-2.0750515
7775,1898.193359375,-1.8710911
7776,1898.4375,-1.5758119
7777,1898.681640625,-1.2926786
7778,1898.92578125,-1.080621
7779,1899.169921875,-0.82600796
7780,1899.4140625,-0.52227163
7781,1899.658203125,-0.25407326
7782,1899.90234375,0.012933084
7783,1900.146484375,0.26141697
7784,1900.390625,0.5855875
7785,1900.634765625,0.92212886
7786,1900.87890625,1.1834334
7787,1901.123046875,1.4110556
7788,1901.3671875,1.6842248
7789,1901.611328125,1.902063
7790,1901.85546875,2.0863314
7791,1902.099609375,2.2693624
7792,1902.34375,2.4466019
7793,1902.587890625,2.582006
7794,1902.83203125,2.7226954
7795,1903.076171875,2.842523
7796,1903.3203125,3.0312898
7797,1903.564453125,3.174566
7798,1903.80859375,3.248172
7799,1904.052734375,3.4075303
7800,1904.296875,3.5477135
7801,1904.541015625,3.5926983
7802,1904.78515625,3.567282
7803,1905.029296875,3.540291
7804,1905.2734375,3.5049782
7805,1905.517578125,3.4724767
7806,1905.76171875,3.369518
7807,1906.005859375,3.3238587
7808,1906.25,3.2224746
7809,1906.494140625,3.1124308
7810,1906.73828125,2.9338982
7811,1906.982421875,2.753622
7812,1907.2265625,2.594208
7813,1907.470703125,2.4284956
7814,1907.71484375,2.2536743
7815,1907.958984375,2.0291445
7816,1908.203125,1.7840346
7817,1908.447265625,1.5209868
7818,1908.69140625,1.2505167
7819,1908.935546875,1.0000647
7820,1909.1796875,0.71936065
7821,1909.423828125,0.49297544
7822,1909.66796875,0.18949778
7823,1909.912109375,-0.063068464
7824,1910.15625,-0.37625155
7825,1910.400390625,-0.66676235
7826,1910.64453125,-0.9900219
7827,1910.888671875,-1.2515626
7828,1911.1328125,-1.5144529
7829,1911.376953125,-1.7562003
7830,1911.62109375,-2.014952
7831,1911.865234375,-2.1885026
7832,1912.109375,-2.395972
7833,1912.353515625,-2.5617852
7834,1912.59765625,-2.7076254
7835,1912.841796875,-2.834572
7836,1913.0859375,-2.9913886
7837,1913.330078125,-3.141997
7838,1913.57421875,-3.2361948
7839,1913.818359375,-3.3818552
7840,1914.0625,-3.5380418
7841,1914.306640625,-3.6621096
7842,1914.55078125,-3.6947684
7843,1914.794921875,-3.7207694
7844,1915.0390625,-3.7185202
7845,1915.283203125,-3.6289108
7846,1915.52734375,-3.63161
7847,1915.771484375,-3.5901341
7848,1916.015625,-3.4637272
7849,1916.259765625,-3.3448777
7850,1916.50390625,-3.2116332
7851,1916.748046875,-3.0857663
7852,1916.9921875,-2.8586838
7853,1917.236328125,-2.7015977
7854,1917.48046875,-2.5664637
7855,1917.724609375,-2.3557556
7856,1917.96875,-2.1338913
7857,1918.212890625,-1.918235
7858,1918.45703125,-1.6731586
7859,1918.701171875,-1.3793191
7860,1918.9453125,-1.1107608
7861,1919.189453125,-0.82762736
7862,1919.43359375,-0.6108014
7863,1919.677734375,-0.33657506
7864,1919.921875,-0.01979324
7865,1920.166015625,0.21131533
7866,1920.41015625,0.5103507
7867,1920.654296875,0.80365056
7868,1920.8984375,1.0947574
7869,1921.142578125,1.3543187
7870,1921.38671875,1.6057267
7871,1921.630859375,1.828007
7872,1921.875,2.06457
7873,1922.119140625,2.2238717
7874,1922.36328125,2.3887405
7875,1922.607421875,2.5342097
7876,1922.8515625,2.7170722
7877,1923.095703125,2.8358316
7878,1923.33984375,2.9757903
7879,1923.583984375,3.145326
7880,1923.828125,3.2794926
7881,1924.072265625,3.392404
7882,1924.31640625,3.4753444
7883,1924.560546875,3.5822957
7884,1924.8046875,3.6341965
7885,1925.048828125,3.539785
7886,1925.29296875,3.531744
7887,1925.537109375,3.5221848
7888,1925.78125,3.4773688
7889,1926.025390625,3.3764343
7890,1926.26953125,3.288321
7891,1926.513671875,3.1305935
7892,1926.7578125,2.929737
7893,1927.001953125,2.7878106
7894,1927.24609375,2.6646087
7895,1927.490234375,2.4947355
7896,1927.734375,2.2910676
7897,1927.978515625,2.100839
7898,1928.22265625,1.8587652
7899,1928.466796875,1.563441
7900,1928.7109375,1.3312641
7901,1928.955078125,1.1016737
7902,1929.19921875,0.81613386
7903,1929.443359375,0.5154115
7904,1929.6875,0.26827714
7905,1929.931640625,-0.034368265
7906,1930.17578125,-0.30445603
7907,1930.419921875,-0.6044136
7908,1930.6640625,-0.88808674
7909,1930.908203125,-1.1940722
7910,1931.15234375,-1.4589418
7911,1931.396484375,-1.7547609
7912,1931.640625,-1.944506
7913,1931.884765625,-2.1329916
7914,1932.12890625,-2.3348827
7915,1932.373046875,-2.5430717
7916,1932.6171875,-2.7169824
7917,1932.861328125,-2.8185575
7918,1933.10546875,-2.998946
7919,1933.349609375,-3.1443365
7920,1933.59375,-3.262826
7921,1933.837890625,-3.3479369
7922,1934.08203125,-3.5048432
7923,1934.326171875,-3.6388075
7924,1934.5703125,-3.7116826
7925,1934.814453125,-3.7548678
7926,1935.05859375,-3.7198699
7927,1935.302734375,-3.7086236
7928,1935.546875,-3.6273816
7929,1935.791015625,-3.6006603
7930,1936.03515625,-3.508442
7931,1936.279296875,-3.3790662
7932,1936.5234375,-3.2397037
7933,1936.767578125,-3.116086
7934,1937.01171875,-2.9589996
7935,1937.255859375,-2.764576
7936,1937.5,-2.603531
7937,1937.744140625,-2.3878746
7938,1937.98828125,-2.1888626
7939,1938.232421875,-1.9248927
7940,1938.4765625,-1.7373967
7941,1938.720703125,-1.4871022
7942,1938.96484375,-1.2185439
7943,1939.208984375,-0.9538543
7944,1939.453125,-0.7022102
7945,1939.697265625,-0.43131274
7946,1939.94140625,-0.16824256
7947,1940.185546875,0.091543734
7948,1940.4296875,0.43713823
7949,1940.673828125,0.6918075
7950,1940.91796875,0.9705998
7951,1941.162109375,1.2823995
7952,1941.40625,1.5070978
7953,1941.650390625,1.7619358
7954,1941.89453125,1.9594746
7955,1942.138671875,2.1856349
7956,1942.3828125,2.326943
7957,1942.626953125,2.4876504
7958,1942.87109375,2.6584234
7959,1943.115234375,2.8074913
7960,1943.359375,2.8974044
7961,1943.603515625,3.0044677
7962,1943.84765625,3.2063928
7963,1944.091796875,3.312444
7964,1944.3359375,3.4273796
7965,1944.580078125,3.4826546
7966,1944.82421875,3.5956783
7967,1945.068359375,3.5839262
7968,1945.3125,3.51808
7969,1945.556640625,3.4926074
7970,1945.80078125,3.427661
7971,1946.044921875,3.3427525
7972,1946.2890625,3.2984426
7973,1946.533203125,3.1644444
7974,1946.77734375,3.0484967
7975,1947.021484375,2.851239
7976,1947.265625,2.6820405
7977,1947.509765625,2.523076
7978,1947.75390625,2.3666418
7979,1947.998046875,2.1017385
7980,1948.2421875,1.9747695
7981,1948.486328125,1.7163327
7982,1948.73046875,1.4294994
7983,1948.974609375,1.1741554
7984,1949.21875,0.93343127
7985,1949.462890625,0.6739824
7986,1949.70703125,0.36938012
7987,1949.951171875,0.16857994
7988,1950.1953125,-0.11219169
7989,1950.439453125,-0.43329203
7990,1950.68359375,-0.7347791
7991,1950.927734375,-1.0469725
7992,1951.171875,-1.3042846
7993,1951.416015625,-1.5778812
7994,1951.66015625,-1.8195387
7995,1951.904296875,-2.04977
7996,1952.1484375,-2.2356467
7997,1952.392578125,-2.403619
7998,1952.63671875,-2.5977728
7999,1952.880859375,-2.7168024
8000,1953.125,-2.8208067
8001,1953.369140625,-2.9362373
8002,1953.61328125,-3.0975523
8003,1953.857421875,-3.2228796
8004,1954.1015625,-3.3683598
8005,1954.345703125,-3.5128505
8006,1954.58984375,-3.6389873
8007,1954.833984375,-3.6362884
8008,1955.078125,-3.625582
8009,1955.322265625,-3.596522
8010,1955.56640625,-3.5849159
8011,1955.810546875,-3.5219374
8012,1956.0546875,-3.4653468
8013,1956.298828125,-3.3949907
8014,1956.54296875,-3.267954
8015,1956.787109375,-3.130301
8016,1957.03125,-2.9978664
8017,1957.275390625,-2.7752824
8018,1957.51953125,-2.5876966
8019,1957.763671875,-2.4845917
8020,1958.0078125,-2.2999744
8021,1958.251953125,-2.0568776
8022,1958.49609375,-1.8328542
8023,1958.740234375,-1.5570084
8024,1958.984375,-1.2936683
8025,1959.228515625,-1.036896
8026,1959.47265625,-0.80171627
8027,1959.716796875,-0.5233513
8028,1959.9609375,-0.269458
8029,1960.205078125,-0.033198666
8030,1960.44921875,0.2944807
8031,1960.693359375,0.540153
8032,1960.9375,0.85386467
8033,1961.181640625,1.1086464
8034,1961.42578125,1.3763613
8035,1961.669921875,1.6049395
8036,1961.9140625,1.8250831
8037,1962.158203125,2.0050216
8038,1962.40234375,2.2973094
8039,1962.646484375,2.408084
8040,1962.890625,2.5169468
8041,1963.134765625,2.6686013
8042,1963.37890625,2.8004625
8043,1963.623046875,2.9253511
8044,1963.8671875,3.0867896
8045,1964.111328125,3.2270293
8046,1964.35546875,3.3073833
8047,1964.599609375,3.4007823
8048,1964.84375,3.5052593
8049,1965.087890625,3.530732
8050,1965.33203125,3.4750633
8051,1965.576171875,3.4419434
8052,1965.8203125,3.3863873
8053,1966.064453125,3.3081703
8054,1966.30859375,3.265154
8055,1966.552734375,3.1181664
8056,1966.796875,3.0386
8057,1967.041015625,2.8462343
8058,1967.28515625,2.7029583
8059,1967.529296875,2.541407
8060,1967.7734375,2.3613
8061,1968.017578125,2.2017732
8062,1968.26171875,1.9446297
8063,1968.505859375,1.7306154
8064,1968.75,1.4729096
8065,1968.994140625,1.2005275
8066,1969.23828125,0.95957863
8067,1969.482421875,0.70743966
8068,1969.7265625,0.4323024
8069,1969.970703125,0.17690209
8070,1970.21484375,-0.10679354
8071,1970.458984375,-0.37913054
8072,1970.703125,-0.6620839
8073,1970.947265625,-0.9660901
8074,1971.19140625,-1.2781036
8075,1971.435546875,-1.5069854
8076,1971.6796875,-1.742705
8077,1971.923828125,-2.008294
8078,1972.16796875,-2.1800456
8079,1972.412109375,-2.3237264
8080,1972.65625,-2.5149112
8081,1972.900390625,-2.6933203
8082,1973.14453125,-2.8062317
8083,1973.388671875,-2.9222922
8084,1973.6328125,-3.0857663
8085,1973.876953125,-3.2218897
8086,1974.12109375,-3.3318322
8087,1974.365234375,-3.4821708
8088,1974.609375,-3.599041
8089,1974.853515625,-3.6646287
8090,1975.09765625,-3.6568012
8091,1975.341796875,-3.6003006
8092,1975.5859375,-3.6033597
8093,1975.830078125,-3.5509975
8094,1976.07421875,-3.4802816
8095,1976.318359375,-3.377267
8096,1976.5625,-3.2878373
8097,1976.806640625,-3.1331801
8098,1977.05078125,-2.984371
8099,1977.294921875,-2.8275545
8100,1977.5390625,-2.679465
8101,1977.783203125,-2.495298
8102,1978.02734375,-2.2584088
8103,1978.271484375,-2.076131
8104,1978.515625,-1.8393319
8105,1978.759765625,-1.6114398
8106,1979.00390625,-1.3508887
8107,1979.248046875,-1.1039231
8108,1979.4921875,-0.8470608
8109,1979.736328125,-0.5336977
8110,1979.98046875,-0.34386256
8111,1980.224609375,-0.060729265
8112,1980.46875,0.25472552
8113,1980.712890625,0.5429084
8114,1980.95703125,0.8385699
8115,1981.201171875,1.1162376
8116,1981.4453125,1.3589296
8117,1981.689453125,1.6179289
8118,1981.93359375,1.8375101
8119,1982.177734375,2.0447767
8120,1982.421875,2.2801027
8121,1982.666015625,2.418037
8122,1982.91015625,2.5718842
8123,1983.154296875,2.7008777
8124,1983.3984375,2.8699636
8125,1983.642578125,2.986924
8126,1983.88671875,3.0944371
8127,1984.130859375,3.2075734
8128,1984.375,3.3510182
8129,1984.619140625,3.489121
8130,1984.86328125,3.5094767
8131,1985.107421875,3.555361
8132,1985.3515625,3.5291011
8133,1985.595703125,3.4870968
8134,1985.83984375,3.4563947
8135,1986.083984375,3.4026945
8136,1986.328125,3.3337553
8137,1986.572265625,3.1646693
8138,1986.81640625,3.0385437
8139,1987.060546875,2.9418268
8140,1987.3046875,2.7653182
8141,1987.548828125,2.5570955
8142,1987.79296875,2.4417663
8143,1988.037109375,2.2153246
8144,1988.28125,1.9993423
8145,1988.525390625,1.7784115
8146,1988.76953125,1.512496
8147,1989.013671875,1.2984254
8148,1989.2578125,1.0161468
8149,1989.501953125,0.7604091
8150,1989.74609375,0.52328384
8151,1989.990234375,0.21840042
8152,1990.234375,-0.05605086
8153,1990.478515625,-0.31075388
8154,1990.72265625,-0.6244768
8155,1990.966796875,-0.90976936
8156,1991.2109375,-1.1967714
8157,1991.455078125,-1.4929502
8158,1991.69921875,-1.6817057
8159,1991.943359375,-1.9078885
8160,1992.1875,-2.1423485
8161,1992.431640625,-2.316349
8162,1992.67578125,-2.5177002
8163,1992.919921875,-2.6927805
8164,1993.1640625,-2.8415897
8165,1993.408203125,-2.9146447
8166,1993.65234375,-3.086306
8167,1993.896484375,-3.214962
8168,1994.140625,-3.3253546
8169,1994.384765625,-3.4652567
8170,1994.62890625,-3.5680015
8171,1994.873046875,-3.677944
8172,1995.1171875,-3.6638188
8173,1995.361328125,-3.675515
8174,1995.60546875,-3.6346688
8175,1995.849609375,-3.6030896
8176,1996.09375,-3.508622
8177,1996.337890625,-3.4155037
8178,1996.58203125,-3.3469472
8179,1996.826171875,-3.2644453
8180,1997.0703125,-3.0962029
8181,1997.314453125,-2.9004295
8182,1997.55859375,-2.6953895
8183,1997.802734375,-2.5606155
8184,1998.046875,-2.404339
8185,1998.291015625,-2.1504457
8186,1998.53515625,-1.9528732
8187,1998.779296875,-1.686834
8188,1999.0234375,-1.4322209
8189,1999.267578125,-1.1911033
8190,1999.51171875,-0.9247942
8191,1999.755859375,-0.63329375
8192,2000.0,-0.3668947
8193,2000.244140625,-0.08061247
8194,2000.48828125,0.17690209
8195,2000.732421875,0.46249834
8196,2000.9765625,0.79161716
8197,2001.220703125,1.0797439
8198,2001.46484375,1.3142824
8199,2001.708984375,1.585821
8200,2001.953125,1.7867899
8201,2002.197265625,2.0023224
8202,2002.44140625,2.2103202
8203,2002.685546875,2.3887968
8204,2002.9296875,2.5883598
8205,2003.173828125,2.6835024
8206,2003.41796875,2.8031616
8207,2003.662109375,3.0039616
8208,2003.90625,3.087802
8209,2004.150390625,3.1697302
8210,2004.39453125,3.359509
8211,2004.638671875,3.476863
8212,2004.8828125,3.52151
8213,2005.126953125,3.5499628
8214,2005.37109375,3.519542
8215,2005.615234375,3.5325875
8216,2005.859375,3.4567323
8217,2006.103515625,3.4125347
8218,2006.34765625,3.342696
8219,2006.591796875,3.2165704
8220,2006.8359375,3.0902197
8221,2007.080078125,2.9850118
8222,2007.32421875,2.8041174
8223,2007.568359375,2.6272154
8224,2007.8125,2.4615033
8225,2008.056640625,2.2654827
8226,2008.30078125,2.0854878
8227,2008.544921875,1.8676498
8228,2008.7890625,1.6370473
8229,2009.033203125,1.3346943
8230,2009.27734375,1.0868851
8231,2009.521484375,0.83918846
8232,2009.765625,0.58637476
8233,2010.009765625,0.3209654
8234,2010.25390625,0.005904234
8235,2010.498046875,-0.25587264
8236,2010.7421875,-0.5352272
8237,2010.986328125,-0.83005655
8238,2011.23046875,-1.1283947
8239,2011.474609375,-1.3863366
8240,2011.71875,-1.651656
8241,2011.962890625,-1.8925937
8242,2012.20703125,-2.1190464
8243,2012.451171875,-2.3415406
8244,2012.6953125,-2.4968274
8245,2012.939453125,-2.647706
8246,2013.18359375,-2.8022733
8247,2013.427734375,-2.931289
8248,2013.671875,-3.0568862
8249,2013.916015625,-3.2137926
8250,2014.16015625,-3.3465872
8251,2014.404296875,-3.4957564
8252,2014.6484375,-3.5619738
8253,2014.892578125,-3.6550918
8254,2015.13671875,-3.7548678
8255,2015.380859375,-3.675425
8256,2015.625,-3.616945
8257,2015.869140625,-3.6559918
8258,2016.11328125,-3.5911238
8259,2016.357421875,-3.447713
8260,2016.6015625,-3.3805056
8261,2016.845703125,-3.295035
8262,2017.08984375,-3.1331801
8263,2017.333984375,-2.9292197
8264,2017.578125,-2.7780714
8265,2017.822265625,-2.5960636
8266,2018.06640625,-2.4573307
8267,2018.310546875,-2.2386158
8268,2018.5546875,-2.0010967
8269,2018.798828125,-1.7499924
8270,2019.04296875,-1.5028468
8271,2019.287109375,-1.2135056
8272,2019.53125,-0.9330714
8273,2019.775390625,-0.73693836
8274,2020.01953125,-0.47926632
8275,2020.263671875,-0.19199443
8276,2020.5078125,0.10301483
8277,2020.751953125,0.3732038
8278,2020.99609375,0.69281965
8279,2021.240234375,0.9720618
8280,2021.484375,1.2866731
8281,2021.728515625,1.5178941
8282,2021.97265625,1.7740254
8283,2022.216796875,2.0006356
8284,2022.4609375,2.1775377
8285,2022.705078125,2.3360522
8286,2022.94921875,2.4885502
8287,2023.193359375,2.6547124
8288,2023.4375,2.7770705
8289,2023.681640625,2.9278815
8290,2023.92578125,3.073013
8291,2024.169921875,3.2275918
8292,2024.4140625,3.34264
8293,2024.658203125,3.4827108
8294,2024.90234375,3.5752666
8295,2025.146484375,3.5583975
8296,2025.390625,3.5675068
8297,2025.634765625,3.5617714
8298,2025.87890625,3.492495
8299,2026.123046875,3.4326653
8300,2026.3671875,3.3605773
8301,2026.611328125,3.3026597
8302,2026.85546875,3.1674247
8303,2027.099609375,3.0351698
8304,2027.34375,2.8258789
8305,2027.587890625,2.7237635
8306,2027.83203125,2.5134041
8307,2028.076171875,2.3228943
8308,2028.3203125,2.1282794
8309,2028.564453125,1.9238243
8310,2028.80859375,1.6773648
8311,2029.052734375,1.4350662
8312,2029.296875,1.193555
8313,2029.541015625,0.8831047
8314,2029.78515625,0.65008426
8315,2030.029296875,0.35312942
8316,2030.2734375,0.11420475
8317,2030.517578125,-0.16698298
8318,2030.76171875,-0.47278857
8319,2031.005859375,-0.7519632
8320,2031.25,-1.0891681
8321,2031.494140625,-1.3202093
8322,2031.73828125,-1.6372609
8323,2031.982421875,-1.8942131
8324,2032.2265625,-2.0476108
8325,2032.470703125,-2.2561595
8326,2032.71484375,-2.4622793
8327,2032.958984375,-2.6190057
8328,2033.203125,-2.7610672
8329,2033.447265625,-2.9118557
8330,2033.69140625,-3.0475295
8331,2033.935546875,-3.1461358
8332,2034.1796875,-3.30898
8333,2034.423828125,-3.4793818
8334,2034.66796875,-3.563863
8335,2034.912109375,-3.658331
8336,2035.15625,-3.6921592
8337,2035.400390625,-3.7113228
8338,2035.64453125,-3.6572511
8339,2035.888671875,-3.5927432
8340,2036.1328125,-3.5931032
8341,2036.376953125,-3.502234
8342,2036.62109375,-3.3824852
8343,2036.865234375,-3.30925
8344,2037.109375,-3.2003872
8345,2037.353515625,-3.0260267
8346,2037.59765625,-2.846628
8347,2037.841796875,-2.6980886
8348,2038.0859375,-2.5441513
8349,2038.330078125,-2.281441
8350,2038.57421875,-2.0477908
8351,2038.818359375,-1.8395119
8352,2039.0625,-1.6003735
8353,2039.306640625,-1.3540376
8354,2039.55078125,-1.0560594
8355,2039.794921875,-0.82114965
8356,2040.0390625,-0.54809284
8357,2040.283203125,-0.26540935
8358,2040.52734375,0.024685321
8359,2040.771484375,0.28216615
8360,2041.015625,0.57113624
8361,2041.259765625,0.90621555
8362,2041.50390625,1.2006962
8363,2041.748046875,1.4567713
8364,2041.9921875,1.7090789
8365,2042.236328125,1.9213501
8366,2042.48046875,2.1272674
8367,2042.724609375,2.3005707
8368,2042.96875,2.4712875
8369,2043.212890625,2.6187809
8370,2043.45703125,2.7467058
8371,2043.701171875,2.9177036
8372,2043.9453125,3.0236988
8373,2044.189453125,3.174622
8374,2044.43359375,3.2933254
8375,2044.677734375,3.4116352
8376,2044.921875,3.5727363
8377,2045.166015625,3.6181707
8378,2045.41015625,3.5889869
8379,2045.654296875,3.5398974
8380,2045.8984375,3.5469825
8381,2046.142578125,3.4794493
8382,2046.38671875,3.3912797
8383,2046.630859375,3.3019288
8384,2046.875,3.2256799
8385,2047.119140625,3.0982046
8386,2047.36328125,2.9229333
8387,2047.607421875,2.7737527
8388,2047.8515625,2.5692415
8389,2048.095703125,2.3849168
8390,2048.33984375,2.20689
8391,2048.583984375,2.027008
8392,2048.828125,1.7550757
8393,2049.072265625,1.5248106
8394,2049.31640625,1.2774513
8395,2049.560546875,0.98319554
8396,2049.8046875,0.70046705
8397,2050.048828125,0.4287036
8398,2050.29296875,0.1524417
8399,2050.537109375,-0.07971278
8400,2050.78125,-0.40477178
8401,2051.025390625,-0.70985764
8402,2051.26953125,-1.0029775
8403,2051.513671875,-1.2925886
8404,2051.7578125,-1.5691541
8405,2052.001953125,-1.8105417
8406,2052.24609375,-2.0344753
8407,2052.490234375,-2.2233207
8408,2052.734375,-2.4430256
8409,2052.978515625,-2.6458166
8410,2053.22265625,-2.770064
8411,2053.466796875,-2.8881936
8412,2053.7109375,-3.0329542
8413,2053.955078125,-3.1764555
8414,2054.19921875,-3.2702034
8415,2054.443359375,-3.4013786
8416,2054.6875,-3.5827568
8417,2054.931640625,-3.6645389
8418,2055.17578125,-3.7146516
8419,2055.419921875,-3.7272472
8420,2055.6640625,-3.6919794
8421,2055.908203125,-3.6391673
8422,2056.15234375,-3.608398
8423,2056.396484375,-3.5718703
8424,2056.640625,-3.4958463
8425,2056.884765625,-3.3225653
8426,2057.12890625,-3.197688
8427,2057.373046875,-3.0674126
8428,2057.6171875,-2.8692102
8429,2057.861328125,-2.7159925
8430,2058.10546875,-2.5239081
8431,2058.349609375,-2.3417206
8432,2058.59375,-2.1031218
8433,2058.837890625,-1.8632637
8434,2059.08203125,-1.663352
8435,2059.326171875,-1.4009116
8436,2059.5703125,-1.1152592
8437,2059.814453125,-0.8417526
8438,2060.05859375,-0.6027042
8439,2060.302734375,-0.33684498
8440,2060.546875,-0.071975425
8441,2060.791015625,0.23976815
8442,2061.03515625,0.52654517
8443,2061.279296875,0.8154028
8444,2061.5234375,1.1217482
8445,2061.767578125,1.3787792
8446,2062.01171875,1.648687
8447,2062.255859375,1.8646694
8448,2062.5,2.0993207
8449,2062.744140625,2.2964096
8450,2062.98828125,2.4607723
8451,2063.232421875,2.5838053
8452,2063.4765625,2.7604823
8453,2063.720703125,2.908988
8454,2063.96484375,3.0057049
8455,2064.208984375,3.1677623
8456,2064.453125,3.2914135
8457,2064.697265625,3.4207444
8458,2064.94140625,3.486928
8459,2065.185546875,3.6086116
8460,2065.4296875,3.6411128
8461,2065.673828125,3.5889306
8462,2065.91796875,3.552943
8463,2066.162109375,3.5674505
8464,2066.40625,3.489121
8465,2066.650390625,3.3651884
8466,2066.89453125,3.2462604
8467,2067.138671875,3.1579778
8468,2067.3828125,2.994796
8469,2067.626953125,2.8092344
8470,2067.87109375,2.6509447
8471,2068.115234375,2.464877
8472,2068.359375,2.2888746
8473,2068.603515625,2.0563042
8474,2068.84765625,1.8102944
8475,2069.091796875,1.5632162
8476,2069.3359375,1.2786322
8477,2069.580078125,1.0460615
8478,2069.82421875,0.78565675
8479,2070.068359375,0.49629304
8480,2070.3125,0.22424844
8481,2070.556640625,-0.060099475
8482,2070.80078125,-0.3142627
8483,2071.044921875,-0.6018045
8484,2071.2890625,-0.948816
8485,2071.533203125,-1.2359979
8486,2071.77734375,-1.5050961
8487,2072.021484375,-1.7346977
8488,2072.265625,-1.9723065
8489,2072.509765625,-2.1900322
8490,2072.75390625,-2.3876946
8491,2072.998046875,-2.6190057
8492,2073.2421875,-2.7335367
8493,2073.486328125,-2.860843
8494,2073.73046875,-2.9868
8495,2073.974609375,-3.1091583
8496,2074.21875,-3.2430325
8497,2074.462890625,-3.394361
8498,2074.70703125,-3.505203
8499,2074.951171875,-3.6539223
8500,2075.1953125,-3.7318356
8501,2075.439453125,-3.7250881
8502,2075.68359375,-3.6802833
8503,2075.927734375,-3.7068243
8504,2076.171875,-3.6591406
8505,2076.416015625,-3.5683615
8506,2076.66015625,-3.511591
8507,2076.904296875,-3.4146938
8508,2077.1484375,-3.259407
8509,2077.392578125,-3.097732
8510,2077.63671875,-2.9593594
8511,2077.880859375,-2.7814903
8512,2078.125,-2.5993023
8513,2078.369140625,-2.445725
8514,2078.61328125,-2.1980395
8515,2078.857421875,-1.965109
8516,2079.1015625,-1.6987998
8517,2079.345703125,-1.490971
8518,2079.58984375,-1.2588501
8519,2079.833984375,-0.96851933
8520,2080.078125,-0.70427954
8521,2080.322265625,-0.4289735
8522,2080.56640625,-0.16500366
8523,2080.810546875,0.11651021
8524,2081.0546875,0.41425228
8525,2081.298828125,0.7405034
8526,2081.54296875,1.0149659
8527,2081.787109375,1.314676
8528,2082.03125,1.5618104
8529,2082.275390625,1.8010725
8530,2082.51953125,2.0152557
8531,2082.763671875,2.1969373
8532,2083.0078125,2.4033606
8533,2083.251953125,2.5682855
8534,2083.49609375,2.666071
8535,2083.740234375,2.8425794
8536,2083.984375,2.9792204
8537,2084.228515625,3.1345859
8538,2084.47265625,3.2469912
8539,2084.716796875,3.3778403
8540,2084.9609375,3.4906955
8541,2085.205078125,3.5609841
8542,2085.44921875,3.6313288
8543,2085.693359375,3.6375704
8544,2085.9375,3.5467014
8545,2086.181640625,3.5276954
8546,2086.42578125,3.4669662
8547,2086.669921875,3.3565288
8548,2086.9140625,3.258912
8549,2087.158203125,3.1522985
8550,2087.40234375,3.0823474
8551,2087.646484375,2.8525884
8552,2087.890625,2.6605601
8553,2088.134765625,2.5015397
8554,2088.37890625,2.3299794
8555,2088.623046875,2.1039317
8556,2088.8671875,1.8975081
8557,2089.111328125,1.690579
8558,2089.35546875,1.3783855
8559,2089.599609375,1.1106144
8560,2089.84375,0.8815302
8561,2090.087890625,0.62911016
8562,2090.33203125,0.33114317
8563,2090.576171875,0.055387337
8564,2090.8203125,-0.19838226
8565,2091.064453125,-0.48349488
8566,2091.30859375,-0.7482745
8567,2091.552734375,-1.092227
8568,2091.796875,-1.3621349
8569,2092.041015625,-1.5778812
8570,2092.28515625,-1.8231375
8571,2092.529296875,-2.035285
8572,2092.7734375,-2.2436538
8573,2093.017578125,-2.3918333
8574,2093.26171875,-2.6088393
8575,2093.505859375,-2.7634962
8576,2093.75,-2.8627324
8577,2093.994140625,-3.0028145
8578,2094.23828125,-3.1166258
8579,2094.482421875,-3.2569778
8580,2094.7265625,-3.3745675
8581,2094.970703125,-3.5159993
8582,2095.21484375,-3.6238725
8583,2095.458984375,-3.6591406
8584,2095.703125,-3.6065984
8585,2095.947265625,-3.6175747
8586,2096.19140625,-3.6004806
8587,2096.435546875,-3.5177088
8588,2096.6796875,-3.4727242
8589,2096.923828125,-3.379876
8590,2097.16796875,-3.2809997
8591,2097.412109375,-3.1751957
8592,2097.65625,-2.9700658
8593,2097.900390625,-2.8102806
8594,2098.14453125,-2.6451867
8595,2098.388671875,-2.4604797
8596,2098.6328125,-2.3202176
8597,2098.876953125,-2.0698333
8598,2099.12109375,-1.8238572
8599,2099.365234375,-1.5895772
8600,2099.609375,-1.3856169
8601,2099.853515625,-1.08341
8602,2100.09765625,-0.8311362
8603,2100.341796875,-0.5632976
8604,2100.5859375,-0.29923782
8605,2100.830078125,0.022717243
8606,2101.07421875,0.26715252
8607,2101.318359375,0.59638387
8608,2101.5625,0.8918205
8609,2101.806640625,1.1198363
8610,2102.05078125,1.4010466
8611,2102.294921875,1.6219212
8612,2102.5390625,1.8675935
8613,2102.783203125,2.0671005
8614,2103.02734375,2.3045068
8615,2103.271484375,2.4566112
8616,2103.515625,2.5453432
8617,2103.759765625,2.702227
8618,2104.00390625,2.8439288
8619,2104.248046875,2.9653876
8620,2104.4921875,3.1066391
8621,2104.736328125,3.2418742
8622,2104.98046875,3.416752
8623,2105.224609375,3.4530773
8624,2105.46875,3.5075648
8625,2105.712890625,3.4885588
8626,2105.95703125,3.503685
8627,2106.201171875,3.4274921
8628,2106.4453125,3.3963401
8629,2106.689453125,3.385038
8630,2106.93359375,3.2242742
8631,2107.177734375,3.1226652
8632,2107.421875,3.0503523
8633,2107.666015625,2.8422983
8634,2107.91015625,2.6840646
8635,2108.154296875,2.540676
8636,2108.3984375,2.3928454
8637,2108.642578125,2.177875
8638,2108.88671875,1.9596434
8639,2109.130859375,1.7352262
8640,2109.375,1.492253
8641,2109.619140625,1.242026
8642,2109.86328125,0.9977593
8643,2110.107421875,0.73499274
8644,2110.3515625,0.45068985
8645,2110.595703125,0.18224402
8646,2110.83984375,-0.091678694
8647,2111.083984375,-0.35258958
8648,2111.328125,-0.6306846
8649,2111.572265625,-0.9581728
8650,2111.81640625,-1.2452648
8651,2112.060546875,-1.487372
8652,2112.3046875,-1.7157141
8653,2112.548828125,-1.9420769
8654,2112.79296875,-2.1489162
8655,2113.037109375,-2.3611538
8656,2113.28125,-2.503665
8657,2113.525390625,-2.6495953
8658,2113.76953125,-2.7978644
8659,2114.013671875,-2.9201329
8660,2114.2578125,-3.0525675
8661,2114.501953125,-3.2104638
8662,2114.74609375,-3.323915
8663,2114.990234375,-3.4154136
8664,2115.234375,-3.561074
8665,2115.478515625,-3.6128063
8666,2115.72265625,-3.5922933
8667,2115.966796875,-3.5749292
8668,2116.2109375,-3.5630534
8669,2116.455078125,-3.561164
8670,2116.69921875,-3.4494221
8671,2116.943359375,-3.39724
8672,2117.1875,-3.268134
8673,2117.431640625,-3.1922
8674,2117.67578125,-2.984101
8675,2117.919921875,-2.8325028
8676,2118.1640625,-2.6692085
8677,2118.408203125,-2.532545
8678,2118.65234375,-2.3231866
8679,2118.896484375,-2.0931354
8680,2119.140625,-1.853817
8681,2119.384765625,-1.6140488
8682,2119.62890625,-1.3653738
8683,2119.873046875,-1.0969955
8684,2120.1171875,-0.8437319
8685,2120.361328125,-0.6000951
8686,2120.60546875,-0.313273
8687,2120.849609375,0.001911847
8688,2121.09375,0.24212983
8689,2121.337890625,0.5514555
8690,2121.58203125,0.85763216
8691,2121.826171875,1.1069033
8692,2122.0703125,1.4085253
8693,2122.314453125,1.6395776
8694,2122.55859375,1.887443
8695,2122.802734375,2.065301
8696,2123.046875,2.248051
8697,2123.291015625,2.4396856
8698,2123.53515625,2.5650804
8699,2123.779296875,2.7189279
8700,2124.0234375,2.8359442
8701,2124.267578125,2.9632506
8702,2124.51171875,3.1366663
8703,2124.755859375,3.2672906
8704,2125.0,3.4055622
8705,2125.244140625,3.455495
8706,2125.48828125,3.5491192
8707,2125.732421875,3.553224
8708,2125.9765625,3.5312943
8709,2126.220703125,3.4757943
8710,2126.46484375,3.4192824
8711,2126.708984375,3.3523679
8712,2126.953125,3.2823606
8713,2127.197265625,3.1588216
8714,2127.44140625,3.059855
8715,2127.685546875,2.8797479
8716,2127.9296875,2.7324793
8717,2128.173828125,2.5331976
8718,2128.41796875,2.3351526
8719,2128.662109375,2.1998613
8720,2128.90625,1.9722953
8721,2129.150390625,1.7402307
8722,2129.39453125,1.499338
8723,2129.638671875,1.2315106
8724,2129.8828125,0.9987715
8725,2130.126953125,0.73223746
8726,2130.37109375,0.45811233
8727,2130.615234375,0.16908601
8728,2130.859375,-0.10958258
8729,2131.103515625,-0.39757425
8730,2131.34765625,-0.69033426
8731,2131.591796875,-0.9866031
8732,2131.8359375,-1.271176
8733,2132.080078125,-1.5428832
8734,2132.32421875,-1.7728446
8735,2132.568359375,-1.9795941
8736,2132.8125,-2.2151337
8737,2133.056640625,-2.383196
8738,2133.30078125,-2.5498195
8739,2133.544921875,-2.7052863
8740,2133.7890625,-2.8601234
8741,2134.033203125,-3.0032644
8742,2134.27734375,-3.089185
8743,2134.521484375,-3.2294471
8744,2134.765625,-3.3946307
8745,2135.009765625,-3.5101514
8746,2135.25390625,-3.5894144
8747,2135.498046875,-3.6967475
8748,2135.7421875,-3.7525284
8749,2135.986328125,-3.6613896
8750,2136.23046875,-3.6304402
8751,2136.474609375,-3.599851
8752,2136.71875,-3.5363326
8753,2136.962890625,-3.4340374
8754,2137.20703125,-3.3543246
8755,2137.451171875,-3.2662446
8756,2137.6953125,-3.046
8757,2137.939453125,-2.8500469
8758,2138.18359375,-2.7167122
8759,2138.427734375,-2.5270572
8760,2138.671875,-2.3561153
8761,2138.916015625,-2.1446877
8762,2139.16015625,-1.8991616
8763,2139.404296875,-1.675228
8764,2139.6484375,-1.4322209
8765,2139.892578125,-1.1607836
8766,2140.13671875,-0.90113235
8767,2140.380859375,-0.61790895
8768,2140.625,-0.36680475
8769,2140.869140625,-0.10940264
8770,2141.11328125,0.20333056
8771,2141.357421875,0.50860757
8772,2141.6015625,0.7938102
8773,2141.845703125,1.118543
8774,2142.08984375,1.35415
8775,2142.333984375,1.5857648
8776,2142.578125,1.8420085
8777,2142.822265625,2.0674942
8778,2143.06640625,2.2502441
8779,2143.310546875,2.4677448
8780,2143.5546875,2.6296332
8781,2143.798828125,2.7540157
8782,2144.04296875,2.8287466
8783,2144.287109375,2.9876547
8784,2144.53125,3.118279
8785,2144.775390625,3.2423239
8786,2145.01953125,3.3785713
8787,2145.263671875,3.5096452
8788,2145.5078125,3.6091177
8789,2145.751953125,3.5972528
8790,2145.99609375,3.5509186
8791,2146.240234375,3.5523245
8792,2146.484375,3.469609
8793,2146.728515625,3.4122536
8794,2146.97265625,3.369181
8795,2147.216796875,3.2444608
8796,2147.4609375,3.1120372
8797,2147.705078125,2.9663997
8798,2147.94921875,2.8067603
8799,2148.193359375,2.599381
8800,2148.4375,2.4642584
8801,2148.681640625,2.262671
8802,2148.92578125,2.099208
8803,2149.169921875,1.8377349
8804,2149.4140625,1.5770489
8805,2149.658203125,1.2997187
8806,2149.90234375,1.080025
8807,2150.146484375,0.8204074
8808,2150.390625,0.53149354
8809,2150.634765625,0.28649592
8810,2150.87890625,0.01692547
8811,2151.123046875,-0.22798215
8812,2151.3671875,-0.54773295
8813,2151.611328125,-0.88547766
8814,2151.85546875,-1.1085114
8815,2152.099609375,-1.4112581
8816,2152.34375,-1.6691101
8817,2152.587890625,-1.9071689
8818,2152.83203125,-2.1095996
8819,2153.076171875,-2.2905278
8820,2153.3203125,-2.465968
8821,2153.564453125,-2.6422176
8822,2153.80859375,-2.7798707
8823,2154.052734375,-2.893592
8824,2154.296875,-3.0498686
8825,2154.541015625,-3.1384883
8826,2154.78515625,-3.291796
8827,2155.029296875,-3.4289093
8828,2155.2734375,-3.5628734
8829,2155.517578125,-3.6445656
8830,2155.76171875,-3.6980972
8831,2156.005859375,-3.675065
8832,2156.25,-3.596252
8833,2156.494140625,-3.6003006
8834,2156.73828125,-3.5830264
8835,2156.982421875,-3.4523911
8836,2157.2265625,-3.3864436
8837,2157.470703125,-3.2899964
8838,2157.71484375,-3.1737561
8839,2157.958984375,-2.9479334
8840,2158.203125,-2.7642162
8841,2158.447265625,-2.6510348
8842,2158.69140625,-2.4352884
8843,2158.935546875,-2.263897
8844,2159.1796875,-1.9868816
8845,2159.423828125,-1.7379365
8846,2159.66796875,-1.5087848
8847,2159.912109375,-1.247514
8848,2160.15625,-0.98561347
8849,2160.400390625,-0.7668082
8850,2160.64453125,-0.46748036
8851,2160.888671875,-0.15042864
8852,2161.1328125,0.103127286
8853,2161.376953125,0.37562174
8854,2161.62109375,0.64626056
8855,2161.865234375,0.9805527
8856,2162.109375,1.2762141
8857,2162.353515625,1.5321206
8858,2162.59765625,1.7390499
8859,2162.841796875,2.0050216
8860,2163.0859375,2.197612
8861,2163.330078125,2.3609626
8862,2163.57421875,2.5725589
8863,2163.818359375,2.6991346
8864,2164.0625,2.8112025
8865,2164.306640625,2.9268694
8866,2164.55078125,3.0467534
8867,2164.794921875,3.2388377
8868,2165.0390625,3.3106446
8869,2165.283203125,3.44498
8870,2165.52734375,3.513469
8871,2165.771484375,3.592867
8872,2166.015625,3.5467577
8873,2166.259765625,3.5351179
8874,2166.50390625,3.5084643
8875,2166.748046875,3.4415498
8876,2166.9921875,3.331169
8877,2167.236328125,3.2399623
8878,2167.48046875,3.1271634
8879,2167.724609375,2.9622386
8880,2167.96875,2.8275094
8881,2168.212890625,2.6400359
8882,2168.45703125,2.481915
8883,2168.701171875,2.3167088
8884,2168.9453125,2.1172583
8885,2169.189453125,1.8636574
8886,2169.43359375,1.5947055
8887,2169.677734375,1.3775983
8888,2169.921875,1.1218045
8889,2170.166015625,0.90042377
8890,2170.41015625,0.6141528
8891,2170.654296875,0.32630733
8892,2170.8984375,0.047008947
8893,2171.142578125,-0.21421686
8894,2171.38671875,-0.47314844
8895,2171.630859375,-0.7565516
8896,2171.875,-1.0909675
8897,2172.119140625,-1.3376632
8898,2172.36328125,-1.6331223
8899,2172.607421875,-1.8625441
8900,2172.8515625,-2.068214
8901,2173.095703125,-2.2659662
8902,2173.33984375,-2.4144154
8903,2173.583984375,-2.626383
8904,2173.828125,-2.7484715
8905,2174.072265625,-2.8911626
8906,2174.31640625,-3.0454602
8907,2174.560546875,-3.1727664
8908,2174.8046875,-3.28001
8909,2175.048828125,-3.4268398
8910,2175.29296875,-3.5591848
8911,2175.537109375,-3.6777642
8912,2175.78125,-3.6942286
8913,2176.025390625,-3.7095232
8914,2176.26953125,-3.669307
8915,2176.513671875,-3.6249523
8916,2176.7578125,-3.610377
8917,2177.001953125,-3.5374122
8918,2177.24609375,-3.364581
8919,2177.490234375,-3.3316522
8920,2177.734375,-3.1995773
8921,2177.978515625,-3.0117216
8922,2178.22265625,-2.8450086
8923,2178.466796875,-2.6620111
8924,2178.7109375,-2.4944882
8925,2178.955078125,-2.266686
8926,2179.19921875,-2.0375342
8927,2179.443359375,-1.8288956
8928,2179.6875,-1.5662751
8929,2179.931640625,-1.2880002
8930,2180.17578125,-1.0350065
8931,2180.419921875,-0.82942677
8932,2180.6640625,-0.50715685
8933,2180.908203125,-0.2207846
8934,2181.15234375,0.07934166
8935,2181.396484375,0.32664472
8936,2181.640625,0.6581815
8937,2181.884765625,0.94259685
8938,2182.12890625,1.2551838
8939,2182.373046875,1.4897226
8940,2182.6171875,1.7566502
8941,2182.861328125,1.9672345
8942,2183.10546875,2.163255
8943,2183.349609375,2.3531466
8944,2183.59375,2.5076687
8945,2183.837890625,2.7083566
8946,2184.08203125,2.8381371
8947,2184.326171875,2.9430075
8948,2184.5703125,3.051758
8949,2184.814453125,3.2210689
8950,2185.05859375,3.3204849
8951,2185.302734375,3.4328902
8952,2185.546875,3.5450144
8953,2185.791015625,3.6063623
8954,2186.03515625,3.6057436
8955,2186.279296875,3.540741
8956,2186.5234375,3.5206103
8957,2186.767578125,3.4892898
8958,2187.01171875,3.3644576
8959,2187.255859375,3.254301
8960,2187.5,3.2061677
8961,2187.744140625,3.0635664
8962,2187.98828125,2.8503392
8963,2188.232421875,2.735066
8964,2188.4765625,2.5280242
8965,2188.720703125,2.4076903
8966,2188.96484375,2.1509404
8967,2189.208984375,1.9605993
8968,2189.453125,1.7005318
8969,2189.697265625,1.4699855
8970,2189.94140625,1.2035078
8971,2190.185546875,0.93416226
8972,2190.4296875,0.7200916
8973,2190.673828125,0.38973567
8974,2190.91796875,0.155197
8975,2191.162109375,-0.0989662
8976,2191.40625,-0.4220459
8977,2191.650390625,-0.72029406
8978,2191.89453125,-1.0357263
8979,2192.138671875,-1.2933084
8980,2192.3828125,-1.534516
8981,2192.626953125,-1.7943473
8982,2192.87109375,-2.014772
8983,2193.115234375,-2.22512
8984,2193.359375,-2.3941724
8985,2193.603515625,-2.5863469
8986,2193.84765625,-2.799844
8987,2194.091796875,-2.8944018
8988,2194.3359375,-3.0023649
8989,2194.580078125,-3.1659288
8990,2194.82421875,-3.3143783
8991,2195.068359375,-3.4238708
8992,2195.3125,-3.5426304
8993,2195.556640625,-3.684332
8994,2195.80078125,-3.753518
8995,2196.044921875,-3.7362442
8996,2196.2890625,-3.7087135
8997,2196.533203125,-3.722209
8998,2196.77734375,-3.6180246
8999,2197.021484375,-3.5647628
9000,2197.265625,-3.490718
9001,2197.509765625,-3.3533351
9002,2197.75390625,-3.2175713
9003,2197.998046875,-3.0482492
9004,2198.2421875,-2.9115858
9005,2198.486328125,-2.6881921
9006,2198.73046875,-2.5444212
9007,2198.974609375,-2.3495476
9008,2199.21875,-2.1293929
9009,2199.462890625,-1.9029402
9010,2199.70703125,-1.6229558
9011,2199.951171875,-1.3992021
9012,2200.1953125,-1.14198
9013,2200.439453125,-0.86280537
9014,2200.68359375,-0.58641976
9015,2200.927734375,-0.3341459
9016,2201.171875,-0.018533671
9017,2201.416015625,0.27778015
9018,2201.66015625,0.5771529
9019,2201.904296875,0.8426185
9020,2202.1484375,1.1767982
9021,2202.392578125,1.4071757
9022,2202.63671875,1.7106533
9023,2202.880859375,1.8800204
9024,2203.125,2.1076992
9025,2203.369140625,2.314291
9026,2203.61328125,2.4759545
9027,2203.857421875,2.6019678
9028,2204.1015625,2.752104
9029,2204.345703125,2.910225
9030,2204.58984375,3.0162764
9031,2204.833984375,3.1810887
9032,2205.078125,3.3323498
9033,2205.322265625,3.4069116
9034,2205.56640625,3.4634237
9035,2205.810546875,3.600177
9036,2206.0546875,3.570937
9037,2206.298828125,3.5527182
9038,2206.54296875,3.4942942
9039,2206.787109375,3.497162
9040,2207.03125,3.4285042
9041,2207.275390625,3.330044
9042,2207.51953125,3.198689
9043,2207.763671875,3.1073701
9044,2208.0078125,2.9475622
9045,2208.251953125,2.7317486
9046,2208.49609375,2.6055665
9047,2208.740234375,2.4199486
9048,2208.984375,2.2583976
9049,2209.228515625,2.011713
9050,2209.47265625,1.8134433
9051,2209.716796875,1.5408363
9052,2209.9609375,1.2784072
9053,2210.205078125,1.0401573
9054,2210.44921875,0.8021323
9055,2210.693359375,0.49263802
9056,2210.9375,0.23993681
9057,2211.181640625,0.008772004
9058,2211.42578125,-0.31372288
9059,2211.669921875,-0.6397716
9060,2211.9140625,-0.9538543
9061,2212.158203125,-1.2350082
9062,2212.40234375,-1.4686586
9063,2212.646484375,-1.7200327
9064,2212.890625,-1.965289
9065,2213.134765625,-2.161872
9066,2213.37890625,-2.339921
9067,2213.623046875,-2.538753
9068,2213.8671875,-2.732097
9069,2214.111328125,-2.855085
9070,2214.35546875,-2.943615
9071,2214.599609375,-3.1329103
9072,2214.84375,-3.2815394
9073,2215.087890625,-3.3757372
9074,2215.33203125,-3.491258
9075,2215.576171875,-3.6325996
9076,2215.8203125,-3.745511
9077,2216.064453125,-3.7030454
9078,2216.30859375,-3.7265275
9079,2216.552734375,-3.7252681
9080,2216.796875,-3.663549
9081,2217.041015625,-3.5831165
9082,2217.28515625,-3.4659765
9083,2217.529296875,-3.4360168
9084,2217.7734375,-3.2889168
9085,2218.017578125,-3.1231036
9086,2218.26171875,-2.9592695
9087,2218.505859375,-2.7469418
9088,2218.75,-2.6033509
9089,2218.994140625,-2.3896742
9090,2219.23828125,-2.2008286
9091,2219.482421875,-1.9711368
9092,2219.7265625,-1.6745082
9093,2219.970703125,-1.461551
9094,2220.21484375,-1.1973112
9095,2220.458984375,-0.9315419
9096,2220.703125,-0.62744576
9097,2220.947265625,-0.37535182
9098,2221.19140625,-0.09797654
9099,2221.435546875,0.1672304
9100,2221.6796875,0.47784933
9101,2221.923828125,0.77317345
9102,2222.16796875,1.0697347
9103,2222.412109375,1.3778795
9104,2222.65625,1.6518359
9105,2222.900390625,1.8643322
9106,2223.14453125,2.04995
9107,2223.388671875,2.2501318
9108,2223.6328125,2.462234
9109,2223.876953125,2.609784
9110,2224.12109375,2.681141
9111,2224.365234375,2.843029
9112,2224.609375,2.9865863
9113,2224.853515625,3.114343
9114,2225.09765625,3.227479
9115,2225.341796875,3.3778965
9116,2225.5859375,3.5033474
9117,2225.830078125,3.5542927
9118,2226.07421875,3.5993898
9119,2226.318359375,3.5847697
9120,2226.5625,3.5460267
9121,2226.806640625,3.4766378
9122,2227.05078125,3.3832386
9123,2227.294921875,3.338591
9124,2227.5390625,3.1942468
9125,2227.783203125,3.1164234
9126,2228.02734375,2.9633632
9127,2228.271484375,2.790172
9128,2228.515625,2.6128767
9129,2228.759765625,2.4942858
9130,2229.00390625,2.272624
9131,2229.248046875,2.061365
9132,2229.4921875,1.8548291
9133,2229.736328125,1.6030276
9134,2229.98046875,1.3786668
9135,2230.224609375,1.1257968
9136,2230.46875,0.82215047
9137,2230.712890625,0.586431
9138,2230.95703125,0.2882953
9139,2231.201171875,0.038236942
9140,2231.4453125,-0.22897181
9141,2231.689453125,-0.53513724
9142,2231.93359375,-0.82690763
9143,2232.177734375,-1.1378415
9144,2232.421875,-1.3997421
9145,2232.666015625,-1.6571442
9146,2232.91015625,-1.9048295
9147,2233.154296875,-2.1370401
9148,2233.3984375,-2.333713
9149,2233.642578125,-2.4818926
9150,2233.88671875,-2.6462662
9151,2234.130859375,-2.8417697
9152,2234.375,-2.9367774
9153,2234.619140625,-3.0738003
9154,2234.86328125,-3.1767251
9155,2235.107421875,-3.3258944
9156,2235.3515625,-3.4366465
9157,2235.595703125,-3.5801475
9158,2235.83984375,-3.7250881
9159,2236.083984375,-3.7596364
9160,2236.328125,-3.695668
9161,2236.572265625,-3.6927888
9162,2236.81640625,-3.6908998
9163,2237.060546875,-3.587615
9164,2237.3046875,-3.4828007
9165,2237.548828125,-3.42612
9166,2237.79296875,-3.364761
9167,2238.037109375,-3.1629598
9168,2238.28125,-2.9757338
9169,2238.525390625,-2.8395205
9170,2238.76953125,-2.6450067
9171,2239.013671875,-2.4927788
9172,2239.2578125,-2.2536404
9173,2239.501953125,-2.0643451
9174,2239.74609375,-1.7870598
9175,2239.990234375,-1.5320868
9176,2240.234375,-1.2673072
9177,2240.478515625,-1.0401348
9178,2240.72265625,-0.77067685
9179,2240.966796875,-0.48115572
9180,2241.2109375,-0.21268737
9181,2241.455078125,0.027328169
9182,2241.69921875,0.35740295
9183,2241.943359375,0.68269813
9184,2242.1875,0.94765764
9185,2242.431640625,1.2134044
9186,2242.67578125,1.4892164
9187,2242.919921875,1.7079543
9188,2243.1640625,1.9260174
9189,2243.408203125,2.1255805
9190,2243.65234375,2.3091178
9191,2243.896484375,2.4823086
9192,2244.140625,2.5900466
9193,2244.384765625,2.6880572
9194,2244.62890625,2.8715382
9195,2244.873046875,2.9855742
9196,2245.1171875,3.136104
9197,2245.361328125,3.2579
9198,2245.60546875,3.4026945
9199,2245.849609375,3.4617367
9200,2246.09375,3.5167866
9201,2246.337890625,3.5212288
9202,2246.58203125,3.4419997
9203,2246.826171875,3.4252992
9204,2247.0703125,3.3822825
9205,2247.314453125,3.3618145
9206,2247.55859375,3.2286038
9207,2247.802734375,3.1087759
9208,2248.046875,2.9958081
9209,2248.291015625,2.7924213
9210,2248.53515625,2.6501575
9211,2248.779296875,2.5068815
9212,2249.0234375,2.3496602
9213,2249.267578125,2.219261
9214,2249.51171875,1.9474974
9215,2249.755859375,1.7587306
9216,2250.0,1.4688609
9217,2250.244140625,1.2479863
9218,2250.48828125,0.95963484
9219,2250.732421875,0.73223746
9220,2250.9765625,0.48341614
9221,2251.220703125,0.19686402
9222,2251.46484375,-0.07206539
9223,2251.708984375,-0.36041692
9224,2251.953125,-0.62537646
9225,2252.197265625,-0.9121985
9226,2252.44140625,-1.194612
9227,2252.685546875,-1.4914207
9228,2252.9296875,-1.7009592
9229,2253.173828125,-1.9117572
9230,2253.41796875,-2.1849937
9231,2253.662109375,-2.3863451
9232,2253.90625,-2.485941
9233,2254.150390625,-2.6656997
9234,2254.39453125,-2.8021832
9235,2254.638671875,-2.946044
9236,2254.8828125,-3.0381725
9237,2255.126953125,-3.1942694
9238,2255.37109375,-3.3208559
9239,2255.615234375,-3.4566197
9240,2255.859375,-3.534983
9241,2256.103515625,-3.5957122
9242,2256.34765625,-3.6246822
9243,2256.591796875,-3.587435
9244,2256.8359375,-3.5743895
9245,2257.080078125,-3.555046
9246,2257.32421875,-3.4882889
9247,2257.568359375,-3.3812253
9248,2257.8125,-3.329583
9249,2258.056640625,-3.1782548
9250,2258.30078125,-3.005334
9251,2258.544921875,-2.8105502
9252,2258.7890625,-2.6684887
9253,2259.033203125,-2.5193198
9254,2259.27734375,-2.2845898
9255,2259.521484375,-2.1040215
9256,2259.765625,-1.8474292
9257,2260.009765625,-1.5937159
9258,2260.25390625,-1.3150809
9259,2260.498046875,-1.0843997
9260,2260.7421875,-0.8645148
9261,2260.986328125,-0.58731943
9262,2261.23046875,-0.31354293
9263,2261.474609375,0.012933084
9264,2261.71875,0.23290797
9265,2261.962890625,0.53121233
9266,2262.20703125,0.8375578
9267,2262.451171875,1.1335566
9268,2262.6953125,1.3526881
9269,2262.939453125,1.6238331
9270,2263.18359375,1.8337988
9271,2263.427734375,2.0633893
9272,2263.671875,2.2195983
9273,2263.916015625,2.4096022
9274,2264.16015625,2.6060724
9275,2264.404296875,2.6440284
9276,2264.6484375,2.8126645
9277,2264.892578125,2.9295683
9278,2265.13671875,3.0725634
9279,2265.380859375,3.207967
9280,2265.625,3.310532
9281,2265.869140625,3.4533582
9282,2266.11328125,3.5120633
9283,2266.357421875,3.4895146
9284,2266.6015625,3.4923825
9285,2266.845703125,3.4629736
9286,2267.08984375,3.354111
9287,2267.333984375,3.3241398
9288,2267.578125,3.2317526
9289,2267.822265625,3.104615
9290,2268.06640625,3.0122838
9291,2268.310546875,2.8677707
9292,2268.5546875,2.6980662
9293,2268.798828125,2.531342
9294,2269.04296875,2.3877847
9295,2269.287109375,2.1916516
9296,2269.53125,1.9803925
9297,2269.775390625,1.7283661
9298,2270.01953125,1.4910159
9299,2270.263671875,1.2570395
9300,2270.5078125,0.97363627
9301,2270.751953125,0.71238804
9302,2270.99609375,0.43556377
9303,2271.240234375,0.25005835
9304,2271.484375,-0.06423807
9305,2271.728515625,-0.3414334
9306,2271.97265625,-0.61700934
9307,2272.216796875,-0.92254496
9308,2272.4609375,-1.1968614
9309,2272.705078125,-1.5014973
9310,2272.94921875,-1.7740142
9311,2273.193359375,-1.927232
9312,2273.4375,-2.144058
9313,2273.681640625,-2.360434
9314,2273.92578125,-2.5324552
9315,2274.169921875,-2.6629107
9316,2274.4140625,-2.8392506
9317,2274.658203125,-2.9769933
9318,2274.90234375,-3.0728106
9319,2275.146484375,-3.2071347
9320,2275.390625,-3.3686297
9321,2275.634765625,-3.4853199
9322,2275.87890625,-3.607768
9323,2276.123046875,-3.6511333
9324,2276.3671875,-3.710693
9325,2276.611328125,-3.6384475
9326,2276.85546875,-3.6126263
9327,2277.099609375,-3.6087577
9328,2277.34375,-3.5283253
9329,2277.587890625,-3.4258502
9330,2277.83203125,-3.3311124
9331,2278.076171875,-3.2189207
9332,2278.3203125,-3.1289515
9333,2278.564453125,-2.8921525
9334,2278.80859375,-2.7025871
9335,2279.052734375,-2.5450509
9336,2279.296875,-2.3557556
9337,2279.541015625,-2.1252544
9338,2279.78515625,-1.8922338
9339,2280.029296875,-1.6612827
9340,2280.2734375,-1.4096386
9341,2280.517578125,-1.121557
9342,2280.76171875,-0.87953967
9343,2281.005859375,-0.6073826
9344,2281.25,-0.3496206
9345,2281.494140625,-0.046604086
9346,2281.73828125,0.22256151
9347,2281.982421875,0.51805437
9348,2282.2265625,0.86404246
9349,2282.470703125,1.1226479
9350,2282.71484375,1.3764737
9351,2282.958984375,1.629681
9352,2283.203125,1.854548
9353,2283.447265625,2.0439894
9354,2283.69140625,2.2422032
9355,2283.935546875,2.428777
9356,2284.1796875,2.600056
9357,2284.423828125,2.692218
9358,2284.66796875,2.8555124
9359,2284.912109375,2.9646564
9360,2285.15625,3.0987668
9361,2285.400390625,3.2073483
9362,2285.64453125,3.320035
9363,2285.888671875,3.4615679
9364,2286.1328125,3.5613778
9365,2286.376953125,3.514931
9366,2286.62109375,3.5055966
9367,2286.865234375,3.4929447
9368,2287.109375,3.4358144
9369,2287.353515625,3.3368483
9370,2287.59765625,3.2864654
9371,2287.841796875,3.191604
9372,2288.0859375,3.0894325
9373,2288.330078125,2.9389591
9374,2288.57421875,2.772572
9375,2288.818359375,2.573515
9376,2289.0625,2.4213543
9377,2289.306640625,2.2673383
9378,2289.55078125,2.031169
9379,2289.794921875,1.845551
9380,2290.0390625,1.574856
9381,2290.283203125,1.3308705
9382,2290.52734375,1.0916085
9383,2290.771484375,0.7993208
9384,2291.015625,0.53925335
9385,2291.259765625,0.26951423
9386,2291.50390625,-0.03832691
9387,2291.748046875,-0.28196374
9388,2291.9921875,-0.5923577
9389,2292.236328125,-0.89690375
9390,2292.48046875,-1.1642923
9391,2292.724609375,-1.4542634
9392,2292.96875,-1.7086066
9393,2293.212890625,-1.9165255
9394,2293.45703125,-2.1072605
9395,2293.701171875,-2.3503573
9396,2293.9453125,-2.521479
9397,2294.189453125,-2.6545436
9398,2294.43359375,-2.8225162
9399,2294.677734375,-2.9418156
9400,2294.921875,-3.0908046
9401,2295.166015625,-3.212263
9402,2295.41015625,-3.3246348
9403,2295.654296875,-3.464627
9404,2295.8984375,-3.569621
9405,2296.142578125,-3.6831622
9406,2296.38671875,-3.6938686
9407,2296.630859375,-3.675155
9408,2296.875,-3.6318798
9409,2297.119140625,-3.5944526
9410,2297.36328125,-3.5767286
9411,2297.607421875,-3.5007045
9412,2297.8515625,-3.3694394
9413,2298.095703125,-3.2446523
9414,2298.33984375,-3.0915244
9415,2298.583984375,-2.9410956
9416,2298.828125,-2.7346163
9417,2299.072265625,-2.5958836
9418,2299.31640625,-2.4438355
9419,2299.560546875,-2.1829245
9420,2299.8046875,-1.9741058
9421,2300.048828125,-1.7553905
9422,2300.29296875,-1.475586
9423,2300.537109375,-1.2117063
9424,2300.78125,-0.96851933
9425,2301.025390625,-0.6753094
9426,2301.26953125,-0.42303556
9427,2301.513671875,-0.13891257
9428,2301.7578125,0.10402697
9429,2302.001953125,0.39406544
9430,2302.24609375,0.7055841
9431,2302.490234375,1.0070374
9432,2302.734375,1.2753145
9433,2302.978515625,1.4972575
9434,2303.22265625,1.7619921
9435,2303.466796875,1.9614427
9436,2303.7109375,2.162074
9437,2303.955078125,2.3190145
9438,2304.19921875,2.4751673
9439,2304.443359375,2.6404295
9440,2304.6875,2.760876
9441,2304.931640625,2.869064
9442,2305.17578125,3.0139146
9443,2305.419921875,3.15944
9444,2305.6640625,3.3244774
9445,2305.908203125,3.4111853
9446,2306.15234375,3.5472076
9447,2306.396484375,3.5228033
9448,2306.640625,3.4860847
9449,2306.884765625,3.4855223
9450,2307.12890625,3.5059903
9451,2307.373046875,3.4165833
9452,2307.6171875,3.3193605
9453,2307.861328125,3.2373757
9454,2308.10546875,3.117098
9455,2308.349609375,2.9989572
9456,2308.59375,2.8130581
9457,2308.837890625,2.6910937
9458,2309.08203125,2.5418007
9459,2309.326171875,2.3167653
9460,2309.5703125,2.1561139
9461,2309.814453125,1.9039748
9462,2310.05859375,1.635529
9463,2310.302734375,1.3736621
9464,2310.546875,1.1596478
9465,2310.791015625,0.89148307
9466,2311.03515625,0.6300661
9467,2311.279296875,0.37472203
9468,2311.5234375,0.091881126
9469,2311.767578125,-0.22546302
9470,2312.01171875,-0.47602746
9471,2312.255859375,-0.8117928
9472,2312.5,-1.0987048
9473,2312.744140625,-1.352958
9474,2312.98828125,-1.63987
9475,2313.232421875,-1.8494085
9476,2313.4765625,-2.05004
9477,2313.720703125,-2.2500417
9478,2313.96484375,-2.4509432
9479,2314.208984375,-2.6258433
9480,2314.453125,-2.7896774
9481,2314.697265625,-2.884505
9482,2314.94140625,-3.0287259
9483,2315.185546875,-3.1588216
9484,2315.4296875,-3.2998931
9485,2315.673828125,-3.4158635
9486,2315.91796875,-3.5436199
9487,2316.162109375,-3.6205437
9488,2316.40625,-3.666518
9489,2316.650390625,-3.6620195
9490,2316.89453125,-3.6296306
9491,2317.138671875,-3.585096
9492,2317.3828125,-3.5444298
9493,2317.626953125,-3.5021443
9494,2317.87109375,-3.3977797
9495,2318.115234375,-3.239434
9496,2318.359375,-3.1035802
9497,2318.603515625,-2.98662
9498,2318.84765625,-2.7714138
9499,2319.091796875,-2.6288123
9500,2319.3359375,-2.4414062
9501,2319.580078125,-2.243564
9502,2319.82421875,-1.9791441
9503,2320.068359375,-1.7668166
9504,2320.3125,-1.5314571
9505,2320.556640625,-1.2904294
9506,2320.80078125,-1.0137739
9507,2321.044921875,-0.77931386
9508,2321.2890625,-0.5097659
9509,2321.533203125,-0.20009167
9510,2321.77734375,0.06258488
9511,2322.021484375,0.3255201
9512,2322.265625,0.6274232
9513,2322.509765625,0.9402352
9514,2322.75390625,1.2391582
9515,2322.998046875,1.5140142
9516,2323.2421875,1.7148707
9517,2323.486328125,1.9074049
9518,2323.73046875,2.149816
9519,2323.974609375,2.296016
9520,2324.21875,2.438505
9521,2324.462890625,2.6289585
9522,2324.70703125,2.7685235
9523,2324.951171875,2.8737874
9524,2325.1953125,3.0059297
9525,2325.439453125,3.1272757
9526,2325.68359375,3.2973177
9527,2325.927734375,3.3728359
9528,2326.171875,3.4973307
9529,2326.416015625,3.5347242
9530,2326.66015625,3.569756
9531,2326.904296875,3.4959812
9532,2327.1484375,3.4477916
9533,2327.392578125,3.4349709
9534,2327.63671875,3.3614771
9535,2327.880859375,3.2577312
9536,2328.125,3.191885
9537,2328.369140625,3.0648596
9538,2328.61328125,2.8580427
9539,2328.857421875,2.6938488
9540,2329.1015625,2.534266
9541,2329.345703125,2.3523593
9542,2329.58984375,2.1587567
9543,2329.833984375,1.9747131
9544,2330.078125,1.69862
9545,2330.322265625,1.4455813
9546,2330.56640625,1.2136856
9547,2330.810546875,0.94866985
9548,2331.0546875,0.67488205
9549,2331.298828125,0.39676452
9550,2331.54296875,0.14170162
9551,2331.787109375,-0.09968596
9552,2332.03125,-0.40657118
9553,2332.275390625,-0.7420666
9554,2332.51953125,-1.027539
9555,2332.763671875,-1.3116621
9556,2333.0078125,-1.5458522
9557,2333.251953125,-1.7850804
9558,2333.49609375,-2.0663245
9559,2333.740234375,-2.2596684
9560,2333.984375,-2.4347486
9561,2334.228515625,-2.6359198
9562,2334.47265625,-2.7455025
9563,2334.716796875,-2.8739786
9564,2334.9609375,-3.0029047
9565,2335.205078125,-3.1544127
9566,2335.44921875,-3.2484307
9567,2335.693359375,-3.3813155
9568,2335.9375,-3.5362425
9569,2336.181640625,-3.6828024
9570,2336.42578125,-3.7030454
9571,2336.669921875,-3.7278771
9572,2336.9140625,-3.7088034
9573,2337.158203125,-3.654912
9574,2337.40234375,-3.5977814
9575,2337.646484375,-3.5035837
9576,2337.890625,-3.4301686
9577,2338.134765625,-3.33804
9578,2338.37890625,-3.159811
9579,2338.623046875,-3.037273
9580,2338.8671875,-2.8426692
9581,2339.111328125,-2.630612
9582,2339.35546875,-2.483332
9583,2339.599609375,-2.3040233
9584,2339.84375,-2.1101394
9585,2340.087890625,-1.8457198
9586,2340.33203125,-1.5659153
9587,2340.576171875,-1.3305556
9588,2340.8203125,-1.0912374
9589,2341.064453125,-0.80216604
9590,2341.30859375,-0.52416104
9591,2341.552734375,-0.2825935
9592,2341.796875,0.014901162
9593,2342.041015625,0.28104153
9594,2342.28515625,0.5943595
9595,2342.529296875,0.8960378
9596,2342.7734375,1.1842768
9597,2343.017578125,1.4465935
9598,2343.26171875,1.7137461
9599,2343.505859375,1.9120722
9600,2343.75,2.130585
9601,2343.994140625,2.3647864
9602,2344.23828125,2.4992905
9603,2344.482421875,2.6169815
9604,2344.7265625,2.7553654
9605,2344.970703125,2.9164104
9606,2345.21484375,3.017401
9607,2345.458984375,3.1256452
9608,2345.703125,3.2853968
9609,2345.947265625,3.4177082
9610,2346.19140625,3.509814
9611,2346.435546875,3.5828578
9612,2346.6796875,3.6278987
9613,2346.923828125,3.5737486
9614,2347.16796875,3.5033474
9615,2347.412109375,3.4901333
9616,2347.65625,3.4261425
9617,2347.900390625,3.3318436
9618,2348.14453125,3.1854184
9619,2348.388671875,3.1126559
9620,2348.6328125,2.9671867
9621,2348.876953125,2.7428823
9622,2349.12109375,2.5700288
9623,2349.365234375,2.4303513
9624,2349.609375,2.2428217
9625,2349.853515625,2.0281887
9626,2350.09765625,1.7631167
9627,2350.341796875,1.497876
9628,2350.5859375,1.2868419
9629,2350.830078125,0.97746
9630,2351.07421875,0.7441584
9631,2351.318359375,0.45659408
9632,2351.5625,0.23363897
9633,2351.806640625,-0.080432534
9634,2352.05078125,-0.3958648
9635,2352.294921875,-0.6503879
9636,2352.5390625,-0.9571832
9637,2352.783203125,-1.2431055
9638,2353.02734375,-1.5508904
9639,2353.271484375,-1.7897588
9640,2353.515625,-2.009554
9641,2353.759765625,-2.2454534
9642,2354.00390625,-2.4082077
9643,2354.248046875,-2.5935442
9644,2354.4921875,-2.7590878
9645,2354.736328125,-2.8737988
9646,2354.98046875,-3.011092
9647,2355.224609375,-3.100521
9648,2355.46875,-3.2994435
9649,2355.712890625,-3.4007487
9650,2355.95703125,-3.4729042
9651,2356.201171875,-3.6412365
9652,2356.4453125,-3.757297
9653,2356.689453125,-3.7418225
9654,2356.93359375,-3.6813629
9655,2357.177734375,-3.6927888
9656,2357.421875,-3.6714664
9657,2357.666015625,-3.5883348
9658,2357.91015625,-3.4743435
9659,2358.154296875,-3.387973
9660,2358.3984375,-3.2520297
9661,2358.642578125,-3.095303
9662,2358.88671875,-2.9171638
9663,2359.130859375,-2.7910268
9664,2359.375,-2.5614254
9665,2359.619140625,-2.3899438
9666,2359.86328125,-2.161422
9667,2360.107421875,-1.9221036
9668,2360.3515625,-1.6691101
9669,2360.595703125,-1.4284422
9670,2360.83984375,-1.1473782
9671,2361.083984375,-0.88358825
9672,2361.328125,-0.6163795
9673,2361.572265625,-0.3821895
9674,2361.81640625,-0.074134685
9675,2362.060546875,0.20068772
9676,2362.3046875,0.4974739
9677,2362.548828125,0.7874561
9678,2362.79296875,1.0569702
9679,2363.037109375,1.3341318
9680,2363.28125,1.5957175
9681,2363.525390625,1.8235649
9682,2363.76953125,2.0254896
9683,2364.013671875,2.2551363
9684,2364.2578125,2.3972316
9685,2364.501953125,2.561369
9686,2364.74609375,2.7259567
9687,2364.990234375,2.8614728
9688,2365.234375,3.0085166
9689,2365.478515625,3.09708
9690,2365.72265625,3.2166266
9691,2365.966796875,3.3554604
9692,2366.2109375,3.4829357
9693,2366.455078125,3.551762
9694,2366.69921875,3.5849946
9695,2366.943359375,3.578247
9696,2367.1875,3.5211163
9697,2367.431640625,3.4802365
9698,2367.67578125,3.4260302
9699,2367.919921875,3.366538
9700,2368.1640625,3.259362
9701,2368.408203125,3.14049
9702,2368.65234375,3.0056486
9703,2368.896484375,2.8326263
9704,2369.140625,2.6240103
9705,2369.384765625,2.4705002
9706,2369.62890625,2.3193517
9707,2369.873046875,2.0993207
9708,2370.1171875,1.8840692
9709,2370.361328125,1.6263071
9710,2370.60546875,1.3574114
9711,2370.849609375,1.1000993
9712,2371.09375,0.87118375
9713,2371.337890625,0.5895237
9714,2371.58203125,0.3233271
9715,2371.826171875,0.03610017
9716,2372.0703125,-0.2603711
9717,2372.314453125,-0.5435044
9718,2372.55859375,-0.8654145
9719,2372.802734375,-1.130284
9720,2373.046875,-1.4159365
9721,2373.291015625,-1.6636219
9722,2373.53515625,-1.862454
9723,2373.779296875,-2.123095
9724,2374.0234375,-2.3242664
9725,2374.267578125,-2.465698
9726,2374.51171875,-2.6663294
9727,2374.755859375,-2.8513064
9728,2375.0,-2.975644
9729,2375.244140625,-3.0688522
9730,2375.48828125,-3.1708772
9731,2375.732421875,-3.3467672
9732,2375.9765625,-3.4729939
9733,2376.220703125,-3.584646
9734,2376.46484375,-3.646095
9735,2376.708984375,-3.7181604
9736,2376.953125,-3.6671476
9737,2377.197265625,-3.6271114
9738,2377.44140625,-3.6316998
9739,2377.685546875,-3.5799675
9740,2377.9296875,-3.4853199
9741,2378.173828125,-3.3814054
9742,2378.41796875,-3.3058312
9743,2378.662109375,-3.1293113
9744,2378.90625,-2.9421754
9745,2379.150390625,-2.7832897
9746,2379.39453125,-2.5840075
9747,2379.638671875,-2.406768
9748,2379.8828125,-2.216933
9749,2380.126953125,-2.043742
9750,2380.37109375,-1.7617784
9751,2380.615234375,-1.4803545
9752,2380.859375,-1.2519225
9753,2381.103515625,-1.0051368
9754,2381.34765625,-0.70796824
9755,2381.591796875,-0.4448081
9756,2381.8359375,-0.17400059
9757,2382.080078125,0.09002551
9758,2382.32421875,0.3476188
9759,2382.568359375,0.67055225
9760,2382.8125,0.94265306
9761,2383.056640625,1.2270123
9762,2383.30078125,1.5058045
9763,2383.544921875,1.6987325
9764,2383.7890625,1.9405248
9765,2384.033203125,2.1020198
9766,2384.27734375,2.2956223
9767,2384.521484375,2.488269
9768,2384.765625,2.5913963
9769,2385.009765625,2.7468183
9770,2385.25390625,2.8715944
9771,2385.498046875,2.9905226
9772,2385.7421875,3.1204157
9773,2385.986328125,3.245192
9774,2386.23046875,3.3832386
9775,2386.474609375,3.4953628
9776,2386.71875,3.5420341
9777,2386.962890625,3.5117822
9778,2387.20703125,3.4850163
9779,2387.451171875,3.452796
9780,2387.6953125,3.3506246
9781,2387.939453125,3.33876
9782,2388.18359375,3.2444608
9783,2388.427734375,3.1494873
9784,2388.671875,3.0420861
9785,2388.916015625,2.8747997
9786,2389.16015625,2.6912622
9787,2389.404296875,2.4975471
9788,2389.6484375,2.3514032
9789,2389.892578125,2.1772003
9790,2390.13671875,1.9379946
9791,2390.380859375,1.6773084
9792,2390.625,1.452048
9793,2390.869140625,1.1903498
9794,2391.11328125,0.90593445
9795,2391.357421875,0.69147015
9796,2391.6015625,0.42437384
9797,2391.845703125,0.15418486
9798,2392.08984375,-0.14296117
9799,2392.333984375,-0.46406153
9800,2392.578125,-0.74512553
9801,2392.822265625,-1.0112547
9802,2393.06640625,-1.271086
9803,2393.310546875,-1.5176917
9804,2393.5546875,-1.7457639
9805,2393.798828125,-1.9967781
9806,2394.04296875,-2.2035275
9807,2394.287109375,-2.395342
9808,2394.53125,-2.5501792
9809,2394.775390625,-2.6953895
9810,2395.01953125,-2.8503168
9811,2395.263671875,-2.9332685
9812,2395.5078125,-3.07524
9813,2395.751953125,-3.239434
9814,2395.99609375,-3.3521655
9815,2396.240234375,-3.502414
9816,2396.484375,-3.593283
9817,2396.728515625,-3.6322396
9818,2396.97265625,-3.6324196
9819,2397.216796875,-3.5690813
9820,2397.4609375,-3.5574753
9821,2397.705078125,-3.5255363
9822,2397.94921875,-3.4690354
9823,2398.193359375,-3.3376803
9824,2398.4375,-3.2511299
9825,2398.681640625,-3.1439762
9826,2398.92578125,-2.95747
9827,2399.169921875,-2.732817
9828,2399.4140625,-2.6303418
9829,2399.658203125,-2.4653382
9830,2399.90234375,-2.2486022
9831,2400.146484375,-2.0581372
9832,2400.390625,-1.8033442
9833,2400.634765625,-1.558088
9834,2400.87890625,-1.3171502
9835,2401.123046875,-1.0290686
9836,2401.3671875,-0.82762736
9837,2401.611328125,-0.5795821
9838,2401.85546875,-0.30211684
9839,2402.099609375,-0.037067343
9840,2402.34375,0.25534406
9841,2402.587890625,0.560846
9842,2402.83203125,0.8712962
9843,2403.076171875,1.1076343
9844,2403.3203125,1.3608415
9845,2403.564453125,1.5889137
9846,2403.80859375,1.8137807
9847,2404.052734375,2.0334182
9848,2404.296875,2.1897397
9849,2404.541015625,2.36175
9850,2404.78515625,2.5399451
9851,2405.029296875,2.5980878
9852,2405.2734375,2.783312
9853,2405.517578125,2.9541974
9854,2405.76171875,3.0880268
9855,2406.005859375,3.1783335
9856,2406.25,3.3238587
9857,2406.494140625,3.4270425
9858,2406.73828125,3.4527397
9859,2406.982421875,3.4885588
9860,2407.2265625,3.4863658
9861,2407.470703125,3.484285
9862,2407.71484375,3.39724
9863,2407.958984375,3.3219469
9864,2408.203125,3.2271981
9865,2408.447265625,3.1428518
9866,2408.69140625,3.0014875
9867,2408.935546875,2.8779485
9868,2409.1796875,2.7283185
9869,2409.423828125,2.5618753
9870,2409.66796875,2.387166
9871,2409.912109375,2.2130194
9872,2410.15625,2.0006356
9873,2410.400390625,1.7370256
9874,2410.64453125,1.5231237
9875,2410.888671875,1.2761017
9876,2411.1328125,1.0250875
9877,2411.376953125,0.73218125
9878,2411.62109375,0.47537518
9879,2411.865234375,0.21705088
9880,2412.109375,-0.024561614
9881,2412.353515625,-0.33864436
9882,2412.59765625,-0.66631246
9883,2412.841796875,-0.9937107
9884,2413.0859375,-1.2815224
9885,2413.330078125,-1.5382048
9886,2413.57421875,-1.7581797
9887,2413.818359375,-1.9709569
9888,2414.0625,-2.1362307
9889,2414.306640625,-2.363313
9890,2414.55078125,-2.509423
9891,2414.794921875,-2.6472561
9892,2415.0390625,-2.7955253
9893,2415.283203125,-2.9362373
9894,2415.52734375,-3.0999813
9895,2415.771484375,-3.2027264
9896,2416.015625,-3.3658407
9897,2416.259765625,-3.4468129
9898,2416.50390625,-3.546049
9899,2416.748046875,-3.6627393
9900,2416.9921875,-3.6507735
9901,2417.236328125,-3.6475344
9902,2417.48046875,-3.5737596
9903,2417.724609375,-3.5539665
9904,2417.96875,-3.4924273
9905,2418.212890625,-3.361432
9906,2418.45703125,-3.2561681
9907,2418.701171875,-3.1848226
9908,2418.9453125,-3.0255768
9909,2419.189453125,-2.8273747
9910,2419.43359375,-2.667949
9911,2419.677734375,-2.4788337
9912,2419.921875,-2.2802713
9913,2420.166015625,-2.0772107
9914,2420.41015625,-1.8705512
9915,2420.654296875,-1.6324025
9916,2420.8984375,-1.3718516
9917,2421.142578125,-1.0992447
9918,2421.38671875,-0.8511094
9919,2421.630859375,-0.6314044
9920,2421.875,-0.31228337
9921,2422.119140625,-0.07620398
9922,2422.36328125,0.18061332
9923,2422.607421875,0.49657416
9924,2422.8515625,0.78520685
9925,2423.095703125,1.1320947
9926,2423.33984375,1.3931742
9927,2423.583984375,1.6137677
9928,2423.828125,1.8114189
9929,2424.072265625,2.0414593
9930,2424.31640625,2.2094204
9931,2424.560546875,2.3826678
9932,2424.8046875,2.5721092
9933,2425.048828125,2.7303426
9934,2425.29296875,2.8082223
9935,2425.537109375,2.9474497
9936,2425.78125,3.104671
9937,2426.025390625,3.2539077
9938,2426.26953125,3.3256018
9939,2426.513671875,3.47422
9940,2426.7578125,3.5637956
9941,2427.001953125,3.5723429
9942,2427.24609375,3.5405722
9943,2427.490234375,3.5413594
9944,2427.734375,3.489346
9945,2427.978515625,3.3759284
9946,2428.22265625,3.3093512
9947,2428.466796875,3.2135339
9948,2428.7109375,3.094887
9949,2428.955078125,2.9219773
9950,2429.19921875,2.7622256
9951,2429.443359375,2.6048918
9952,2429.6875,2.394701
9953,2429.931640625,2.2348368
9954,2430.17578125,2.0154805
9955,2430.419921875,1.8074827
9956,2430.6640625,1.5313333
9957,2430.908203125,1.2452873
9958,2431.15234375,1.0374582
9959,2431.396484375,0.74320245
9960,2431.640625,0.4599117
9961,2431.884765625,0.27378777
9962,2432.12890625,-0.040576145
9963,2432.373046875,-0.33369607
9964,2432.6171875,-0.6304147
9965,2432.861328125,-0.95250475
9966,2433.10546875,-1.2310497
9967,2433.349609375,-1.4747764
9968,2433.59375,-1.7191329
9969,2433.837890625,-1.9743758
9970,2434.08203125,-2.13749
9971,2434.326171875,-2.3293045
9972,2434.5703125,-2.5375834
9973,2434.814453125,-2.6573327
9974,2435.05859375,-2.8017335
9975,2435.302734375,-2.9735746
9976,2435.546875,-3.0615644
9977,2435.791015625,-3.1966085
9978,2436.03515625,-3.33858
9979,2436.279296875,-3.5212176
9980,2436.5234375,-3.605249
9981,2436.767578125,-3.6595902
9982,2437.01171875,-3.7241883
9983,2437.255859375,-3.6913495
9984,2437.5,-3.6248622
9985,2437.744140625,-3.6219833
9986,2437.98828125,-3.557745
9987,2438.232421875,-3.4643571
9988,2438.4765625,-3.3531551
9989,2438.720703125,-3.2138824
9990,2438.96484375,-3.1326401
9991,2439.208984375,-2.9139252
9992,2439.453125,-2.7132936
9993,2439.697265625,-2.5616052
9994,2439.94140625,-2.3901238
9995,2440.185546875,-2.1802256
9996,2440.4296875,-1.9345193
9997,2440.673828125,-1.6903428
9998,2440.91796875,-1.4268228
9999,2441.162109375,-1.1635727
10000,2441.40625,-0.93550056
10001,2441.650390625,-0.67261034
10002,2441.89453125,-0.43059298
10003,2442.138671875,-0.09725679
10004,2442.3828125,0.137653
10005,2442.626953125,0.4452917
10006,2442.87109375,0.68747777
10007,2443.115234375,1.0276741
10008,2443.359375,1.3054543
10009,2443.603515625,1.5216055
10010,2443.84765625,1.7603052
10011,2444.091796875,2.0356112
10012,2444.3359375,2.223197
10013,2444.580078125,2.3217134
10014,2444.82421875,2.5036201
10015,2445.068359375,2.6766984
10016,2445.3125,2.7883165
10017,2445.556640625,2.932661
10018,2445.80078125,3.0809417
10019,2446.044921875,3.244517
10020,2446.2890625,3.3454514
10021,2446.533203125,3.4219253
10022,2446.77734375,3.5595222
10023,2447.021484375,3.5964093
10024,2447.265625,3.5248277
10025,2447.509765625,3.5026164
10026,2447.75390625,3.5085206
10027,2447.998046875,3.421588
10028,2448.2421875,3.283485
10029,2448.486328125,3.255201
10030,2448.73046875,3.1428518
10031,2448.974609375,2.996933
10032,2449.21875,2.7989442
10033,2449.462890625,2.6768672
10034,2449.70703125,2.5010333
10035,2449.951171875,2.3132226
10036,2450.1953125,2.0753665
10037,2450.439453125,1.8641073
10038,2450.68359375,1.6263634
10039,2450.927734375,1.413586
10040,2451.171875,1.1419913
10041,2451.416015625,0.83789515
10042,2451.66015625,0.5940784
10043,2451.904296875,0.32023442
10044,2452.1484375,0.084571116
10045,2452.392578125,-0.26666895
10046,2452.63671875,-0.5002292
10047,2452.880859375,-0.8410328
10048,2453.125,-1.1551156
10049,2453.369140625,-1.3964132
10050,2453.61328125,-1.6628122
10051,2453.857421875,-1.8922338
10052,2454.1015625,-2.1068106
10053,2454.345703125,-2.2883687
10054,2454.58984375,-2.481263
10055,2454.833984375,-2.6746068
10056,2455.078125,-2.7770817
10057,2455.322265625,-2.893592
10058,2455.56640625,-3.0595853
10059,2455.810546875,-3.2070448
10060,2456.0546875,-3.3040318
10061,2456.298828125,-3.400209
10062,2456.54296875,-3.549468
10063,2456.787109375,-3.6192842
10064,2457.03125,-3.6747053
10065,2457.275390625,-3.6676877
10066,2457.51953125,-3.684602
10067,2457.763671875,-3.596342
10068,2458.0078125,-3.538132
10069,2458.251953125,-3.458869
10070,2458.49609375,-3.3928316
10071,2458.740234375,-3.2594972
10072,2458.984375,-3.1335402
10073,2459.228515625,-2.9732149
10074,2459.47265625,-2.8179276
10075,2459.716796875,-2.6217947
10076,2459.9609375,-2.465518
10077,2460.205078125,-2.2589486
10078,2460.44921875,-2.0330358
10079,2460.693359375,-1.8016348
10080,2460.9375,-1.5523299
10081,2461.181640625,-1.2677572
10082,2461.42578125,-1.0200717
10083,2461.669921875,-0.805405
10084,2461.9140625,-0.49375138
10085,2462.158203125,-0.23733896
10086,2462.40234375,0.09278081
10087,2462.646484375,0.3738786
10088,2462.890625,0.63810706
10089,2463.134765625,0.9389419
10090,2463.37890625,1.2142478
10091,2463.623046875,1.4807819
10092,2463.8671875,1.7016565
10093,2464.111328125,1.9315841
10094,2464.35546875,2.1329467
10095,2464.599609375,2.346961
10096,2464.84375,2.4988968
10097,2465.087890625,2.6455467
10098,2465.33203125,2.8277905
10099,2465.576171875,2.9077508
10100,2465.8203125,3.0382624
10101,2466.064453125,3.170967
10102,2466.30859375,3.3162115
10103,2466.552734375,3.4471166
10104,2466.796875,3.5352864
10105,2467.041015625,3.6054628
10106,2467.28515625,3.5925858
10107,2467.529296875,3.554405
10108,2467.7734375,3.4867032
10109,2468.017578125,3.4615116
10110,2468.26171875,3.3836322
10111,2468.505859375,3.2621174
10112,2468.75,3.1897483
10113,2468.994140625,3.0848215
10114,2469.23828125,2.8715382
10115,2469.482421875,2.68682
10116,2469.7265625,2.5563083
10117,2469.970703125,2.360288
10118,2470.21484375,2.1285045
10119,2470.458984375,1.9070113
10120,2470.703125,1.715208
10121,2470.947265625,1.4321985
10122,2471.19140625,1.1205673
10123,2471.435546875,0.8777065
10124,2471.6796875,0.6440676
10125,2471.923828125,0.3541416
10126,2472.16796875,0.08839482
10127,2472.412109375,-0.16932218
10128,2472.65625,-0.46918976
10129,2472.900390625,-0.8045053
10130,2473.14453125,-1.0650563
10131,2473.388671875,-1.3561069
10132,2473.6328125,-1.6037923
10133,2473.876953125,-1.8238572
10134,2474.12109375,-2.0861175
10135,2474.365234375,-2.2676756
10136,2474.609375,-2.4239523
10137,2474.853515625,-2.627193
10138,2475.09765625,-2.8065016
10139,2475.341796875,-2.893052
10140,2475.5859375,-3.0287259
10141,2475.830078125,-3.1615205
10142,2476.07421875,-3.2962043
10143,2476.318359375,-3.3787062
10144,2476.5625,-3.528685
10145,2476.806640625,-3.6580608
10146,2477.05078125,-3.7338152
10147,2477.294921875,-3.7147415
10148,2477.5390625,-3.6308002
10149,2477.783203125,-3.646095
10150,2478.02734375,-3.5941827
10151,2478.271484375,-3.516719
10152,2478.515625,-3.4390757
10153,2478.759765625,-3.3120391
10154,2479.00390625,-3.1867118
10155,2479.248046875,-3.0083926
10156,2479.4921875,-2.8071315
10157,2479.736328125,-2.6519344
10158,2479.98046875,-2.469297
10159,2480.224609375,-2.307532
10160,2480.46875,-2.1240847
10161,2480.712890625,-1.8498583
10162,2480.95703125,-1.5886775
10163,2481.201171875,-1.3297459
10164,2481.4453125,-1.074863
10165,2481.689453125,-0.79685795
10166,2481.93359375,-0.5514217
10167,2482.177734375,-0.29042083
10168,2482.421875,-0.023122106
10169,2482.666015625,0.2815476
10170,2482.91015625,0.6218564
10171,2483.154296875,0.8853539
10172,2483.3984375,1.1974349
10173,2483.642578125,1.4388337
10174,2483.88671875,1.6957523
10175,2484.130859375,1.9117346
10176,2484.375,2.0870624
10177,2484.619140625,2.3190145
10178,2484.86328125,2.5004714
10179,2485.107421875,2.6057916
10180,2485.3515625,2.7411952
10181,2485.595703125,2.912643
10182,2485.83984375,3.0080667
10183,2486.083984375,3.1440327
10184,2486.328125,3.3216095
10185,2486.572265625,3.4464982
10186,2486.81640625,3.5064402
10187,2487.060546875,3.578753
10188,2487.3046875,3.584826
10189,2487.548828125,3.5679567
10190,2487.79296875,3.5093079
10191,2488.037109375,3.495419
10192,2488.28125,3.4389632
10193,2488.525390625,3.33488
10194,2488.76953125,3.1927285
10195,2489.013671875,3.0753748
10196,2489.2578125,2.9558282
10197,2489.501953125,2.7387211
10198,2489.74609375,2.6057353
10199,2489.990234375,2.4318135
10200,2490.234375,2.2211728
10201,2490.478515625,2.0085642
10202,2490.72265625,1.7454603
10203,2490.966796875,1.5450536
10204,2491.2109375,1.2438252
10205,2491.455078125,0.97245544
10206,2491.69921875,0.72116
10207,2491.943359375,0.4675591
10208,2492.1875,0.18539295
10209,2492.431640625,-0.09104891
10210,2492.67578125,-0.37049347
10211,2492.919921875,-0.7081482
10212,2493.1640625,-1.001448
10213,2493.408203125,-1.2895297
10214,2493.65234375,-1.5547591
10215,2493.896484375,-1.7803121
10216,2494.140625,-2.0213397
10217,2494.384765625,-2.2450933
10218,2494.62890625,-2.4275513
10219,2494.873046875,-2.571502
10220,2495.1171875,-2.7915666
10221,2495.361328125,-2.861743
10222,2495.60546875,-2.9877896
10223,2495.849609375,-3.1285915
10224,2496.09375,-3.2869377
10225,2496.337890625,-3.4074066
10226,2496.58203125,-3.4918876
10227,2496.826171875,-3.620004
10228,2497.0703125,-3.698817
10229,2497.314453125,-3.6982772
10230,2497.55859375,-3.677854
10231,2497.802734375,-3.6793838
10232,2498.046875,-3.6351187
10233,2498.291015625,-3.5399313
10234,2498.53515625,-3.452481
10235,2498.779296875,-3.3644912
10236,2499.0234375,-3.227108
10237,2499.267578125,-3.0190992
10238,2499.51171875,-2.8339422
10239,2499.755859375,-2.7486513
10240,2500.0,-2.539383
10241,2500.244140625,-2.3436096
10242,2500.48828125,-2.1370401
10243,2500.732421875,-1.9018605
10244,2500.9765625,-1.6415794
10245,2501.220703125,-1.3926344
10246,2501.46484375,-1.1426998
10247,2501.708984375,-0.91912615
10248,2501.953125,-0.6135005
10249,2502.197265625,-0.3449422
10250,2502.44140625,-0.06405813
10251,2502.685546875,0.23746267
10252,2502.9296875,0.51766074
10253,2503.173828125,0.8051126
10254,2503.41796875,1.0964444
10255,2503.662109375,1.3535879
10256,2503.90625,1.6177038
10257,2504.150390625,1.8713048
10258,2504.39453125,2.0810456
10259,2504.638671875,2.2589037
10260,2504.8828125,2.4225914
10261,2505.126953125,2.5650804
10262,2505.37109375,2.6894066
10263,2505.615234375,2.8676019
10264,2505.859375,3.0112154
10265,2506.103515625,3.1417835
10266,2506.34765625,3.2142086
10267,2506.591796875,3.3736792
10268,2506.8359375,3.518867
10269,2507.080078125,3.5867941
10270,2507.32421875,3.6168213
10271,2507.568359375,3.593373
10272,2507.8125,3.554405
10273,2508.056640625,3.5198793
10274,2508.30078125,3.4024131
10275,2508.544921875,3.3757036
10276,2508.7890625,3.2507026
10277,2509.033203125,3.11856
10278,2509.27734375,3.0141397
10279,2509.521484375,2.8123834
10280,2509.765625,2.6443095
10281,2510.009765625,2.4520001
10282,2510.25390625,2.300683
10283,2510.498046875,2.087456
10284,2510.7421875,1.8122061
10285,2510.986328125,1.5830657
10286,2511.23046875,1.3352565
10287,2511.474609375,1.070297
10288,2511.71875,0.77727836
10289,2511.962890625,0.558653
10290,2512.20703125,0.26164192
10291,2512.451171875,-0.061179105
10292,2512.6953125,-0.3078749
10293,2512.939453125,-0.59631634
10294,2513.18359375,-0.9128283
10295,2513.427734375,-1.2038789
10296,2513.671875,-1.4765759
10297,2513.916015625,-1.6886334
10298,2514.16015625,-1.9426167
10299,2514.404296875,-2.1501758
10300,2514.6484375,-2.3616037
10301,2514.892578125,-2.4797332
10302,2515.13671875,-2.642128
10303,2515.380859375,-2.7723134
10304,2515.625,-2.9234617
10305,2515.869140625,-3.0883756
10306,2516.11328125,-3.1881514
10307,2516.357421875,-3.3697093
10308,2516.6015625,-3.4630976
10309,2516.845703125,-3.5689013
10310,2517.08984375,-3.6934187
10311,2517.333984375,-3.739663
10312,2517.578125,-3.6565316
10313,2517.822265625,-3.6535625
10314,2518.06640625,-3.598771
10315,2518.310546875,-3.5675519
10316,2518.5546875,-3.4378161
10317,2518.798828125,-3.3202262
10318,2519.04296875,-3.2576077
10319,2519.287109375,-3.1152763
10320,2519.53125,-2.9117656
10321,2519.775390625,-2.758548
10322,2520.01953125,-2.615587
10323,2520.263671875,-2.366282
10324,2520.5078125,-2.1863434
10325,2520.751953125,-1.996958
10326,2520.99609375,-1.7353275
10327,2521.240234375,-1.4566926
10328,2521.484375,-1.2225926
10329,2521.728515625,-0.9587126
10330,2521.97265625,-0.72029406
10331,2522.216796875,-0.44237894
10332,2522.4609375,-0.14071195
10333,2522.705078125,0.10211513
10334,2522.94921875,0.3910852
10335,2523.193359375,0.71047616
10336,2523.4375,1.0424066
10337,2523.681640625,1.2632811
10338,2523.92578125,1.5508454
10339,2524.169921875,1.7441669
10340,2524.4140625,1.9904579
10341,2524.658203125,2.1806867
10342,2524.90234375,2.384973
10343,2525.146484375,2.5801504
10344,2525.390625,2.6713002
10345,2525.634765625,2.7909594
10346,2525.87890625,2.9069073
10347,2526.123046875,3.0590117
10348,2526.3671875,3.2022314
10349,2526.611328125,3.2966993
10350,2526.85546875,3.4485223
10351,2527.099609375,3.568294
10352,2527.34375,3.5470388
10353,2527.587890625,3.5547986
10354,2527.83203125,3.5211728
10355,2528.076171875,3.4566197
10356,2528.3203125,3.4083738
10357,2528.564453125,3.3449454
10358,2528.80859375,3.2938876
10359,2529.052734375,3.1603959
10360,2529.296875,3.0066044
10361,2529.541015625,2.8060293
10362,2529.78515625,2.6462214
10363,2530.029296875,2.4711747
10364,2530.2734375,2.3615248
10365,2530.517578125,2.1214755
10366,2530.76171875,1.9040312
10367,2531.005859375,1.6601019
10368,2531.25,1.3895192
10369,2531.494140625,1.1593666
10370,2531.73828125,0.8989618
10371,2531.982421875,0.6428305
10372,2532.2265625,0.3496431
10373,2532.470703125,0.13124268
10374,2532.71484375,-0.16383407
10375,2532.958984375,-0.45344517
10376,2533.203125,-0.77625495
10377,2533.447265625,-1.0182723
10378,2533.69140625,-1.3102225
10379,2533.935546875,-1.5652856
10380,2534.1796875,-1.8279959
10381,2534.423828125,-1.9899405
10382,2534.66796875,-2.2058668
10383,2534.912109375,-2.4026296
10384,2535.15625,-2.5556674
10385,2535.400390625,-2.6849532
10386,2535.64453125,-2.8313332
10387,2535.888671875,-2.9494627
10388,2536.1328125,-3.0554466
10389,2536.376953125,-3.230257
10390,2536.62109375,-3.3184268
10391,2536.865234375,-3.4331377
10392,2537.109375,-3.5420005
10393,2537.353515625,-3.634579
10394,2537.59765625,-3.6355684
10395,2537.841796875,-3.5645828
10396,2538.0859375,-3.5533366
10397,2538.330078125,-3.546049
10398,2538.57421875,-3.4565296
10399,2538.818359375,-3.3831148
10400,2539.0625,-3.2842383
10401,2539.306640625,-3.171147
10402,2539.55078125,-2.9412756
10403,2539.794921875,-2.7607071
10404,2540.0390625,-2.6459064
10405,2540.283203125,-2.5081637
10406,2540.52734375,-2.307532
10407,2540.771484375,-2.0764909
10408,2541.015625,-1.8429307
10409,2541.259765625,-1.5804904
10410,2541.50390625,-1.3171502
10411,2541.748046875,-1.0852095
10412,2541.9921875,-0.85560787
10413,2542.236328125,-0.5596989
10414,2542.48046875,-0.27134734
10415,2542.724609375,0.028902631
10416,2542.96875,0.23571952
10417,2543.212890625,0.5293005
10418,2543.45703125,0.8341839
10419,2543.701171875,1.1350187
10420,2543.9453125,1.3907564
10421,2544.189453125,1.6166354
10422,2544.43359375,1.8804704
10423,2544.677734375,2.0624332
10424,2544.921875,2.2342746
10425,2545.166015625,2.388628
10426,2545.41015625,2.548661
10427,2545.654296875,2.677598
10428,2545.8984375,2.7905657
10429,2546.142578125,2.9950774
10430,2546.38671875,3.0755997
10431,2546.630859375,3.1673121
10432,2546.875,3.3220594
10433,2547.119140625,3.4637048
10434,2547.36328125,3.520554
10435,2547.607421875,3.441325
10436,2547.8515625,3.4621863
10437,2548.095703125,3.4669662
10438,2548.33984375,3.4016821
10439,2548.583984375,3.2973177
10440,2548.828125,3.221856
10441,2549.072265625,3.110744
10442,2549.31640625,2.9608326
10443,2549.560546875,2.8422983
10444,2549.8046875,2.7079065
10445,2550.048828125,2.5056443
10446,2550.29296875,2.3416193
10447,2550.537109375,2.1472292
10448,2550.78125,1.9716766
10449,2551.025390625,1.7071108
10450,2551.26953125,1.4535662
10451,2551.513671875,1.2450061
10452,2551.7578125,0.96458316
10453,2552.001953125,0.68612826
10454,2552.24609375,0.40148792
10455,2552.490234375,0.15469092
10456,2552.734375,-0.101575315
10457,2552.978515625,-0.39820403
10458,2553.22265625,-0.7022102
10459,2553.466796875,-0.9621315
10460,2553.7109375,-1.2223227
10461,2553.955078125,-1.5219202
10462,2554.19921875,-1.7857102
10463,2554.443359375,-1.9412671
10464,2554.6875,-2.158453
10465,2554.931640625,-2.3702407
10466,2555.17578125,-2.506814
10467,2555.419921875,-2.6806345
10468,2555.6640625,-2.817658
10469,2555.908203125,-2.9506323
10470,2556.15234375,-3.0707414
10471,2556.396484375,-3.1974182
10472,2556.640625,-3.3455975
10473,2556.884765625,-3.4957564
10474,2557.12890625,-3.5746593
10475,2557.373046875,-3.6368282
10476,2557.6171875,-3.649064
10477,2557.861328125,-3.6453753
10478,2558.10546875,-3.5725899
10479,2558.349609375,-3.5299447
10480,2558.59375,-3.517439
10481,2558.837890625,-3.361432
10482,2559.08203125,-3.256618
10483,2559.326171875,-3.183203
10484,2559.5703125,-3.0273762
10485,2559.814453125,-2.8284543
10486,2560.05859375,-2.6323211
10487,2560.302734375,-2.504025
10488,2560.546875,-2.3006043
10489,2560.791015625,-2.0630856
10490,2561.03515625,-1.8370827
10491,2561.279296875,-1.6290737
10492,2561.5234375,-1.378869
10493,2561.767578125,-1.0878186
10494,2562.01171875,-0.83770394
10495,2562.255859375,-0.59298754
10496,2562.5,-0.31093383
10497,2562.744140625,0.051226255
10498,2562.98828125,0.24016175
10499,2563.232421875,0.5638262
10500,2563.4765625,0.8707902
10501,2563.720703125,1.1502572
10502,2563.96484375,1.4244386
10503,2564.208984375,1.6156234
10504,2564.453125,1.8281758
10505,2564.697265625,2.1001642
10506,2564.94140625,2.287975
10507,2565.185546875,2.4011114
10508,2565.4296875,2.6497078
10509,2565.673828125,2.693343
10510,2565.91796875,2.850283
10511,2566.162109375,2.9938402
10512,2566.40625,3.1205842
10513,2566.650390625,3.277637
10514,2566.89453125,3.3361733
10515,2567.138671875,3.4643795
10516,2567.3828125,3.5846572
10517,2567.626953125,3.5892682
10518,2567.87109375,3.520048
10519,2568.115234375,3.4921575
10520,2568.359375,3.4789433
10521,2568.603515625,3.3633327
10522,2568.84765625,3.297824
10523,2569.091796875,3.1817071
10524,2569.3359375,3.0821226
10525,2569.580078125,2.9133177
10526,2569.82421875,2.7211208
10527,2570.068359375,2.5520911
10528,2570.3125,2.4015613
10529,2570.556640625,2.229776
10530,2570.80078125,1.973195
10531,2571.044921875,1.7977549
10532,2571.2890625,1.5034429
10533,2571.533203125,1.2626063
10534,2571.77734375,0.9997836
10535,2572.021484375,0.756979
10536,2572.265625,0.44810325
10537,2572.509765625,0.19163457
10538,2572.75390625,-0.06126908
10539,2572.998046875,-0.36941385
10540,2573.2421875,-0.6890747
10541,2573.486328125,-0.99047184
10542,2573.73046875,-1.2575905
10543,2573.974609375,-1.5012274
10544,2574.21875,-1.7345177
10545,2574.462890625,-1.9848123
10546,2574.70703125,-2.1393795
10547,2574.951171875,-2.384636
10548,2575.1953125,-2.5689826
10549,2575.439453125,-2.7187817
10550,2575.68359375,-2.799844
10551,2575.927734375,-2.9893193
10552,2576.171875,-3.121664
10553,2576.416015625,-3.2111835
10554,2576.66015625,-3.3281436
10555,2576.904296875,-3.4713745
10556,2577.1484375,-3.6342192
10557,2577.392578125,-3.6594105
10558,2577.63671875,-3.6939585
10559,2577.880859375,-3.704845
10560,2578.125,-3.6261218
10561,2578.369140625,-3.6264815
10562,2578.61328125,-3.5243666
10563,2578.857421875,-3.4747934
10564,2579.1015625,-3.364761
10565,2579.345703125,-3.1998475
10566,2579.58984375,-3.0804582
10567,2579.833984375,-2.9193232
10568,2580.078125,-2.7126637
10569,2580.322265625,-2.5408225
10570,2580.56640625,-2.3822067
10571,2580.810546875,-2.1780663
10572,2581.0546875,-1.9276817
10573,2581.298828125,-1.6907927
10574,2581.54296875,-1.4685686
10575,2581.787109375,-1.1828262
10576,2582.03125,-0.9081499
10577,2582.275390625,-0.6655028
10578,2582.51953125,-0.39982346
10579,2582.763671875,-0.071795486
10580,2583.0078125,0.18409963
10581,2583.251953125,0.4826289
10582,2583.49609375,0.78200173
10583,2583.740234375,1.0944201
10584,2583.984375,1.3418355
10585,2584.228515625,1.5651281
10586,2584.47265625,1.8032655
10587,2584.716796875,2.0486567
10588,2584.9609375,2.2361302
10589,2585.205078125,2.3768196
10590,2585.44921875,2.5137978
10591,2585.693359375,2.7092562
10592,2585.9375,2.8000689
10593,2586.181640625,2.9541974
10594,2586.42578125,3.1149614
10595,2586.669921875,3.2295034
10596,2586.9140625,3.3469133
10597,2587.158203125,3.4308097
10598,2587.40234375,3.5359051
10599,2587.646484375,3.597309
10600,2587.890625,3.5643578
10601,2588.134765625,3.509814
10602,2588.37890625,3.5021105
10603,2588.623046875,3.4602184
10604,2588.8671875,3.3274574
10605,2589.111328125,3.2248926
10606,2589.35546875,3.1321118
10607,2589.599609375,2.9590898
10608,2589.84375,2.7981007
10609,2590.087890625,2.6376743
10610,2590.33203125,2.4726932
10611,2590.576171875,2.2911801
10612,2590.8203125,2.1278298
10613,2591.064453125,1.8458322
10614,2591.30859375,1.5994289
10615,2591.552734375,1.3486958
10616,2591.796875,1.1020112
10617,2592.041015625,0.85662
10618,2592.28515625,0.5810891
10619,2592.529296875,0.29768586
10620,2592.7734375,0.039867636
10621,2593.017578125,-0.20890866
10622,2593.26171875,-0.57004535
10623,2593.505859375,-0.8484103
10624,2593.75,-1.0999644
10625,2593.994140625,-1.3849871
10626,2594.23828125,-1.6152184
10627,2594.482421875,-1.859575
10628,2594.7265625,-2.0891767
10629,2594.970703125,-2.281351
10630,2595.21484375,-2.4692068
10631,2595.458984375,-2.588776
10632,2595.703125,-2.7345262
10633,2595.947265625,-2.8417697
10634,2596.19140625,-3.0321445
10635,2596.435546875,-3.145326
10636,2596.6796875,-3.242133
10637,2596.923828125,-3.4072263
10638,2597.16796875,-3.5239167
10639,2597.412109375,-3.6147857
10640,2597.65625,-3.6495137
10641,2597.900390625,-3.6628294
10642,2598.14453125,-3.6361983
10643,2598.388671875,-3.5811372
10644,2598.6328125,-3.5262558
10645,2598.876953125,-3.479022
10646,2599.12109375,-3.3989494
10647,2599.365234375,-3.2280977
10648,2599.609375,-3.1395679
10649,2599.853515625,-2.934438
10650,2600.09765625,-2.7634065
10651,2600.341796875,-2.618376
10652,2600.5859375,-2.465518
10653,2600.830078125,-2.2349267
10654,2601.07421875,-2.026738
10655,2601.318359375,-1.7461238
10656,2601.5625,-1.502667
10657,2601.806640625,-1.2991563
10658,2602.05078125,-1.0116146
10659,2602.294921875,-0.7159755
10660,2602.5390625,-0.45236552
10661,2602.783203125,-0.20135126
10662,2603.02734375,0.093792975
10663,2603.271484375,0.39119768
10664,2603.515625,0.7111509
10665,2603.759765625,0.9811712
10666,2604.00390625,1.3003373
10667,2604.248046875,1.5061419
10668,2604.4921875,1.7257233
10669,2604.736328125,1.9072925
10670,2604.98046875,2.1809115
10671,2605.224609375,2.3561265
10672,2605.46875,2.4764605
10673,2605.712890625,2.6442533
10674,2605.95703125,2.7895536
10675,2606.201171875,2.9113498
10676,2606.4453125,3.0516455
10677,2606.689453125,3.1516237
10678,2606.93359375,3.3061461
10679,2607.177734375,3.4052248
10680,2607.421875,3.5094767
10681,2607.666015625,3.6245248
10682,2607.91015625,3.56149
10683,2608.154296875,3.505653
10684,2608.3984375,3.467416
10685,2608.642578125,3.4324965
10686,2608.88671875,3.346801
10687,2609.130859375,3.2383318
10688,2609.375,3.1151862
10689,2609.619140625,2.9920971
10690,2609.86328125,2.7979884
10691,2610.107421875,2.6326137
10692,2610.3515625,2.4640899
10693,2610.595703125,2.287469
10694,2610.83984375,2.0850942
10695,2611.083984375,1.8722044
10696,2611.328125,1.6893419
10697,2611.572265625,1.4027897
10698,2611.81640625,1.116575
10699,2612.060546875,0.87056524
10700,2612.3046875,0.6286041
10701,2612.548828125,0.36628744
10702,2612.79296875,0.104364365
10703,2613.037109375,-0.18137807
10704,2613.28125,-0.46073267
10705,2613.525390625,-0.7639292
10706,2613.76953125,-1.0816107
10707,2614.013671875,-1.3739209
10708,2614.2578125,-1.5974046
10709,2614.501953125,-1.8304249
10710,2614.74609375,-2.1061807
10711,2614.990234375,-2.275503
10712,2615.234375,-2.4236822
10713,2615.478515625,-2.603171
10714,2615.72265625,-2.8029928
10715,2615.966796875,-2.9267905
10716,2616.2109375,-3.0065935
10717,2616.455078125,-3.1825733
10718,2616.69921875,-3.3258045
10719,2616.943359375,-3.373758
10720,2617.1875,-3.5239167
10721,2617.431640625,-3.7029557
10722,2617.67578125,-3.7172608
10723,2617.919921875,-3.7039452
10724,2618.1640625,-3.6571612
10725,2618.408203125,-3.6602201
10726,2618.65234375,-3.6123564
10727,2618.896484375,-3.5301247
10728,2619.140625,-3.4678657
10729,2619.384765625,-3.3427186
10730,2619.62890625,-3.1935496
10731,2619.873046875,-3.0191891
10732,2620.1171875,-2.8280945
10733,2620.361328125,-2.6714578
10734,2620.60546875,-2.4594002
10735,2620.849609375,-2.296376
10736,2621.09375,-2.0969138
10737,2621.337890625,-1.8459897
10738,2621.58203125,-1.5706836
10739,2621.826171875,-1.3212888
10740,2622.0703125,-1.0911474
10741,2622.314453125,-0.78210294
10742,2622.55859375,-0.5264102
10743,2622.802734375,-0.24678572
10744,2623.046875,0.015238546
10745,2623.291015625,0.32220247
10746,2623.53515625,0.6247242
10747,2623.779296875,0.93331885
10748,2624.0234375,1.2087935
10749,2624.267578125,1.4649248
10750,2624.51171875,1.7016002
10751,2624.755859375,1.9271419
10752,2625.0,2.1295166
10753,2625.244140625,2.3753016
10754,2625.48828125,2.5212204
10755,2625.732421875,2.6220422
10756,2625.9765625,2.785955
10757,2626.220703125,2.9118557
10758,2626.46484375,3.0551882
10759,2626.708984375,3.141165
10760,2626.953125,3.2816856
10761,2627.197265625,3.4412687
10762,2627.44140625,3.5472076
10763,2627.685546875,3.5686877
10764,2627.9296875,3.593148
10765,2628.173828125,3.5508626
10766,2628.41796875,3.5125132
10767,2628.662109375,3.46989
10768,2628.90625,3.4074738
10769,2629.150390625,3.2936628
10770,2629.39453125,3.179739
10771,2629.638671875,3.0729008
10772,2629.8828125,2.9016218
10773,2630.126953125,2.7045329
10774,2630.37109375,2.5273495
10775,2630.615234375,2.3990307
10776,2630.859375,2.2076774
10777,2631.103515625,1.9517148
10778,2631.34765625,1.7426487
10779,2631.591796875,1.4961329
10780,2631.8359375,1.2200959
10781,2632.080078125,0.97869706
10782,2632.32421875,0.73746693
10783,2632.568359375,0.4418054
10784,2632.8125,0.18168171
10785,2633.056640625,-0.10148534
10786,2633.30078125,-0.41520822
10787,2633.544921875,-0.6756693
10788,2633.7890625,-0.9702287
10789,2634.033203125,-1.2666775
10790,2634.27734375,-1.557728
10791,2634.521484375,-1.7444143
10792,2634.765625,-2.017651
10793,2635.009765625,-2.2145038
10794,2635.25390625,-2.4118965
10795,2635.498046875,-2.556657
10796,2635.7421875,-2.729848
10797,2635.986328125,-2.8768575
10798,2636.23046875,-3.0096521
10799,2636.474609375,-3.113027
10800,2636.71875,-3.236105
10801,2636.962890625,-3.4217117
10802,2637.20703125,-3.5195982
10803,2637.451171875,-3.6657083
10804,2637.6953125,-3.7036753
10805,2637.939453125,-3.707634
10806,2638.18359375,-3.6615696
10807,2638.427734375,-3.6706567
10808,2638.671875,-3.619554
10809,2638.916015625,-3.503044
10810,2639.16015625,-3.461388
10811,2639.404296875,-3.3694394
10812,2639.6484375,-3.2399738
10813,2639.892578125,-3.0672328
10814,2640.13671875,-2.9071772
10815,2640.380859375,-2.7578282
10816,2640.625,-2.5424418
10817,2640.869140625,-2.328225
10818,2641.11328125,-2.1424384
10819,2641.357421875,-1.9191346
10820,2641.6015625,-1.6466178
10821,2641.845703125,-1.4082892
10822,2642.08984375,-1.1088713
10823,2642.333984375,-0.85416836
10824,2642.578125,-0.6027042
10825,2642.822265625,-0.2954591
10826,2643.06640625,-0.06549764
10827,2643.310546875,0.26754612
10828,2643.5546875,0.5291318
10829,2643.798828125,0.8511656
10830,2644.04296875,1.1279336
10831,2644.287109375,1.4139235
10832,2644.53125,1.6484059
10833,2644.775390625,1.9240494
10834,2645.01953125,2.1430118
10835,2645.263671875,2.2905054
10836,2645.5078125,2.5018206
10837,2645.751953125,2.615688
10838,2645.99609375,2.7742589
10839,2646.240234375,2.8898695
10840,2646.484375,3.0221806
10841,2646.728515625,3.150668
10842,2646.97265625,3.2640855
10843,2647.216796875,3.3976898
10844,2647.4609375,3.5623899
10845,2647.705078125,3.5710492
10846,2647.94921875,3.5616589
10847,2648.193359375,3.593148
10848,2648.4375,3.5310693
10849,2648.681640625,3.431878
10850,2648.92578125,3.393866
10851,2649.169921875,3.3012538
10852,2649.4140625,3.2061114
10853,2649.658203125,3.081785
10854,2649.90234375,2.950711
10855,2650.146484375,2.7829747
10856,2650.390625,2.594714
10857,2650.634765625,2.4425535
10858,2650.87890625,2.2726803
10859,2651.123046875,2.024365
10860,2651.3671875,1.8004539
10861,2651.611328125,1.552476
10862,2651.85546875,1.3046108
10863,2652.099609375,1.0714217
10864,2652.34375,0.76721305
10865,2652.587890625,0.5045589
10866,2652.83203125,0.283347
10867,2653.076171875,0.00849085
10868,2653.3203125,-0.29285002
10869,2653.564453125,-0.5684259
10870,2653.80859375,-0.8736017
10871,2654.052734375,-1.1524165
10872,2654.296875,-1.4618208
10873,2654.541015625,-1.7200327
10874,2654.78515625,-1.9271419
10875,2655.029296875,-2.114098
10876,2655.2734375,-2.3692508
10877,2655.517578125,-2.5166206
10878,2655.76171875,-2.6933203
10879,2656.005859375,-2.8485174
10880,2656.25,-2.967097
10881,2656.494140625,-3.0738003
10882,2656.73828125,-3.1726766
10883,2656.982421875,-3.3617022
10884,2657.2265625,-3.508982
10885,2657.470703125,-3.6027298
10886,2657.71484375,-3.722209
10887,2657.958984375,-3.7445214
10888,2658.203125,-3.7116826
10889,2658.447265625,-3.7000766
10890,2658.69140625,-3.6657982
10891,2658.935546875,-3.636918
10892,2659.1796875,-3.5217574
10893,2659.423828125,-3.4072263
10894,2659.66796875,-3.3100595
10895,2659.912109375,-3.160081
10896,2660.15625,-2.9289498
10897,2660.400390625,-2.7648458
10898,2660.64453125,-2.6224246
10899,2660.888671875,-2.406768
10900,2661.1328125,-2.2128844
10901,2661.376953125,-1.96223
10902,2661.62109375,-1.7311889
10903,2661.865234375,-1.4639801
10904,2662.109375,-1.1871446
10905,2662.353515625,-0.97598666
10906,2662.59765625,-0.6582153
10907,2662.841796875,-0.38021016
10908,2663.0859375,-0.11525065
10909,2663.330078125,0.14558153
10910,2663.57421875,0.46750286
10911,2663.818359375,0.7360612
10912,2664.0625,1.104879
10913,2664.306640625,1.3782169
10914,2664.55078125,1.5765991
10915,2664.794921875,1.8254766
10916,2665.0390625,2.0398285
10917,2665.283203125,2.201211
10918,2665.52734375,2.3941386
10919,2665.771484375,2.6131015
10920,2666.015625,2.7435007
10921,2666.259765625,2.8381371
10922,2666.50390625,2.9620135
10923,2666.748046875,3.1061893
10924,2666.9921875,3.222812
10925,2667.236328125,3.3303254
10926,2667.48046875,3.4709022
10927,2667.724609375,3.5564294
10928,2667.96875,3.5528307
10929,2668.212890625,3.5626147
10930,2668.45703125,3.4912016
10931,2668.701171875,3.4301913
10932,2668.9453125,3.3757036
10933,2669.189453125,3.327851
10934,2669.43359375,3.2580125
10935,2669.677734375,3.141671
10936,2669.921875,2.9760711
10937,2670.166015625,2.848765
10938,2670.41015625,2.6467838
10939,2670.654296875,2.48512
10940,2670.8984375,2.3181708
10941,2671.142578125,2.071374
10942,2671.38671875,1.8612957
10943,2671.630859375,1.6672995
10944,2671.875,1.4036331
10945,2672.119140625,1.1278774
10946,2672.36328125,0.86162454
10947,2672.607421875,0.6432241
10948,2672.8515625,0.3707859
10949,2673.095703125,0.06185388
10950,2673.33984375,-0.23895839
10951,2673.583984375,-0.4909624
10952,2673.828125,-0.8267277
10953,2674.072265625,-1.0828702
10954,2674.31640625,-1.3514285
10955,2674.560546875,-1.6556146
10956,2674.8046875,-1.8844966
10957,2675.048828125,-2.0330358
10958,2675.29296875,-2.3167088
10959,2675.537109375,-2.4536421
10960,2675.78125,-2.5909352
10961,2676.025390625,-2.7316473
10962,2676.26953125,-2.9317389
10963,2676.513671875,-3.0355635
10964,2676.7578125,-3.1922898
10965,2677.001953125,-3.294135
10966,2677.24609375,-3.4301686
10967,2677.490234375,-3.5800574
10968,2677.734375,-3.6571612
10969,2677.978515625,-3.728147
10970,2678.22265625,-3.71924
10971,2678.466796875,-3.669307
10972,2678.7109375,-3.6027298
10973,2678.955078125,-3.6164052
10974,2679.19921875,-3.5190585
10975,2679.443359375,-3.3842845
10976,2679.6875,-3.2640855
10977,2679.931640625,-3.1850026
10978,2680.17578125,-2.9790628
10979,2680.419921875,-2.799574
10980,2680.6640625,-2.650675
10981,2680.908203125,-2.4736154
10982,2681.15234375,-2.2450933
10983,2681.396484375,-2.0484204
10984,2681.640625,-1.7759935
10985,2681.884765625,-1.5211105
10986,2682.12890625,-1.2806227
10987,2682.373046875,-0.98273444
10988,2682.6171875,-0.7955084
10989,2682.861328125,-0.51228505
10990,2683.10546875,-0.24849516
10991,2683.349609375,0.023729397
10992,2683.59375,0.34402
10993,2683.837890625,0.6433928
10994,2684.08203125,0.94771385
10995,2684.326171875,1.2462431
10996,2684.5703125,1.4551406
10997,2684.814453125,1.7129588
10998,2685.05859375,1.9298412
10999,2685.302734375,2.134746
11000,2685.546875,2.2666636
11001,2685.791015625,2.4462085
11002,2686.03515625,2.622211
11003,2686.279296875,2.7181406
11004,2686.5234375,2.8581553
11005,2686.767578125,2.9928844
11006,2687.01171875,3.1623077
11007,2687.255859375,3.2344518
11008,2687.5,3.344833
11009,2687.744140625,3.475738
11010,2687.98828125,3.5204978
11011,2688.232421875,3.459881
11012,2688.4765625,3.4914265
11013,2688.720703125,3.4584754
11014,2688.96484375,3.3805957
11015,2689.208984375,3.298555
11016,2689.453125,3.2192132
11017,2689.697265625,3.1520174
11018,2689.94140625,3.0014315
11019,2690.185546875,2.8296463
11020,2690.4296875,2.6841772
11021,2690.673828125,2.5051947
11022,2690.91796875,2.3517408
11023,2691.162109375,2.1689343
11024,2691.40625,1.9689777
11025,2691.650390625,1.7329206
11026,2691.89453125,1.4980447
11027,2692.138671875,1.2091872
11028,2692.3828125,1.0352653
11029,2692.626953125,0.7376919
11030,2692.87109375,0.46941468
11031,2693.115234375,0.18831694
11032,2693.359375,-0.08987931
11033,2693.603515625,-0.3300073
11034,2693.84765625,-0.59955525
11035,2694.091796875,-0.9504355
11036,2694.3359375,-1.2343786
11037,2694.580078125,-1.4660494
11038,2694.82421875,-1.7405456
11039,2695.068359375,-1.9327201
11040,2695.3125,-2.1100495
11041,2695.556640625,-2.3030336
11042,2695.80078125,-2.4808128
11043,2696.044921875,-2.6398785
11044,2696.2890625,-2.776272
11045,2696.533203125,-2.9361475
11046,2696.77734375,-3.0407817
11047,2697.021484375,-3.180324
11048,2697.265625,-3.3160877
11049,2697.509765625,-3.4565296
11050,2697.75390625,-3.5477586
11051,2697.998046875,-3.6628294
11052,2698.2421875,-3.6710165
11053,2698.486328125,-3.6191943
11054,2698.73046875,-3.5836563
11055,2698.974609375,-3.5592747
11056,2699.21875,-3.5217574
11057,2699.462890625,-3.4272897
11058,2699.70703125,-3.2573376
11059,2699.951171875,-3.171327
11060,2700.1953125,-3.0086627
11061,2700.439453125,-2.885135
11062,2700.68359375,-2.6429374
11063,2700.927734375,-2.5250778
11064,2701.171875,-2.3323636
11065,2701.416015625,-2.0743318
11066,2701.66015625,-1.8737903
11067,2701.904296875,-1.6204367
11068,2702.1484375,-1.3642042
11069,2702.392578125,-1.1018537
11070,2702.63671875,-0.84058297
11071,2702.880859375,-0.58534014
11072,2703.125,-0.32784805
11073,2703.369140625,-0.01862364
11074,2703.61328125,0.23639429
11075,2703.857421875,0.54195243
11076,2704.1015625,0.85662
11077,2704.345703125,1.1208485
11078,2704.58984375,1.393849
11079,2704.833984375,1.6034774
11080,2705.078125,1.8439204
11081,2705.322265625,2.0588906
11082,2705.56640625,2.248051
11083,2705.810546875,2.3668668
11084,2706.0546875,2.5578265
11085,2706.298828125,2.7044766
11086,2706.54296875,2.8274534
11087,2706.787109375,2.950205
11088,2707.03125,3.069527
11089,2707.275390625,3.2229807
11090,2707.51953125,3.3142996
11091,2707.763671875,3.4537518
11092,2708.0078125,3.5132442
11093,2708.251953125,3.532925
11094,2708.49609375,3.455945
11095,2708.740234375,3.4383447
11096,2708.984375,3.413603
11097,2709.228515625,3.3259954
11098,2709.47265625,3.1886237
11099,2709.716796875,3.1639385
11100,2709.9609375,3.0215058
11101,2710.205078125,2.8465717
11102,2710.44921875,2.7047577
11103,2710.693359375,2.5563648
11104,2710.9375,2.3838487
11105,2711.181640625,2.1801805
11106,2711.42578125,1.9702148
11107,2711.669921875,1.7509708
11108,2711.9140625,1.5038365
11109,2712.158203125,1.2539468
11110,2712.40234375,0.9980967
11111,2712.646484375,0.754055
11112,2712.890625,0.437082
11113,2713.134765625,0.2108655
11114,2713.37890625,-0.0951875
11115,2713.623046875,-0.3282079
11116,2713.8671875,-0.62816554
11117,2714.111328125,-0.93963915
11118,2714.35546875,-1.2090071
11119,2714.599609375,-1.5021272
11120,2714.84375,-1.7831012
11121,2715.087890625,-1.9575515
11122,2715.33203125,-2.1687095
11123,2715.576171875,-2.3827465
11124,2715.8203125,-2.5457706
11125,2716.064453125,-2.6841435
11126,2716.30859375,-2.8250353
11127,2716.552734375,-2.9506323
11128,2716.796875,-3.1150963
11129,2717.041015625,-3.1763654
11130,2717.28515625,-3.3603525
11131,2717.529296875,-3.5144699
11132,2717.7734375,-3.6406069
11133,2718.017578125,-3.6870308
11134,2718.26171875,-3.672366
11135,2718.505859375,-3.6879308
11136,2718.75,-3.6123564
11137,2718.994140625,-3.5779881
11138,2719.23828125,-3.534803
11139,2719.482421875,-3.4839702
11140,2719.7265625,-3.373668
11141,2719.970703125,-3.238534
11142,2720.21484375,-3.0502284
11143,2720.458984375,-2.8773074
11144,2720.703125,-2.6917908
11145,2720.947265625,-2.5160809
11146,2721.19140625,-2.366912
11147,2721.435546875,-2.164841
11148,2721.6796875,-1.8951128
11149,2721.923828125,-1.6444584
11150,2722.16796875,-1.4010916
11151,2722.412109375,-1.1146294
11152,2722.65625,-0.86964303
11153,2722.900390625,-0.6112513
11154,2723.14453125,-0.3174116
11155,2723.388671875,-0.071165696
11156,2723.6328125,0.21665727
11157,2723.876953125,0.5227215
11158,2724.12109375,0.7963406
11159,2724.365234375,1.1219732
11160,2724.609375,1.4056013
11161,2724.853515625,1.6389029
11162,2725.09765625,1.8709112
11163,2725.341796875,2.067269
11164,2725.5859375,2.2752106
11165,2725.830078125,2.404429
11166,2726.07421875,2.5543404
11167,2726.318359375,2.7071757
11168,2726.5625,2.804511
11169,2726.806640625,2.9386778
11170,2727.05078125,3.0752623
11171,2727.294921875,3.209148
11172,2727.5390625,3.310307
11173,2727.783203125,3.4306974
11174,2728.02734375,3.5501878
11175,2728.271484375,3.5501313
11176,2728.515625,3.4926636
11177,2728.759765625,3.4518402
11178,2729.00390625,3.4458234
11179,2729.248046875,3.3550668
11180,2729.4921875,3.317786
11181,2729.736328125,3.1932907
11182,2729.98046875,3.1045024
11183,2730.224609375,2.9339545
11184,2730.46875,2.7490675
11185,2730.712890625,2.6258094
11186,2730.95703125,2.4403043
11187,2731.201171875,2.264808
11188,2731.4453125,2.04995
11189,2731.689453125,1.8335738
11190,2731.93359375,1.5986978
11191,2732.177734375,1.3420043
11192,2732.421875,1.0856481
11193,2732.666015625,0.81815815
11194,2732.91015625,0.5388598
11195,2733.154296875,0.2879579
11196,2733.3984375,0.031995323
11197,2733.642578125,-0.2545231
11198,2733.88671875,-0.5614083
11199,2734.130859375,-0.8622655
11200,2734.375,-1.1141796
11201,2734.619140625,-1.4063997
11202,2734.86328125,-1.6701896
11203,2735.107421875,-1.9159857
11204,2735.3515625,-2.10879
11205,2735.595703125,-2.3068123
11206,2735.83984375,-2.462549
11207,2736.083984375,-2.6566129
11208,2736.328125,-2.7786112
11209,2736.572265625,-2.8912528
11210,2736.81640625,-3.0782087
11211,2737.060546875,-3.1962485
11212,2737.3046875,-3.317887
11213,2737.548828125,-3.4361067
11214,2737.79296875,-3.5539665
11215,2738.037109375,-3.6554518
11216,2738.28125,-3.6649885
11217,2738.525390625,-3.707814
11218,2738.76953125,-3.663549
11219,2739.013671875,-3.6076782
11220,2739.2578125,-3.5102413
11221,2739.501953125,-3.4605782
11222,2739.74609375,-3.3797858
11223,2739.990234375,-3.2257586
11224,2740.234375,-3.1384883
11225,2740.478515625,-2.9500027
11226,2740.72265625,-2.7828398
11227,2740.966796875,-2.6058702
11228,2741.2109375,-2.3849056
11229,2741.455078125,-2.1828346
11230,2741.69921875,-1.9741058
11231,2741.943359375,-1.6942115
11232,2742.1875,-1.505366
11233,2742.431640625,-1.2336588
11234,2742.67578125,-0.9876828
11235,2742.919921875,-0.7366684
11236,2743.1640625,-0.44696736
11237,2743.408203125,-0.1771495
11238,2743.65234375,0.097504206
11239,2743.896484375,0.41593924
11240,2744.140625,0.67032737
11241,2744.384765625,0.98044014
11242,2744.62890625,1.2506292
11243,2744.873046875,1.5129459
11244,2745.1171875,1.7068859
11245,2745.361328125,1.9581814
11246,2745.60546875,2.1282234
11247,2745.849609375,2.3162591
11248,2746.09375,2.4437342
11249,2746.337890625,2.6228294
11250,2746.58203125,2.76037
11251,2746.826171875,2.8929622
11252,2747.0703125,2.9709542
11253,2747.314453125,3.138297
11254,2747.55859375,3.2687526
11255,2747.802734375,3.3986459
11256,2748.046875,3.4537518
11257,2748.291015625,3.5464203
11258,2748.53515625,3.5176864
11259,2748.779296875,3.4604995
11260,2749.0234375,3.4268737
11261,2749.267578125,3.3859375
11262,2749.51171875,3.346857
11263,2749.755859375,3.198014
11264,2750.0,3.1356544
11265,2750.244140625,2.963813
11266,2750.48828125,2.8034427
11267,2750.732421875,2.6635404
11268,2750.9765625,2.525775
11269,2751.220703125,2.3450494
11270,2751.46484375,2.1222067
11271,2751.708984375,1.9106101
11272,2751.953125,1.7012628
11273,2752.197265625,1.4108307
11274,2752.44140625,1.1970975
11275,2752.685546875,0.8922703
11276,2752.9296875,0.66459185
11277,2753.173828125,0.40576145
11278,2753.41796875,0.063990645
11279,2753.662109375,-0.20459014
11280,2753.90625,-0.45146585
11281,2754.150390625,-0.77589506
11282,2754.39453125,-1.0611876
11283,2754.638671875,-1.367443
11284,2754.8828125,-1.5999237
11285,2755.126953125,-1.8333939
11286,2755.37109375,-2.0628157
11287,2755.615234375,-2.2687552
11288,2755.859375,-2.436818
11289,2756.103515625,-2.6342103
11290,2756.34765625,-2.7815802
11291,2756.591796875,-2.8852248
11292,2756.8359375,-2.9892292
11293,2757.080078125,-3.1371386
11294,2757.32421875,-3.323105
11295,2757.568359375,-3.4194624
11296,2757.8125,-3.5365124
11297,2758.056640625,-3.6669679
11298,2758.30078125,-3.731566
11299,2758.544921875,-3.6509533
11300,2758.7890625,-3.6229727
11301,2759.033203125,-3.619914
11302,2759.27734375,-3.5509975
11303,2759.521484375,-3.4830706
11304,2759.765625,-3.3803256
11305,2760.009765625,-3.2614763
11306,2760.25390625,-3.1080787
11307,2760.498046875,-2.9730349
11308,2760.7421875,-2.7544994
11309,2760.986328125,-2.5966034
11310,2761.23046875,-2.4270113
11311,2761.474609375,-2.2296185
11312,2761.71875,-1.9875113
11313,2761.962890625,-1.7533213
11314,2762.20703125,-1.5124736
11315,2762.451171875,-1.2616391
11316,2762.6953125,-1.0090954
11317,2762.939453125,-0.7364885
11318,2763.18359375,-0.46820012
11319,2763.427734375,-0.19667284
11320,2763.671875,0.07231281
11321,2763.916015625,0.3572905
11322,2764.16015625,0.69473153
11323,2764.404296875,1.0065875
11324,2764.6484375,1.2455121
11325,2764.892578125,1.4988319
11326,2765.13671875,1.7628918
11327,2765.380859375,1.9364201
11328,2765.625,2.1400318
11329,2765.869140625,2.3209262
11330,2766.11328125,2.5207143
11331,2766.357421875,2.6617975
11332,2766.6015625,2.7902286
11333,2766.845703125,2.962351
11334,2767.08984375,3.0501273
11335,2767.333984375,3.2047057
11336,2767.578125,3.292932
11337,2767.822265625,3.4332838
11338,2768.06640625,3.5281453
11339,2768.310546875,3.5906177
11340,2768.5546875,3.5720615
11341,2768.798828125,3.5365798
11342,2769.04296875,3.4933383
11343,2769.287109375,3.451615
11344,2769.53125,3.415796
11345,2769.775390625,3.32026
11346,2770.01953125,3.1576407
11347,2770.263671875,3.0937622
11348,2770.5078125,2.902465
11349,2770.751953125,2.6996968
11350,2770.99609375,2.5427568
11351,2771.240234375,2.3948135
11352,2771.484375,2.1960375
11353,2771.728515625,1.9323714
11354,2771.97265625,1.7339329
11355,2772.216796875,1.4830312
11356,2772.4609375,1.2066004
11357,2772.705078125,0.9373674
11358,2772.94921875,0.64164966
11359,2773.193359375,0.41357753
11360,2773.4375,0.13523507
11361,2773.681640625,-0.17382064
11362,2773.92578125,-0.46055272
11363,2774.169921875,-0.7679777
11364,2774.4140625,-1.0379755
11365,2774.658203125,-1.3673531
11366,2774.90234375,-1.6177377
11367,2775.146484375,-1.8222377
11368,2775.390625,-2.0669544
11369,2775.634765625,-2.3363223
11370,2775.87890625,-2.4796433
11371,2776.123046875,-2.6279125
11372,2776.3671875,-2.758368
11373,2776.611328125,-2.9430752
11374,2776.85546875,-3.0540972
11375,2777.099609375,-3.171597
11376,2777.34375,-3.3288631
11377,2777.587890625,-3.4741635
11378,2777.83203125,-3.5942726
11379,2778.076171875,-3.6582408
11380,2778.3203125,-3.763145
11381,2778.564453125,-3.7664738
11382,2778.80859375,-3.724368
11383,2779.052734375,-3.6756048
11384,2779.296875,-3.6790237
11385,2779.541015625,-3.5893242
11386,2779.78515625,-3.4689455
11387,2780.029296875,-3.3701591
11388,2780.2734375,-3.2424028
11389,2780.517578125,-3.0555365
11390,2780.76171875,-2.872809
11391,2781.005859375,-2.6933203
11392,2781.25,-2.5177002
11393,2781.494140625,-2.3031235
11394,2781.73828125,-2.0453615
11395,2781.982421875,-1.8634437
11396,2782.2265625,-1.5764418
11397,2782.470703125,-1.3356838
11398,2782.71484375,-1.0825104
11399,2782.958984375,-0.8390535
11400,2783.203125,-0.55888915
11401,2783.447265625,-0.25776199
11402,2783.69140625,-0.024381675
11403,2783.935546875,0.278961
11404,2784.1796875,0.608361
11405,2784.423828125,0.91200733
11406,2784.66796875,1.157286
11407,2784.912109375,1.4406893
11408,2785.15625,1.6805137
11409,2785.400390625,1.9313593
11410,2785.64453125,2.1292355
11411,2785.888671875,2.280946
11412,2786.1328125,2.4823647
11413,2786.376953125,2.5980318
11414,2786.62109375,2.759695
11415,2786.865234375,2.9170852
11416,2787.109375,3.037644
11417,2787.353515625,3.1697302
11418,2787.59765625,3.2780306
11419,2787.841796875,3.4270425
11420,2788.0859375,3.5599155
11421,2788.330078125,3.5759413
11422,2788.57421875,3.5839262
11423,2788.818359375,3.562446
11424,2789.0625,3.5664384
11425,2789.306640625,3.4964871
11426,2789.55078125,3.434296
11427,2789.794921875,3.3606899
11428,2790.0390625,3.237657
11429,2790.283203125,3.111025
11430,2790.52734375,2.993784
11431,2790.771484375,2.8139577
11432,2791.015625,2.6002245
11433,2791.259765625,2.4266963
11434,2791.50390625,2.2587912
11435,2791.748046875,2.056979
11436,2791.9921875,1.805852
11437,2792.236328125,1.5674897
11438,2792.48046875,1.3123144
11439,2792.724609375,1.036896
11440,2792.96875,0.75068116
11441,2793.212890625,0.49123228
11442,2793.45703125,0.23813744
11443,2793.701171875,-0.035267957
11444,2793.9453125,-0.3444024
11445,2794.189453125,-0.6449897
11446,2794.43359375,-0.942968
11447,2794.677734375,-1.2369876
11448,2794.921875,-1.5309173
11449,2795.166015625,-1.7556605
11450,2795.41015625,-1.9938091
11451,2795.654296875,-2.1999288
11452,2795.8984375,-2.3927329
11453,2796.142578125,-2.5544977
11454,2796.38671875,-2.7081652
11455,2796.630859375,-2.8724492
11456,2796.875,-2.9909387
11457,2797.119140625,-3.0839667
11458,2797.36328125,-3.2736223
11459,2797.607421875,-3.3876133
11460,2797.8515625,-3.5128505
11461,2798.095703125,-3.654732
11462,2798.33984375,-3.7316556
11463,2798.583984375,-3.7381334
11464,2798.828125,-3.7300363
11465,2799.072265625,-3.6738057
11466,2799.31640625,-3.6492438
11467,2799.560546875,-3.599131
11468,2799.8046875,-3.4708347
11469,2800.048828125,-3.3829348
11470,2800.29296875,-3.2785704
11471,2800.537109375,-3.0932338
11472,2800.78125,-2.931559
11473,2801.025390625,-2.7569287
11474,2801.26953125,-2.5754607
11475,2801.513671875,-2.3759987
11476,2801.7578125,-2.1544044
11477,2802.001953125,-1.9615102
11478,2802.24609375,-1.7068971
11479,2802.490234375,-1.4958292
11480,2802.734375,-1.2045087
11481,2802.978515625,-0.9265036
11482,2803.22265625,-0.664783
11483,2803.466796875,-0.3812898
11484,2803.7109375,-0.11174184
11485,2803.955078125,0.1568277
11486,2804.19921875,0.45400745
11487,2804.443359375,0.7466888
11488,2804.6875,1.0721526
11489,2804.931640625,1.3249102
11490,2805.17578125,1.5949867
11491,2805.419921875,1.7893203
11492,2805.6640625,1.977862
11493,2805.908203125,2.1594877
11494,2806.15234375,2.3796313
11495,2806.396484375,2.5651367
11496,2806.640625,2.689744
11497,2806.884765625,2.807435
11498,2807.12890625,2.9469438
11499,2807.373046875,3.0857775
11500,2807.6171875,3.1830568
11501,2807.861328125,3.3020976
11502,2808.10546875,3.4487474
11503,2808.349609375,3.564864
11504,2808.59375,3.5671694
11505,2808.837890625,3.5315192
11506,2809.08203125,3.5312943
11507,2809.326171875,3.477425
11508,2809.5703125,3.4158523
11509,2809.814453125,3.3705866
11510,2810.05859375,3.2793803
11511,2810.302734375,3.1761966
11512,2810.546875,2.9955833
11513,2810.791015625,2.8041737
11514,2811.03515625,2.6687138
11515,2811.279296875,2.4931612
11516,2811.5234375,2.3438122
11517,2811.767578125,2.1636486
11518,2812.01171875,1.8880054
11519,2812.255859375,1.625295
11520,2812.5,1.3758552
11521,2812.744140625,1.1536311
11522,2812.98828125,0.86994666
11523,2813.232421875,0.57630944
11524,2813.4765625,0.33434832
11525,2813.720703125,0.055274878
11526,2813.96484375,-0.21961501
11527,2814.208984375,-0.515434
11528,2814.453125,-0.86415493
11529,2814.697265625,-1.1146294
11530,2814.94140625,-1.4033408
11531,2815.185546875,-1.6665909
11532,2815.4296875,-1.8634437
11533,2815.673828125,-2.1091497
11534,2815.91796875,-2.3491879
11535,2816.162109375,-2.5055544
11536,2816.40625,-2.6648002
11537,2816.650390625,-2.7627766
11538,2816.89453125,-2.9446945
11539,2817.138671875,-3.0381725
11540,2817.3828125,-3.1792445
11541,2817.626953125,-3.3013325
11542,2817.87109375,-3.4502318
11543,2818.115234375,-3.598411
11544,2818.359375,-3.6687672
11545,2818.603515625,-3.6979172
11546,2818.84765625,-3.6834323
11547,2819.091796875,-3.6093874
11548,2819.3359375,-3.6272013
11549,2819.580078125,-3.5885148
11550,2819.82421875,-3.528685
11551,2820.068359375,-3.3769069
11552,2820.3125,-3.2777607
11553,2820.556640625,-3.1668286
11554,2820.80078125,-2.9213924
11555,2821.044921875,-2.7626867
11556,2821.2890625,-2.6307917
11557,2821.533203125,-2.442756
11558,2821.77734375,-2.2045171
11559,2822.021484375,-1.9920098
11560,2822.265625,-1.7481931
11561,2822.509765625,-1.5411737
11562,2822.75390625,-1.2493134
11563,2822.998046875,-0.9414385
11564,2823.2421875,-0.7422465
11565,2823.486328125,-0.4852943
11566,2823.73046875,-0.17400059
11567,2823.974609375,0.101384126
11568,2824.21875,0.38253814
11569,2824.462890625,0.6297287
11570,2824.70703125,0.9529996
11571,2824.951171875,1.2474803
11572,2825.1953125,1.4784764
11573,2825.439453125,1.7275226
11574,2825.68359375,1.9493531
11575,2825.927734375,2.1575758
11576,2826.171875,2.295285
11577,2826.416015625,2.486526
11578,2826.66015625,2.656849
11579,2826.904296875,2.7526665
11580,2827.1484375,2.8492708
11581,2827.392578125,2.9817505
11582,2827.63671875,3.1697302
11583,2827.880859375,3.2662222
11584,2828.125,3.3943722
11585,2828.369140625,3.4969373
11586,2828.61328125,3.53568
11587,2828.857421875,3.558004
11588,2829.1015625,3.4815862
11589,2829.345703125,3.5265145
11590,2829.58984375,3.4350832
11591,2829.833984375,3.3488815
11592,2830.078125,3.2439547
11593,2830.322265625,3.200095
11594,2830.56640625,3.0416365
11595,2830.810546875,2.8631597
11596,2831.0546875,2.7280374
11597,2831.298828125,2.5689604
11598,2831.54296875,2.386098
11599,2831.787109375,2.163255
11600,2832.03125,1.9545825
11601,2832.275390625,1.7068297
11602,2832.51953125,1.4462562
11603,2832.763671875,1.1950732
11604,2833.0078125,0.982352
11605,2833.251953125,0.6610493
11606,2833.49609375,0.40756083
11607,2833.740234375,0.17150393
11608,2833.984375,-0.12253816
11609,2834.228515625,-0.38875726
11610,2834.47265625,-0.6899744
11611,2834.716796875,-0.9977593
11612,2834.9609375,-1.2764841
11613,2835.205078125,-1.5401841
11614,2835.44921875,-1.8260165
11615,2835.693359375,-1.9929996
11616,2835.9375,-2.1634011
11617,2836.181640625,-2.4058683
11618,2836.42578125,-2.5544078
11619,2836.669921875,-2.7231002
11620,2836.9140625,-2.8334925
11621,2837.158203125,-3.0142407
11622,2837.40234375,-3.118515
11623,2837.646484375,-3.2023664
11624,2837.890625,-3.3396597
11625,2838.134765625,-3.461388
11626,2838.37890625,-3.6009305
11627,2838.623046875,-3.620004
11628,2838.8671875,-3.6219833
11629,2839.111328125,-3.625312
11630,2839.35546875,-3.5838363
11631,2839.599609375,-3.5281453
11632,2839.84375,-3.4861298
11633,2840.087890625,-3.3605325
11634,2840.33203125,-3.2693934
11635,2840.576171875,-3.174476
11636,2840.8203125,-3.0239573
11637,2841.064453125,-2.8003838
11638,2841.30859375,-2.6586823
11639,2841.552734375,-2.469297
11640,2841.796875,-2.275863
11641,2842.041015625,-2.0959244
11642,2842.28515625,-1.8395119
11643,2842.529296875,-1.6269145
11644,2842.7734375,-1.3597957
11645,2843.017578125,-1.1146294
11646,2843.26171875,-0.84013313
11647,2843.505859375,-0.5748137
11648,2843.75,-0.31849125
11649,2843.994140625,-0.05758034
11650,2844.23828125,0.20496127
11651,2844.482421875,0.52148443
11652,2844.7265625,0.8095548
11653,2844.970703125,1.0842423
11654,2845.21484375,1.3702884
11655,2845.458984375,1.5819973
11656,2845.703125,1.802141
11657,2845.947265625,2.0295382
11658,2846.19140625,2.213919
11659,2846.435546875,2.342294
11660,2846.6796875,2.5506854
11661,2846.923828125,2.678554
11662,2847.16796875,2.7646434
11663,2847.412109375,2.9310303
11664,2847.65625,3.0618231
11665,2847.900390625,3.220169
11666,2848.14453125,3.323971
11667,2848.388671875,3.4651668
11668,2848.6328125,3.5201044
11669,2848.876953125,3.5044723
11670,2849.12109375,3.487884
11671,2849.365234375,3.446948
11672,2849.609375,3.4465544
11673,2849.853515625,3.3389847
11674,2850.09765625,3.2404685
11675,2850.341796875,3.233496
11676,2850.5859375,3.0779052
11677,2850.830078125,2.8966732
11678,2851.07421875,2.7220767
11679,2851.318359375,2.5748081
11680,2851.5625,2.3920581
11681,2851.806640625,2.206609
11682,2852.05078125,2.0366232
11683,2852.294921875,1.8010163
11684,2852.5390625,1.4894977
11685,2852.783203125,1.2513603
11686,2853.02734375,1.0092304
11687,2853.271484375,0.7423028
11688,2853.515625,0.48662132
11689,2853.759765625,0.2070418
11690,2854.00390625,-0.072155364
11691,2854.248046875,-0.34602183
11692,2854.4921875,-0.67440975
11693,2854.736328125,-0.9139079
11694,2854.98046875,-1.2596599
11695,2855.224609375,-1.4971788
11696,2855.46875,-1.7113056
11697,2855.712890625,-1.9309207
11698,2855.95703125,-2.1506257
11699,2856.201171875,-2.3233666
11700,2856.4453125,-2.5379434
11701,2856.689453125,-2.6576023
11702,2856.93359375,-2.7839193
11703,2857.177734375,-2.9235518
11704,2857.421875,-3.071371
11705,2857.666015625,-3.1938193
11706,2857.91015625,-3.2849584
11707,2858.154296875,-3.4442039
11708,2858.3984375,-3.557745
11709,2858.642578125,-3.655362
11710,2858.88671875,-3.622703
11711,2859.130859375,-3.6324196
11712,2859.375,-3.5831165
11713,2859.619140625,-3.5226572
11714,2859.86328125,-3.4403353
11715,2860.107421875,-3.3839245
11716,2860.3515625,-3.2718227
11717,2860.595703125,-3.180234
11718,2860.83984375,-3.0159502
11719,2861.083984375,-2.8240457
11720,2861.328125,-2.6660597
11721,2861.572265625,-2.4893599
11722,2861.81640625,-2.3551257
11723,2862.060546875,-2.1309223
11724,2862.3046875,-1.8850363
11725,2862.548828125,-1.6309631
11726,2862.79296875,-1.3893056
11727,2863.037109375,-1.1520566
11728,2863.28125,-0.88241863
11729,2863.525390625,-0.62177765
11730,2863.76953125,-0.3772412
11731,2864.013671875,-0.04624421
11732,2864.2578125,0.22334874
11733,2864.501953125,0.51676106
11734,2864.74609375,0.8199013
11735,2864.990234375,1.0920584
11736,2865.234375,1.3224922
11737,2865.478515625,1.5838529
11738,2865.72265625,1.8174919
11739,2865.966796875,2.0162678
11740,2866.2109375,2.2383232
11741,2866.455078125,2.3860414
11742,2866.69921875,2.5312295
11743,2866.943359375,2.6899688
11744,2867.1875,2.8231797
11745,2867.431640625,2.976746
11746,2867.67578125,3.072676
11747,2867.919921875,3.2544138
11748,2868.1640625,3.3615894
11749,2868.408203125,3.4861972
11750,2868.65234375,3.5678442
11751,2868.896484375,3.596072
11752,2869.140625,3.5064964
11753,2869.384765625,3.4949691
11754,2869.62890625,3.4604435
11755,2869.873046875,3.3990395
11756,2870.1171875,3.3176172
11757,2870.361328125,3.2058866
11758,2870.60546875,3.1088884
11759,2870.849609375,2.9459317
11760,2871.09375,2.7649245
11761,2871.337890625,2.6239538
11762,2871.58203125,2.4869757
11763,2871.826171875,2.2544615
11764,2872.0703125,2.0363421
11765,2872.314453125,1.8325617
11766,2872.55859375,1.5434229
11767,2872.802734375,1.2772263
11768,2873.046875,1.0114796
11769,2873.291015625,0.8109044
11770,2873.53515625,0.51777315
11771,2873.779296875,0.23976815
11772,2874.0234375,0.01270816
11773,2874.267578125,-0.30904445
11774,2874.51171875,-0.59361726
11775,2874.755859375,-0.901942
11776,2875.0,-1.1877744
11777,2875.244140625,-1.4457164
11778,2875.48828125,-1.69871
11779,2875.732421875,-1.9202142
11780,2875.9765625,-2.1541343
11781,2876.220703125,-2.354676
11782,2876.46484375,-2.466148
11783,2876.708984375,-2.6715477
11784,2876.953125,-2.7950754
11785,2877.197265625,-2.9027689
11786,2877.44140625,-3.0510383
11787,2877.685546875,-3.1967883
11788,2877.9296875,-3.3292232
11789,2878.173828125,-3.4511316
11790,2878.41796875,-3.5982313
11791,2878.662109375,-3.6824424
11792,2878.90625,-3.6598604
11793,2879.150390625,-3.6645389
11794,2879.39453125,-3.6303504
11795,2879.638671875,-3.6176648
11796,2879.8828125,-3.5338132
11797,2880.126953125,-3.461928
11798,2880.37109375,-3.3773568
11799,2880.615234375,-3.238804
11800,2880.859375,-3.092154
11801,2881.103515625,-2.9332685
11802,2881.34765625,-2.794266
11803,2881.591796875,-2.5936344
11804,2881.8359375,-2.3937228
11805,2882.080078125,-2.1911118
11806,2882.32421875,-1.9559321
11807,2882.568359375,-1.7058176
11808,2882.8125,-1.4753162
11809,2883.056640625,-1.2245718
11810,2883.30078125,-0.97373754
11811,2883.544921875,-0.64813864
11812,2883.7890625,-0.42807382
11813,2884.033203125,-0.11642025
11814,2884.27734375,0.13978976
11815,2884.521484375,0.41661397
11816,2884.765625,0.71761745
11817,2885.009765625,1.0304856
11818,2885.25390625,1.306129
11819,2885.498046875,1.5467968
11820,2885.7421875,1.7791424
11821,2885.986328125,1.9675157
11822,2886.23046875,2.1693842
11823,2886.474609375,2.3546085
11824,2886.71875,2.5040698
11825,2886.962890625,2.640542
11826,2887.20703125,2.8300962
11827,2887.451171875,2.9347978
11828,2887.6953125,3.0636787
11829,2887.939453125,3.2021754
11830,2888.18359375,3.3355546
11831,2888.427734375,3.4370513
11832,2888.671875,3.489065
11833,2888.916015625,3.5852757
11834,2889.16015625,3.5615463
11835,2889.404296875,3.5257273
11836,2889.6484375,3.4652228
11837,2889.892578125,3.4263113
11838,2890.13671875,3.311263
11839,2890.380859375,3.1890173
11840,2890.625,3.1610143
11841,2890.869140625,3.0382063
11842,2891.11328125,2.833245
11843,2891.357421875,2.6357625
11844,2891.6015625,2.4946232
11845,2891.845703125,2.301358
11846,2892.08984375,2.0877934
11847,2892.333984375,1.8876117
11848,2892.578125,1.6371034
11849,2892.822265625,1.4083565
11850,2893.06640625,1.1312512
11851,2893.310546875,0.84779173
11852,2893.5546875,0.61848253
11853,2893.798828125,0.31854746
11854,2894.04296875,0.07056965
11855,2894.287109375,-0.2588416
11856,2894.53125,-0.49393135
11857,2894.775390625,-0.7774245
11858,2895.01953125,-1.1194878
11859,2895.263671875,-1.3846271
11860,2895.5078125,-1.6214263
11861,2895.751953125,-1.8654231
11862,2895.99609375,-2.0665045
11863,2896.240234375,-2.325526
11864,2896.484375,-2.4272811
11865,2896.728515625,-2.623864
11866,2896.97265625,-2.7978644
11867,2897.216796875,-2.8780272
11868,2897.4609375,-2.992558
11869,2897.705078125,-3.1778047
11870,2897.94921875,-3.303312
11871,2898.193359375,-3.4227011
11872,2898.4375,-3.4846
11873,2898.681640625,-3.6240525
11874,2898.92578125,-3.701876
11875,2899.169921875,-3.6435757
11876,2899.4140625,-3.6093874
11877,2899.658203125,-3.6469047
11878,2899.90234375,-3.5606241
11879,2900.146484375,-3.4533808
11880,2900.390625,-3.4076765
11881,2900.634765625,-3.3214858
11882,2900.87890625,-3.1365988
11883,2901.123046875,-2.931559
11884,2901.3671875,-2.8113601
11885,2901.611328125,-2.6282725
11886,2901.85546875,-2.4793735
11887,2902.099609375,-2.2322278
11888,2902.34375,-2.0349252
11889,2902.587890625,-1.8120712
11890,2902.83203125,-1.5301975
11891,2903.076171875,-1.2668574
11892,2903.3203125,-1.0371659
11893,2903.564453125,-0.76572853
11894,2903.80859375,-0.4841247
11895,2904.052734375,-0.26630908
11896,2904.296875,0.06342834
11897,2904.541015625,0.3238894
11898,2904.78515625,0.657563
11899,2905.029296875,0.9613779
11900,2905.2734375,1.2140229
11901,2905.517578125,1.499563
11902,2905.76171875,1.7053114
11903,2906.005859375,1.9359138
11904,2906.25,2.1051126
11905,2906.494140625,2.3512907
11906,2906.73828125,2.493105
11907,2906.982421875,2.6159132
11908,2907.2265625,2.7300615
11909,2907.470703125,2.892906
11910,2907.71484375,3.0378127
11911,2907.958984375,3.181651
11912,2908.203125,3.3125563
11913,2908.447265625,3.4207444
11914,2908.69140625,3.5340495
11915,2908.935546875,3.5727363
11916,2909.1796875,3.551987
11917,2909.423828125,3.5567105
11918,2909.66796875,3.4782686
11919,2909.912109375,3.451053
11920,2910.15625,3.4188888
11921,2910.400390625,3.2870274
11922,2910.64453125,3.1257577
11923,2910.888671875,3.010091
11924,2911.1328125,2.9207401
11925,2911.376953125,2.6852455
11926,2911.62109375,2.5147538
11927,2911.865234375,2.3665292
11928,2912.109375,2.1575758
11929,2912.353515625,1.9169643
11930,2912.59765625,1.687655
11931,2912.841796875,1.4523292
11932,2913.0859375,1.1347938
11933,2913.330078125,0.92398447
11934,2913.57421875,0.64879096
11935,2913.818359375,0.40739214
11936,2914.0625,0.106332436
11937,2914.306640625,-0.18020846
11938,2914.55078125,-0.44912663
11939,2914.794921875,-0.726232
11940,2915.0390625,-1.0504813
11941,2915.283203125,-1.3740108
11942,2915.52734375,-1.6123394
11943,2915.771484375,-1.8117114
11944,2916.015625,-2.052289
11945,2916.259765625,-2.2862093
11946,2916.50390625,-2.4576907
11947,2916.748046875,-2.5515287
11948,2916.9921875,-2.749551
11949,2917.236328125,-2.905108
11950,2917.48046875,-3.030705
11951,2917.724609375,-3.171687
11952,2917.96875,-3.2603967
11953,2918.212890625,-3.3996692
11954,2918.45703125,-3.511141
11955,2918.701171875,-3.6221633
11956,2918.9453125,-3.7155514
11957,2919.189453125,-3.704575
11958,2919.43359375,-3.6357484
11959,2919.677734375,-3.629001
11960,2919.921875,-3.5920234
11961,2920.166015625,-3.5001647
11962,2920.41015625,-3.432778
11963,2920.654296875,-3.3188767
11964,2920.8984375,-3.209564
11965,2921.142578125,-2.9821217
11966,2921.38671875,-2.849417
11967,2921.630859375,-2.6605713
11968,2921.875,-2.5067239
11969,2922.119140625,-2.298985
11970,2922.36328125,-2.0844982
11971,2922.607421875,-1.84482
11972,2922.8515625,-1.5982143
11973,2923.095703125,-1.3793191
11974,2923.33984375,-1.1241661
11975,2923.583984375,-0.8421124
11976,2923.828125,-0.5646472
11977,2924.072265625,-0.27224705
11978,2924.31640625,-0.024471644
11979,2924.560546875,0.28250352
11980,2924.8046875,0.5639949
11981,2925.048828125,0.8588692
11982,2925.29296875,1.1321509
11983,2925.537109375,1.4075131
11984,2925.78125,1.6870364
11985,2926.025390625,1.9039748
11986,2926.26953125,2.1043253
11987,2926.513671875,2.2792592
11988,2926.7578125,2.4708376
11989,2927.001953125,2.600056
11990,2927.24609375,2.7495174
11991,2927.490234375,2.8703573
11992,2927.734375,3.0041304
11993,2927.978515625,3.1133308
11994,2928.22265625,3.2519958
11995,2928.466796875,3.3754225
11996,2928.7109375,3.527358
11997,2928.955078125,3.5685751
11998,2929.19921875,3.547826
11999,2929.443359375,3.5673382
12000,2929.6875,3.5278642
12001,2929.931640625,3.4631987
12002,2930.17578125,3.3917856
12003,2930.419921875,3.323465
12004,2930.6640625,3.2080796
12005,2930.908203125,3.0691893
12006,2931.15234375,2.917254
12007,2931.396484375,2.7549155
12008,2931.640625,2.5731213
12009,2931.884765625,2.3960507
12010,2932.12890625,2.240235
12011,2932.373046875,2.0155928
12012,2932.6171875,1.7702581
12013,2932.861328125,1.5142955
12014,2933.10546875,1.2546216
12015,2933.349609375,1.0040009
12016,2933.59375,0.7095764
12017,2933.837890625,0.45428863
12018,2934.08203125,0.21047188
12019,2934.326171875,-0.0746745
12020,2934.5703125,-0.39226606
12021,2934.814453125,-0.6581252
12022,2935.05859375,-0.96420074
12023,2935.302734375,-1.2723455
12024,2935.546875,-1.520121
12025,2935.791015625,-1.7855303
12026,2936.03515625,-2.0163915
12027,2936.279296875,-2.2067664
12028,2936.5234375,-2.407398
12029,2936.767578125,-2.5607057
12030,2937.01171875,-2.7315571
12031,2937.255859375,-2.86957
12032,2937.5,-2.9907587
12033,2937.744140625,-3.1496446
12034,2937.98828125,-3.25068
12035,2938.232421875,-3.3956206
12036,2938.4765625,-3.5096116
12037,2938.720703125,-3.634399
12038,2938.96484375,-3.692699
12039,2939.208984375,-3.7216692
12040,2939.453125,-3.6899998
12041,2939.697265625,-3.6202738
12042,2939.94140625,-3.666248
12043,2940.185546875,-3.5673718
12044,2940.4296875,-3.405607
12045,2940.673828125,-3.323105
12046,2940.91796875,-3.236285
12047,2941.162109375,-3.0840569
12048,2941.40625,-2.8684006
12049,2941.650390625,-2.7164426
12050,2941.89453125,-2.5572867
12051,2942.138671875,-2.366912
12052,2942.3828125,-2.1287632
12053,2942.626953125,-1.8727105
12054,2942.87109375,-1.6790966
12055,2943.115234375,-1.4180058
12056,2943.359375,-1.1688808
12057,2943.603515625,-0.89546424
12058,2943.84765625,-0.6098118
12059,2944.091796875,-0.33864436
12060,2944.3359375,-0.073684834
12061,2944.580078125,0.18522425
12062,2944.82421875,0.5038842
12063,2945.068359375,0.8013451
12064,2945.3125,1.1138197
12065,2945.556640625,1.3782731
12066,2945.80078125,1.5798043
12067,2946.044921875,1.8326741
12068,2946.2890625,2.0762098
12069,2946.533203125,2.2337685
12070,2946.77734375,2.4004364
12071,2947.021484375,2.6195116
12072,2947.265625,2.7365844
12073,2947.509765625,2.8499455
12074,2947.75390625,2.9454818
12075,2947.998046875,3.1372287
12076,2948.2421875,3.2565503
12077,2948.486328125,3.3416276
12078,2948.73046875,3.5021665
12079,2948.974609375,3.5889306
12080,2949.21875,3.5943851
12081,2949.462890625,3.5518746
12082,2949.70703125,3.5314066
12083,2949.951171875,3.4738824
12084,2950.1953125,3.4100606
12085,2950.439453125,3.3439894
12086,2950.68359375,3.2838786
12087,2950.927734375,3.1248016
12088,2951.171875,3.0345514
12089,2951.416015625,2.7909594
12090,2951.66015625,2.6327822
12091,2951.904296875,2.4884377
12092,2952.1484375,2.2570481
12093,2952.392578125,2.1062934
12094,2952.63671875,1.8558975
12095,2952.880859375,1.5922314
12096,2953.125,1.3700072
12097,2953.369140625,1.1242787
12098,2953.61328125,0.8473419
12099,2953.857421875,0.5344737
12100,2954.1015625,0.27997315
12101,2954.345703125,0.035706557
12102,2954.58984375,-0.27512604
12103,2954.833984375,-0.6067528
12104,2955.078125,-0.90032256
12105,2955.322265625,-1.1761683
12106,2955.56640625,-1.4342003
12107,2955.810546875,-1.6916924
12108,2956.0546875,-1.9197645
12109,2956.298828125,-2.1167972
12110,2956.54296875,-2.319948
12111,2956.787109375,-2.5339847
12112,2957.03125,-2.6748765
12113,2957.275390625,-2.75234
12114,2957.51953125,-2.9581897
12115,2957.763671875,-3.0683124
12116,2958.0078125,-3.1815836
12117,2958.251953125,-3.3182468
12118,2958.49609375,-3.4457333
12119,2958.740234375,-3.5864453
12120,2958.984375,-3.655362
12121,2959.228515625,-3.6909895
12122,2959.47265625,-3.7027757
12123,2959.716796875,-3.620004
12124,2959.9609375,-3.6115468
12125,2960.205078125,-3.5599942
12126,2960.44921875,-3.4895484
12127,2960.693359375,-3.385364
12128,2960.9375,-3.2745218
12129,2961.181640625,-3.1560323
12130,2961.42578125,-2.9491029
12131,2961.669921875,-2.7073555
12132,2961.9140625,-2.6393387
12133,2962.158203125,-2.462549
12134,2962.40234375,-2.2356467
12135,2962.646484375,-1.9966882
12136,2962.890625,-1.7565602
12137,2963.134765625,-1.5233598
12138,2963.37890625,-1.2600198
12139,2963.623046875,-0.9938007
12140,2963.8671875,-0.746655
12141,2964.111328125,-0.4653211
12142,2964.35546875,-0.19847222
12143,2964.599609375,0.042904098
12144,2964.84375,0.40508667
12145,2965.087890625,0.7069336
12146,2965.33203125,0.9849387
12147,2965.576171875,1.2513039
12148,2965.8203125,1.4757774
12149,2966.064453125,1.7188069
12150,2966.30859375,1.9573941
12151,2966.552734375,2.1770878
12152,2966.796875,2.3227818
12153,2967.041015625,2.4907994
12154,2967.28515625,2.6832774
12155,2967.529296875,2.7798822
12156,2967.7734375,2.9080882
12157,2968.017578125,3.0609236
12158,2968.26171875,3.2311904
12159,2968.505859375,3.3338118
12160,2968.75,3.4293478
12161,2968.994140625,3.5698123
12162,2969.23828125,3.5528307
12163,2969.482421875,3.5323064
12164,2969.7265625,3.542709
12165,2969.970703125,3.536355
12166,2970.21484375,3.4514465
12167,2970.458984375,3.3441017
12168,2970.703125,3.2556508
12169,2970.947265625,3.1395905
12170,2971.19140625,3.012059
12171,2971.435546875,2.8565807
12172,2971.6796875,2.693905
12173,2971.923828125,2.5006962
12174,2972.16796875,2.3495476
12175,2972.412109375,2.138626
12176,2972.65625,1.8913791
12177,2972.900390625,1.6500927
12178,2973.14453125,1.4061636
12179,2973.388671875,1.16797
12180,2973.6328125,0.9385483
12181,2973.876953125,0.6445174
12182,2974.12109375,0.37584665
12183,2974.365234375,0.08929451
12184,2974.609375,-0.20845881
12185,2974.853515625,-0.46496123
12186,2975.09765625,-0.76545864
12187,2975.341796875,-1.0704544
12188,2975.5859375,-1.3327149
12189,2975.830078125,-1.5807602
12190,2976.07421875,-1.8286256
12191,2976.318359375,-2.0508497
12192,2976.5625,-2.2089257
12193,2976.806640625,-2.3715901
12194,2977.05078125,-2.562505
12195,2977.294921875,-2.685493
12196,2977.5390625,-2.8249454
12197,2977.783203125,-2.984191
12198,2978.02734375,-3.1269722
12199,2978.271484375,-3.1863518
12200,2978.515625,-3.3817654
12201,2978.759765625,-3.5386717
12202,2979.00390625,-3.5761888
12203,2979.248046875,-3.628101
12204,2979.4921875,-3.6436658
12205,2979.736328125,-3.5940027
12206,2979.98046875,-3.6040792
12207,2980.224609375,-3.5322838
12208,2980.46875,-3.4886487
12209,2980.712890625,-3.361612
12210,2980.95703125,-3.2809095
12211,2981.201171875,-3.1605308
12212,2981.4453125,-3.019279
12213,2981.689453125,-2.8216166
12214,2981.93359375,-2.6665094
12215,2982.177734375,-2.498087
12216,2982.421875,-2.3203976
12217,2982.666015625,-2.099163
12218,2982.91015625,-1.8503981
12219,2983.154296875,-1.605142
12220,2983.3984375,-1.338293
12221,2983.642578125,-1.1032933
12222,2983.88671875,-0.81449187
12223,2984.130859375,-0.5590691
12224,2984.375,-0.2790847
12225,2984.619140625,0.008940697
12226,2984.86328125,0.25596258
12227,2985.107421875,0.5522989
12228,2985.3515625,0.8707902
12229,2985.595703125,1.1629654
12230,2985.83984375,1.4052076
12231,2986.083984375,1.6456506
12232,2986.328125,1.8286256
12233,2986.572265625,2.094766
12234,2986.81640625,2.2497942
12235,2987.060546875,2.4058347
12236,2987.3046875,2.579588
12237,2987.548828125,2.7224703
12238,2987.79296875,2.8186812
12239,2988.037109375,2.9559407
12240,2988.28125,3.146788
12241,2988.525390625,3.2388377
12242,2988.76953125,3.3472507
12243,2989.013671875,3.4865909
12244,2989.2578125,3.5523245
12245,2989.501953125,3.570937
12246,2989.74609375,3.518361
12247,2989.990234375,3.5175176
12248,2990.234375,3.4178205
12249,2990.478515625,3.334655
12250,2990.72265625,3.2431111
12251,2990.966796875,3.1826632
12252,2991.2109375,3.0530512
12253,2991.455078125,2.8806477
12254,2991.69921875,2.705095
12255,2991.943359375,2.5680606
12256,2992.1875,2.3724337
12257,2992.431640625,2.17422
12258,2992.67578125,1.9853407
12259,2992.919921875,1.7564253
12260,2993.1640625,1.4892727
12261,2993.408203125,1.2029455
12262,2993.65234375,0.9851636
12263,2993.896484375,0.72830135
12264,2994.140625,0.43685707
12265,2994.384765625,0.16706172
12266,2994.62890625,-0.06495782
12267,2994.873046875,-0.34773126
12268,2995.1171875,-0.67944795
12269,2995.361328125,-0.9909217
12270,2995.60546875,-1.239147
12271,2995.849609375,-1.5129234
12272,2996.09375,-1.7490927
12273,2996.337890625,-1.9515237
12274,2996.58203125,-2.141089
12275,2996.826171875,-2.3362322
12276,2997.0703125,-2.5103228
12277,2997.314453125,-2.6495054
12278,2997.55859375,-2.788508
12279,2997.802734375,-2.9171638
12280,2998.046875,-3.0642638
12281,2998.291015625,-3.154053
12282,2998.53515625,-3.2709231
12283,2998.779296875,-3.4283693
12284,2999.0234375,-3.5763688
12285,2999.267578125,-3.6156852
12286,2999.51171875,-3.6297207
12287,2999.755859375,-3.6477144
12288,3000.0,-3.5976915
12289,3000.244140625,-3.5211275
12290,3000.48828125,-3.4683158
12291,3000.732421875,-3.383025
12292,3000.9765625,-3.2781205
12293,3001.220703125,-3.1559424
12294,3001.46484375,-3.0569763
12295,3001.708984375,-2.867051
12296,3001.953125,-2.6654298
12297,3002.197265625,-2.527147
12298,3002.44140625,-2.3556657
12299,3002.685546875,-2.1386597
12300,3002.9296875,-1.8950229
12301,3003.173828125,-1.6160282
12302,3003.41796875,-1.4002819
12303,3003.662109375,-1.115709
12304,3003.90625,-0.87099254
12305,3004.150390625,-0.6445399
12306,3004.39453125,-0.35834762
12307,3004.638671875,-0.042015653
12308,3004.8828125,0.22762227
12309,3005.126953125,0.49376267
12310,3005.37109375,0.83154106
12311,3005.615234375,1.0826116
12312,3005.859375,1.3936242
12313,3006.103515625,1.6131492
12314,3006.34765625,1.846507
12315,3006.591796875,2.0484319
12316,3006.8359375,2.2496254
12317,3007.080078125,2.4089274
12318,3007.32421875,2.5339284
12319,3007.568359375,2.7009902
12320,3007.8125,2.865915
12321,3008.056640625,2.9526792
12322,3008.30078125,3.0604174
12323,3008.544921875,3.275444
12324,3008.7890625,3.366313
12325,3009.033203125,3.433115
12326,3009.27734375,3.5375357
12327,3009.521484375,3.559072
12328,3009.765625,3.5184736
12329,3010.009765625,3.4797306
12330,3010.25390625,3.4450922
12331,3010.498046875,3.3818889
12332,3010.7421875,3.2906826
12333,3010.986328125,3.1585963
12334,3011.23046875,3.0676713
12335,3011.474609375,2.9042647
12336,3011.71875,2.7035205
12337,3011.962890625,2.5758204
12338,3012.20703125,2.4021237
12339,3012.451171875,2.2305071
12340,3012.6953125,2.0036721
12341,3012.939453125,1.7887579
12342,3013.18359375,1.5555125
12343,3013.427734375,1.2727842
12344,3013.671875,1.0261558
12345,3013.916015625,0.77952754
12346,3014.16015625,0.5034343
12347,3014.404296875,0.2108655
12348,3014.6484375,-0.01880358
12349,3014.892578125,-0.35070026
12350,3015.13671875,-0.576973
12351,3015.380859375,-0.9703186
12352,3015.625,-1.2038789
12353,3015.869140625,-1.4369893
12354,3016.11328125,-1.716074
12355,3016.357421875,-1.9632196
12356,3016.6015625,-2.170239
12357,3016.845703125,-2.336862
12358,3017.08984375,-2.4873807
12359,3017.333984375,-2.6558032
12360,3017.578125,-2.7806804
12361,3017.822265625,-2.9150944
12362,3018.06640625,-3.0500486
12363,3018.310546875,-3.1724968
12364,3018.5546875,-3.3170774
12365,3018.798828125,-3.4828007
12366,3019.04296875,-3.5644028
12367,3019.287109375,-3.6745253
12368,3019.53125,-3.6640887
12369,3019.775390625,-3.6269314
12370,3020.01953125,-3.625582
12371,3020.263671875,-3.5954423
12372,3020.5078125,-3.5370522
12373,3020.751953125,-3.4651668
12374,3020.99609375,-3.3773568
12375,3021.240234375,-3.2316065
12376,3021.484375,-3.0924242
12377,3021.728515625,-2.9146447
12378,3021.97265625,-2.7451425
12379,3022.216796875,-2.5464904
12380,3022.4609375,-2.366912
12381,3022.705078125,-2.184724
12382,3022.94921875,-1.9284915
12383,3023.193359375,-1.6951112
12384,3023.4375,-1.4773855
12385,3023.681640625,-1.2090071
12386,3023.92578125,-0.9603321
12387,3024.169921875,-0.6933032
12388,3024.4140625,-0.41745746
12389,3024.658203125,-0.15645657
12390,3024.90234375,0.12713784
12391,3025.146484375,0.443661
12392,3025.390625,0.746745
12393,3025.634765625,1.0036635
12394,3025.87890625,1.2692417
12395,3026.123046875,1.5606858
12396,3026.3671875,1.8190663
12397,3026.611328125,1.9942814
12398,3026.85546875,2.1675286
12399,3027.099609375,2.3844671
12400,3027.34375,2.519646
12401,3027.587890625,2.6818717
12402,3027.83203125,2.8240793
12403,3028.076171875,2.9383402
12404,3028.3203125,3.0678961
12405,3028.564453125,3.2089229
12406,3028.80859375,3.3197541
12407,3029.052734375,3.4670787
12408,3029.296875,3.5339372
12409,3029.541015625,3.5940475
12410,3029.78515625,3.5520434
12411,3030.029296875,3.513188
12412,3030.2734375,3.4843416
12413,3030.517578125,3.423781
12414,3030.76171875,3.3144119
12415,3031.005859375,3.208698
12416,3031.25,3.117773
12417,3031.494140625,2.9855182
12418,3031.73828125,2.8191874
12419,3031.982421875,2.6412168
12420,3032.2265625,2.49631
12421,3032.470703125,2.2925858
12422,3032.71484375,2.0362859
12423,3032.958984375,1.8810327
12424,3033.203125,1.6334485
12425,3033.447265625,1.3747869
12426,3033.69140625,1.0867164
12427,3033.935546875,0.8440805
12428,3034.1796875,0.59345984
12429,3034.423828125,0.34514463
12430,3034.66796875,0.075293034
12431,3034.912109375,-0.24795534
12432,3035.15625,-0.48601404
12433,3035.400390625,-0.79073995
12434,3035.64453125,-1.1121103
12435,3035.888671875,-1.3879561
12436,3036.1328125,-1.6216062
12437,3036.376953125,-1.8292553
12438,3036.62109375,-2.061466
12439,3036.865234375,-2.261468
12440,3037.109375,-2.4522026
12441,3037.353515625,-2.6343904
12442,3037.59765625,-2.7536898
12443,3037.841796875,-2.846448
12444,3038.0859375,-2.9688063
12445,3038.330078125,-3.1766353
12446,3038.57421875,-3.27992
12447,3038.818359375,-3.3669202
12448,3039.0625,-3.523107
12449,3039.306640625,-3.6523929
12450,3039.55078125,-3.6592305
12451,3039.794921875,-3.6531126
12452,3040.0390625,-3.6533825
12453,3040.283203125,-3.607948
12454,3040.52734375,-3.5545063
12455,3040.771484375,-3.4801016
12456,3041.015625,-3.4185627
12457,3041.259765625,-3.3168073
12458,3041.50390625,-3.1618803
12459,3041.748046875,-2.9675467
12460,3041.9921875,-2.8353817
12461,3042.236328125,-2.6436572
12462,3042.48046875,-2.4531925
12463,3042.724609375,-2.2896283
12464,3042.96875,-2.0721724
12465,3043.212890625,-1.7871497
12466,3043.45703125,-1.5041963
12467,3043.701171875,-1.3161606
12468,3043.9453125,-1.030688
12469,3044.189453125,-0.7955983
12470,3044.43359375,-0.4841247
12471,3044.677734375,-0.23266055
12472,3044.921875,0.06685842
12473,3045.166015625,0.3467191
12474,3045.41015625,0.6631861
12475,3045.654296875,0.93669266
12476,3045.8984375,1.2338161
12477,3046.142578125,1.4621133
12478,3046.38671875,1.7131838
12479,3046.630859375,1.9419308
12480,3046.875,2.135477
12481,3047.119140625,2.327449
12482,3047.36328125,2.5077248
12483,3047.607421875,2.6347501
12484,3047.8515625,2.7616072
12485,3048.095703125,2.9342356
12486,3048.33984375,3.0377564
12487,3048.583984375,3.150949
12488,3048.828125,3.2954621
12489,3049.072265625,3.4845102
12490,3049.31640625,3.525896
12491,3049.560546875,3.5905614
12492,3049.8046875,3.5576103
12493,3050.048828125,3.5233657
12494,3050.29296875,3.4772565
12495,3050.537109375,3.4209695
12496,3050.78125,3.4015696
12497,3051.025390625,3.2550883
12498,3051.26953125,3.151399
12499,3051.513671875,3.024992
12500,3051.7578125,2.8310518
12501,3052.001953125,2.6540375
12502,3052.24609375,2.468026
12503,3052.490234375,2.3584883
12504,3052.734375,2.1585317
12505,3052.978515625,1.9274231
12506,3053.22265625,1.6693237
12507,3053.466796875,1.4346163
12508,3053.7109375,1.139742
12509,3053.955078125,0.87871873
12510,3054.19921875,0.6174704
12511,3054.443359375,0.3815822
12512,3054.6875,0.1184783
12513,3054.931640625,-0.18263763
12514,3055.17578125,-0.44300872
12515,3055.419921875,-0.74800456
12516,3055.6640625,-1.0392352
12517,3055.908203125,-1.3135515
12518,3056.15234375,-1.5813
12519,3056.396484375,-1.7753638
12520,3056.640625,-2.0376241
12521,3056.884765625,-2.2389755
12522,3057.12890625,-2.43079
12523,3057.373046875,-2.5853572
12524,3057.6171875,-2.728948
12525,3057.861328125,-2.8912528
12526,3058.10546875,-3.019369
12527,3058.349609375,-3.1288617
12528,3058.59375,-3.2929657
12529,3058.837890625,-3.4283693
12530,3059.08203125,-3.5206778
12531,3059.326171875,-3.6478944
12532,3059.5703125,-3.701786
12533,3059.814453125,-3.7151914
12534,3060.05859375,-3.6580608
12535,3060.302734375,-3.6352987
12536,3060.546875,-3.6439357
12537,3060.791015625,-3.5336332
12538,3061.03515625,-3.441145
12539,3061.279296875,-3.380056
12540,3061.5234375,-3.2175713
12541,3061.767578125,-2.9996657
12542,3062.01171875,-2.8540053
12543,3062.255859375,-2.6937702
12544,3062.5,-2.5120323
12545,3062.744140625,-2.2875588
12546,3062.98828125,-2.1385698
12547,3063.232421875,-1.8840467
12548,3063.4765625,-1.5721232
12549,3063.720703125,-1.3337046
12550,3063.96484375,-1.1170586
12551,3064.208984375,-0.82600796
12552,3064.453125,-0.5298291
12553,3064.697265625,-0.25632247
12554,3064.94140625,-0.015834594
12555,3065.185546875,0.29549286
12556,3065.4296875,0.6121847
12557,3065.673828125,0.90087366
12558,3065.91796875,1.1901249
12559,3066.162109375,1.467905
12560,3066.40625,1.7282536
12561,3066.650390625,1.9152211
12562,3066.89453125,2.1425622
12563,3067.138671875,2.2884247
12564,3067.3828125,2.4947355
12565,3067.626953125,2.6397548
12566,3067.87109375,2.7541845
12567,3068.115234375,2.9148922
12568,3068.359375,3.0698643
12569,3068.603515625,3.214771
12570,3068.84765625,3.268865
12571,3069.091796875,3.390886
12572,3069.3359375,3.5125692
12573,3069.580078125,3.5515933
12574,3069.82421875,3.5566542
12575,3070.068359375,3.5538428
12576,3070.3125,3.5294385
12577,3070.556640625,3.4351394
12578,3070.80078125,3.367044
12579,3071.044921875,3.2627358
12580,3071.2890625,3.159215
12581,3071.533203125,3.0362945
12582,3071.77734375,2.8949864
12583,3072.021484375,2.7659369
12584,3072.265625,2.5912838
12585,3072.509765625,2.3744578
12586,3072.75390625,2.2315755
12587,3072.998046875,1.9882648
12588,3073.2421875,1.7483842
12589,3073.486328125,1.54854
12590,3073.73046875,1.2468055
12591,3073.974609375,0.9808901
12592,3074.21875,0.7439897
12593,3074.462890625,0.44557285
12594,3074.70703125,0.2055798
12595,3074.951171875,-0.059199784
12596,3075.1953125,-0.34656167
12597,3075.439453125,-0.6702711
12598,3075.68359375,-0.92857295
12599,3075.927734375,-1.2620891
12600,3076.171875,-1.5167022
12601,3076.416015625,-1.7463937
12602,3076.66015625,-1.9655588
12603,3076.904296875,-2.1794157
12604,3077.1484375,-2.3941724
12605,3077.392578125,-2.5220187
12606,3077.63671875,-2.6890917
12607,3077.880859375,-2.853016
12608,3078.125,-2.9684463
12609,3078.369140625,-3.1325502
12610,3078.61328125,-3.2248588
12611,3078.857421875,-3.3904023
12612,3079.1015625,-3.5392115
12613,3079.345703125,-3.6261218
12614,3079.58984375,-3.7016962
12615,3079.833984375,-3.7413723
12616,3080.078125,-3.684152
12617,3080.322265625,-3.6774042
12618,3080.56640625,-3.6089377
12619,3080.810546875,-3.5584648
12620,3081.0546875,-3.467236
12621,3081.298828125,-3.378616
12622,3081.54296875,-3.274072
12623,3081.787109375,-3.0959327
12624,3082.03125,-2.8989902
12625,3082.275390625,-2.7042966
12626,3082.51953125,-2.5533283
12627,3082.763671875,-2.3628633
12628,3083.0078125,-2.1362307
12629,3083.251953125,-1.8986218
12630,3083.49609375,-1.6672207
12631,3083.740234375,-1.420075
12632,3083.984375,-1.1262355
12633,3084.228515625,-0.87432146
12634,3084.47265625,-0.63293386
12635,3084.716796875,-0.3242493
12636,3084.9609375,-0.053621687
12637,3085.205078125,0.24544744
12638,3085.44921875,0.5040529
12639,3085.693359375,0.8622993
12640,3085.9375,1.1685885
12641,3086.181640625,1.4142046
12642,3086.42578125,1.6580213
12643,3086.669921875,1.9054368
12644,3086.9140625,2.1458235
12645,3087.158203125,2.2815084
12646,3087.40234375,2.4444091
12647,3087.646484375,2.6156318
12648,3087.890625,2.7645872
12649,3088.134765625,2.878286
12650,3088.37890625,3.0165012
12651,3088.623046875,3.1485312
12652,3088.8671875,3.2784243
12653,3089.111328125,3.3775592
12654,3089.35546875,3.491089
12655,3089.599609375,3.5835326
12656,3089.84375,3.5851634
12657,3090.087890625,3.5192606
12658,3090.33203125,3.4908643
12659,3090.576171875,3.4720268
12660,3090.8203125,3.3815517
12661,3091.064453125,3.3024347
12662,3091.30859375,3.1856997
12663,3091.552734375,3.09663
12664,3091.796875,2.9395776
12665,3092.041015625,2.7722907
12666,3092.28515625,2.569354
12667,3092.529296875,2.422985
12668,3092.7734375,2.2750418
12669,3093.017578125,2.0868936
12670,3093.26171875,1.8404902
12671,3093.505859375,1.5629913
12672,3093.75,1.3391365
12673,3093.994140625,1.0530342
12674,3094.23828125,0.8210259
12675,3094.482421875,0.5433582
12676,3094.7265625,0.3137116
12677,3094.970703125,0.009503005
12678,3095.21484375,-0.3298274
12679,3095.458984375,-0.6088221
12680,3095.703125,-0.8559677
12681,3095.947265625,-1.1878644
12682,3096.19140625,-1.4476956
12683,3096.435546875,-1.7024887
12684,3096.6796875,-1.9369485
12685,3096.923828125,-2.1361406
12686,3097.16796875,-2.3679016
12687,3097.412109375,-2.5184202
12688,3097.65625,-2.6729875
12689,3097.900390625,-2.7723134
12690,3098.14453125,-2.9616988
12691,3098.388671875,-3.1084387
12692,3098.6328125,-3.2314267
12693,3098.876953125,-3.3593628
12694,3099.12109375,-3.5249064
12695,3099.365234375,-3.6523929
12696,3099.609375,-3.7207694
12697,3099.853515625,-3.7520788
12698,3100.09765625,-3.751899
12699,3100.341796875,-3.6948583
12700,3100.5859375,-3.6358385
12701,3100.830078125,-3.6034493
12702,3101.07421875,-3.561164
12703,3101.318359375,-3.4191923
12704,3101.5625,-3.2759614
12705,3101.806640625,-3.139838
12706,3102.05078125,-2.9401062
12707,3102.294921875,-2.7992141
12708,3102.5390625,-2.6541836
12709,3102.783203125,-2.4473443
12710,3103.02734375,-2.2068565
12711,3103.271484375,-1.9632196
12712,3103.515625,-1.7209324
12713,3103.759765625,-1.4766659
12714,3104.00390625,-1.2054983
12715,3104.248046875,-0.954664
12716,3104.4921875,-0.67351
12717,3104.736328125,-0.4102599
12718,3104.98046875,-0.102744915
12719,3105.224609375,0.15429732
12720,3105.46875,0.46688432
12721,3105.712890625,0.7849257
12722,3105.95703125,1.080025
12723,3106.201171875,1.3539815
12724,3106.4453125,1.5928499
12725,3106.689453125,1.807539
12726,3106.93359375,2.0449455
12727,3107.177734375,2.2731862
12728,3107.421875,2.3963878
12729,3107.666015625,2.549167
12730,3107.91015625,2.7113929
12731,3108.154296875,2.7966387
12732,3108.3984375,2.9247887
12733,3108.642578125,3.0640724
12734,3108.88671875,3.282248
12735,3109.130859375,3.3322933
12736,3109.375,3.433115
12737,3109.619140625,3.5658762
12738,3109.86328125,3.5998957
12739,3110.107421875,3.5142562
12740,3110.3515625,3.5146499
12741,3110.595703125,3.478325
12742,3110.83984375,3.41141
12743,3111.083984375,3.335105
12744,3111.328125,3.2359138
12745,3111.572265625,3.1324492
12746,3111.81640625,2.9732034
12747,3112.060546875,2.802543
12748,3112.3046875,2.6899128
12749,3112.548828125,2.480453
12750,3112.79296875,2.300402
12751,3113.037109375,2.1200135
12752,3113.28125,1.8861498
12753,3113.525390625,1.6156795
12754,3113.76953125,1.3856956
12755,3114.013671875,1.1274276
12756,3114.2578125,0.9021669
12757,3114.501953125,0.64502347
12758,3114.74609375,0.32585746
12759,3114.990234375,0.024066782
12760,3115.234375,-0.2111579
12761,3115.478515625,-0.503828
12762,3115.72265625,-0.78957033
12763,3115.966796875,-1.0890781
12764,3116.2109375,-1.385167
12765,3116.455078125,-1.6243054
12766,3116.69921875,-1.8759495
12767,3116.943359375,-2.096374
12768,3117.1875,-2.2711844
12769,3117.431640625,-2.4761345
12770,3117.67578125,-2.6482458
12771,3117.919921875,-2.7858987
12772,3118.1640625,-2.887924
12773,3118.408203125,-3.0828872
12774,3118.65234375,-3.203896
12775,3118.896484375,-3.3042116
12776,3119.140625,-3.420812
12777,3119.384765625,-3.563863
12778,3119.62890625,-3.6645389
12779,3119.873046875,-3.7291367
12780,3120.1171875,-3.7140217
12781,3120.361328125,-3.7209494
12782,3120.60546875,-3.669307
12783,3120.849609375,-3.5836563
12784,3121.09375,-3.561524
12785,3121.337890625,-3.479202
12786,3121.58203125,-3.30898
12787,3121.826171875,-3.1515338
12788,3122.0703125,-3.0215282
12789,3122.314453125,-2.8540955
12790,3122.55859375,-2.6616511
12791,3122.802734375,-2.448154
12792,3123.046875,-2.3066323
12793,3123.291015625,-2.0471609
12794,3123.53515625,-1.8121612
12795,3123.779296875,-1.5568284
12796,3124.0234375,-1.3139114
12797,3124.267578125,-1.0354564
12798,3124.51171875,-0.7884008
12799,3124.755859375,-0.53630686
12800,3125.0,-0.2477754
12801,3125.244140625,0.025585014
12802,3125.48828125,0.3540291
12803,3125.732421875,0.63782597
12804,3125.9765625,0.9391668
12805,3126.220703125,1.1913058
12806,3126.46484375,1.4315237
12807,3126.708984375,1.6871489
12808,3126.953125,1.8826632
12809,3127.197265625,2.100614
12810,3127.44140625,2.272399
12811,3127.685546875,2.4214106
12812,3127.9296875,2.589091
12813,3128.173828125,2.7380464
12814,3128.41796875,2.8471904
12815,3128.662109375,2.9880483
12816,3128.90625,3.1220465
12817,3129.150390625,3.2221935
12818,3129.39453125,3.3485441
12819,3129.638671875,3.4475102
12820,3129.8828125,3.5253901
12821,3130.126953125,3.4892898
12822,3130.37109375,3.4592063
12823,3130.615234375,3.4249055
12824,3130.859375,3.381383
12825,3131.103515625,3.3226779
12826,3131.34765625,3.202569
12827,3131.591796875,3.154885
12828,3131.8359375,3.0350573
12829,3132.080078125,2.870976
12830,3132.32421875,2.696773
12831,3132.568359375,2.5411823
12832,3132.8125,2.4097147
12833,3133.056640625,2.2029538
12834,3133.30078125,2.0208786
12835,3133.544921875,1.7630605
12836,3133.7890625,1.531502
12837,3134.033203125,1.2602446
12838,3134.27734375,1.009399
12839,3134.521484375,0.7675504
12840,3134.765625,0.47604996
12841,3135.009765625,0.21553265
12842,3135.25390625,-0.0055780956
12843,3135.498046875,-0.29500926
12844,3135.7421875,-0.635543
12845,3135.986328125,-0.9210155
12846,3136.23046875,-1.2276307
12847,3136.474609375,-1.4519242
12848,3136.71875,-1.6710894
12849,3136.962890625,-1.8953828
12850,3137.20703125,-2.1267838
12851,3137.451171875,-2.3262458
12852,3137.6953125,-2.4728956
12853,3137.939453125,-2.6359198
12854,3138.18359375,-2.7866185
12855,3138.427734375,-2.919413
12856,3138.671875,-3.0642638
12857,3138.916015625,-3.1720467
12858,3139.16015625,-3.2908063
12859,3139.404296875,-3.4373662
12860,3139.6484375,-3.5564857
12861,3139.892578125,-3.5808673
12862,3140.13671875,-3.6338592
12863,3140.380859375,-3.5847359
12864,3140.625,-3.5888746
12865,3140.869140625,-3.51393
12866,3141.11328125,-3.4934173
12867,3141.357421875,-3.3951707
12868,3141.6015625,-3.2835188
12869,3141.845703125,-3.1371386
12870,3142.08984375,-3.0170298
12871,3142.333984375,-2.8586838
12872,3142.578125,-2.6598518
12873,3142.822265625,-2.480363
12874,3143.06640625,-2.3326335
12875,3143.310546875,-2.1181467
12876,3143.5546875,-1.8370827
12877,3143.798828125,-1.6165681
12878,3144.04296875,-1.3892156
12879,3144.287109375,-1.0758526
12880,3144.53125,-0.8249283
12881,3144.775390625,-0.61143124
12882,3145.01953125,-0.3059855
12883,3145.263671875,-0.0073774806
12884,3145.5078125,0.2158138
12885,3145.751953125,0.5675937
12886,3145.99609375,0.8268739
12887,3146.240234375,1.1040918
12888,3146.484375,1.4077381
12889,3146.728515625,1.5909942
12890,3146.97265625,1.8312122
12891,3147.216796875,2.027064
12892,3147.4609375,2.2455769
12893,3147.705078125,2.3812058
12894,3147.94921875,2.5295427
12895,3148.193359375,2.7015524
12896,3148.4375,2.8088408
12897,3148.681640625,2.9145546
12898,3148.92578125,3.014252
12899,3149.169921875,3.227423
12900,3149.4140625,3.329032
12901,3149.658203125,3.4319906
12902,3149.90234375,3.517405
12903,3150.146484375,3.507621
12904,3150.390625,3.4757943
12905,3150.634765625,3.4357018
12906,3150.87890625,3.4110165
12907,3151.123046875,3.3615894
12908,3151.3671875,3.2342832
12909,3151.611328125,3.142402
12910,3151.85546875,3.0605862
12911,3152.099609375,2.8903754
12912,3152.34375,2.6773171
12913,3152.587890625,2.5263374
12914,3152.83203125,2.363043
12915,3153.076171875,2.190527
12916,3153.3203125,1.9907389
12917,3153.564453125,1.768065
12918,3153.80859375,1.5269474
12919,3154.052734375,1.2755957
12920,3154.296875,1.0453868
12921,3154.541015625,0.75889087
12922,3154.78515625,0.49584317
12923,3155.029296875,0.20586096
12924,3155.2734375,-0.07341493
12925,3155.517578125,-0.360237
12926,3155.76171875,-0.62240744
12927,3156.005859375,-0.89870316
12928,3156.25,-1.1909233
12929,3156.494140625,-1.4794549
12930,3156.73828125,-1.7352375
12931,3156.982421875,-1.9378482
12932,3157.2265625,-2.1635811
12933,3157.470703125,-2.3492777
12934,3157.71484375,-2.5021355
12935,3157.958984375,-2.6567028
12936,3158.203125,-2.81172
12937,3158.447265625,-2.9600792
12938,3158.69140625,-3.0883756
12939,3158.935546875,-3.2388942
12940,3159.1796875,-3.3177972
12941,3159.423828125,-3.4621077
12942,3159.66796875,-3.592833
12943,3159.912109375,-3.7155514
12944,3160.15625,-3.6789339
12945,3160.400390625,-3.6786637
12946,3160.64453125,-3.6738057
12947,3160.888671875,-3.5887845
12948,3161.1328125,-3.5079021
12949,3161.376953125,-3.4342172
12950,3161.62109375,-3.3696194
12951,3161.865234375,-3.1990376
12952,3162.109375,-3.0495088
12953,3162.353515625,-2.8973706
12954,3162.59765625,-2.750001
12955,3162.841796875,-2.5355144
12956,3163.0859375,-2.3711402
12957,3163.330078125,-2.1562037
12958,3163.57421875,-1.938658
12959,3163.818359375,-1.6708195
12960,3164.0625,-1.4072994
12961,3164.306640625,-1.1911932
12962,3164.55078125,-0.91516745
12963,3164.794921875,-0.64202076
12964,3165.0390625,-0.33801457
12965,3165.283203125,-0.09536744
12966,3165.52734375,0.20321812
12967,3165.771484375,0.5362731
12968,3166.015625,0.7783467
12969,3166.259765625,1.0546649
12970,3166.50390625,1.3296897
12971,3166.748046875,1.6017905
12972,3166.9921875,1.8359356
12973,3167.236328125,2.0409532
12974,3167.48046875,2.2127383
12975,3167.724609375,2.378619
12976,3167.96875,2.5121672
12977,3168.212890625,2.6285088
12978,3168.45703125,2.7895536
12979,3168.701171875,2.9204588
12980,3168.9453125,3.0613172
12981,3169.189453125,3.1809764
12982,3169.43359375,3.3384788
12983,3169.677734375,3.3935287
12984,3169.921875,3.4897957
12985,3170.166015625,3.549007
12986,3170.41015625,3.51853
12987,3170.654296875,3.465448
12988,3170.8984375,3.4318218
12989,3171.142578125,3.4069679
12990,3171.38671875,3.348263
12991,3171.630859375,3.210104
12992,3171.875,3.1028717
12993,3172.119140625,2.9739907
12994,3172.36328125,2.7920842
12995,3172.607421875,2.6640468
12996,3172.8515625,2.4527314
12997,3173.095703125,2.2941604
12998,3173.33984375,2.0747476
12999,3173.583984375,1.8711361
13000,3173.828125,1.6359227
13001,3174.072265625,1.4131362
13002,3174.31640625,1.153125
13003,3174.560546875,0.8831609
13004,3174.8046875,0.6122409
13005,3175.048828125,0.33417964
13006,3175.29296875,0.051282488
13007,3175.537109375,-0.20477007
13008,3175.78125,-0.5259604
13009,3176.025390625,-0.80639464
13010,3176.26953125,-1.1252458
13011,3176.513671875,-1.4015414
13012,3176.7578125,-1.631323
13013,3177.001953125,-1.8731604
13014,3177.24609375,-2.0896266
13015,3177.490234375,-2.2871091
13016,3177.734375,-2.4432056
13017,3177.978515625,-2.6089292
13018,3178.22265625,-2.7944458
13019,3178.466796875,-2.864082
13020,3178.7109375,-3.0349336
13021,3178.955078125,-3.1960685
13022,3179.19921875,-3.30898
13023,3179.443359375,-3.429269
13024,3179.6875,-3.5601742
13025,3179.931640625,-3.6769545
13026,3180.17578125,-3.6882005
13027,3180.419921875,-3.6451054
13028,3180.6640625,-3.633949
13029,3180.908203125,-3.628551
13030,3181.15234375,-3.5403812
13031,3181.396484375,-3.446453
13032,3181.640625,-3.3821251
13033,3181.884765625,-3.295035
13034,3182.12890625,-3.118965
13035,3182.373046875,-2.9306593
13036,3182.6171875,-2.8160386
13037,3182.861328125,-2.5714118
13038,3183.10546875,-2.407218
13039,3183.349609375,-2.2296185
13040,3183.59375,-1.982743
13041,3183.837890625,-1.754221
13042,3184.08203125,-1.4879119
13043,3184.326171875,-1.2533619
13044,3184.5703125,-1.013144
13045,3184.814453125,-0.7315402
13046,3185.05859375,-0.47665727
13047,3185.302734375,-0.20620959
13048,3185.546875,0.05010164
13049,3185.791015625,0.35785282
13050,3186.03515625,0.6688091
13051,3186.279296875,0.9300574
13052,3186.5234375,1.2179592
13053,3186.767578125,1.4819065
13054,3187.01171875,1.7209437
13055,3187.255859375,1.9368699
13056,3187.5,2.1268175
13057,3187.744140625,2.319633
13058,3187.98828125,2.4855137
13059,3188.232421875,2.6083217
13060,3188.4765625,2.707007
13061,3188.720703125,2.890994
13062,3188.96484375,2.9971578
13063,3189.208984375,3.1126559
13064,3189.453125,3.30176
13065,3189.697265625,3.4144466
13066,3189.94140625,3.5124006
13067,3190.185546875,3.5291574
13068,3190.4296875,3.5683503
13069,3190.673828125,3.4957
13070,3190.91796875,3.4764693
13071,3191.162109375,3.4203508
13072,3191.40625,3.3303254
13073,3191.650390625,3.2698772
13074,3191.89453125,3.1650066
13075,3192.138671875,3.0382063
13076,3192.3828125,2.8386433
13077,3192.626953125,2.6849644
13078,3192.87109375,2.5253813
13079,3193.115234375,2.4066782
13080,3193.359375,2.1596563
13081,3193.603515625,1.9456418
13082,3193.84765625,1.6870364
13083,3194.091796875,1.452048
13084,3194.3359375,1.14947
13085,3194.580078125,0.90053624
13086,3194.82421875,0.6574505
13087,3195.068359375,0.37944543
13088,3195.3125,0.09486136
13089,3195.556640625,-0.18695615
13090,3195.80078125,-0.48025602
13091,3196.044921875,-0.7622197
13092,3196.2890625,-1.0704544
13093,3196.533203125,-1.388226
13094,3196.77734375,-1.6631721
13095,3197.021484375,-1.8530972
13096,3197.265625,-2.10834
13097,3197.509765625,-2.31356
13098,3197.75390625,-2.4704666
13099,3197.998046875,-2.5726717
13100,3198.2421875,-2.7720432
13101,3198.486328125,-2.9195032
13102,3198.73046875,-3.04537
13103,3198.974609375,-3.204526
13104,3199.21875,-3.3373206
13105,3199.462890625,-3.4603982
13106,3199.70703125,-3.5701609
13107,3199.951171875,-3.6531126
13108,3200.1953125,-3.7308462
13109,3200.439453125,-3.7159111
13110,3200.68359375,-3.6222532
13111,3200.927734375,-3.6416867
13112,3201.171875,-3.608038
13113,3201.416015625,-3.552167
13114,3201.66015625,-3.3950808
13115,3201.904296875,-3.3058312
13116,3202.1484375,-3.171327
13117,3202.392578125,-2.974924
13118,3202.63671875,-2.7972348
13119,3202.880859375,-2.6451867
13120,3203.125,-2.4886403
13121,3203.369140625,-2.257239
13122,3203.61328125,-2.0424824
13123,3203.857421875,-1.7678063
13124,3204.1015625,-1.540364
13125,3204.345703125,-1.2899795
13126,3204.58984375,-1.039775
13127,3204.833984375,-0.74098694
13128,3205.078125,-0.49276176
13129,3205.322265625,-0.22213416
13130,3205.56640625,0.018443702
13131,3205.810546875,0.3567282
13132,3206.0546875,0.6305722
13133,3206.298828125,0.9245468
13134,3206.54296875,1.2295989
13135,3206.787109375,1.5036116
13136,3207.03125,1.7378129
13137,3207.275390625,1.9501402
13138,3207.51953125,2.139863
13139,3207.763671875,2.322107
13140,3208.0078125,2.490912
13141,3208.251953125,2.6278338
13142,3208.49609375,2.7713351
13143,3208.740234375,2.9149482
13144,3208.984375,3.07082
13145,3209.228515625,3.1999261
13146,3209.47265625,3.291526
13147,3209.716796875,3.4408188
13148,3209.9609375,3.5652575
13149,3210.205078125,3.6033258
13150,3210.44921875,3.5684628
13151,3210.693359375,3.5529993
13152,3210.9375,3.526402
13153,3211.181640625,3.47034
13154,3211.42578125,3.4026945
13155,3211.669921875,3.3292568
13156,3211.9140625,3.2176387
13157,3212.158203125,3.084878
13158,3212.40234375,2.9152296
13159,3212.646484375,2.7353473
13160,3212.890625,2.5635622
13161,3213.134765625,2.3954883
13162,3213.37890625,2.2041347
13163,3213.623046875,2.006596
13164,3213.8671875,1.7275226
13165,3214.111328125,1.4919155
13166,3214.35546875,1.256196
13167,3214.599609375,0.9739737
13168,3214.84375,0.694113
13169,3215.087890625,0.4360136
13170,3215.33203125,0.1710541
13171,3215.576171875,-0.13126518
13172,3215.8203125,-0.38083994
13173,3216.064453125,-0.67845833
13174,3216.30859375,-0.9689691
13175,3216.552734375,-1.2963674
13176,3216.796875,-1.5587177
13177,3217.041015625,-1.8080226
13178,3217.28515625,-1.9937192
13179,3217.529296875,-2.246713
13180,3217.7734375,-2.442756
13181,3218.017578125,-2.5849075
13182,3218.26171875,-2.7162626
13183,3218.505859375,-2.9040284
13184,3218.75,-3.048879
13185,3218.994140625,-3.1261625
13186,3219.23828125,-3.2576976
13187,3219.482421875,-3.4257603
13188,3219.7265625,-3.5851858
13189,3219.970703125,-3.633769
13190,3220.21484375,-3.7280571
13191,3220.458984375,-3.760356
13192,3220.703125,-3.7240083
13193,3220.947265625,-3.6619296
13194,3221.19140625,-3.6200938
13195,3221.435546875,-3.5832064
13196,3221.6796875,-3.4252205
13197,3221.923828125,-3.3402894
13198,3222.16796875,-3.2400637
13199,3222.412109375,-3.072991
13200,3222.65625,-2.878477
13201,3222.900390625,-2.714643
13202,3223.14453125,-2.5698826
13203,3223.388671875,-2.3479283
13204,3223.6328125,-2.1222854
13205,3223.876953125,-1.8936733
13206,3224.12109375,-1.6832353
13207,3224.365234375,-1.3633945
13208,3224.609375,-1.1145394
13209,3224.853515625,-0.86586434
13210,3225.09765625,-0.597396
13211,3225.341796875,-0.32316965
13212,3225.5859375,-0.044174917
13213,3225.830078125,0.23352651
13214,3226.07421875,0.535036
13215,3226.318359375,0.859544
13216,3226.5625,1.1286646
13217,3226.806640625,1.3864266
13218,3227.05078125,1.5976857
13219,3227.294921875,1.8698428
13220,3227.5390625,2.0931914
13221,3227.783203125,2.247826
13222,3228.02734375,2.438842
13223,3228.271484375,2.593983
13224,3228.515625,2.7526665
13225,3228.759765625,2.8502269
13226,3229.00390625,2.972585
13227,3229.248046875,3.1254203
13228,3229.4921875,3.2490156
13229,3229.736328125,3.3510182
13230,3229.98046875,3.4864783
13231,3230.224609375,3.604844
13232,3230.46875,3.5789778
13233,3230.712890625,3.5348928
13234,3230.95703125,3.550469
13235,3231.201171875,3.4910328
13236,3231.4453125,3.408261
13237,3231.689453125,3.3410652
13238,3231.93359375,3.3429773
13239,3232.177734375,3.130425
13240,3232.421875,2.9778707
13241,3232.666015625,2.817163
13242,3232.91015625,2.642004
13243,3233.154296875,2.4376612
13244,3233.3984375,2.276954
13245,3233.642578125,2.0809894
13246,3233.88671875,1.8425709
13247,3234.130859375,1.599485
13248,3234.375,1.3325574
13249,3234.619140625,1.0721526
13250,3234.86328125,0.7903239
13251,3235.107421875,0.5262641
13252,3235.3515625,0.23093988
13253,3235.595703125,-0.06081923
13254,3235.83984375,-0.31471252
13255,3236.083984375,-0.5950568
13256,3236.328125,-0.940089
13257,3236.572265625,-1.1622232
13258,3236.81640625,-1.488002
13259,3237.060546875,-1.7235415
13260,3237.3046875,-1.9200343
13261,3237.548828125,-2.160792
13262,3237.79296875,-2.3757288
13263,3238.037109375,-2.5289464
13264,3238.28125,-2.69449
13265,3238.525390625,-2.8005638
13266,3238.76953125,-2.9746542
13267,3239.013671875,-3.1090684
13268,3239.2578125,-3.2074947
13269,3239.501953125,-3.3467672
13270,3239.74609375,-3.4701152
13271,3239.990234375,-3.613346
13272,3240.234375,-3.6732657
13273,3240.478515625,-3.7236483
13274,3240.72265625,-3.701426
13275,3240.966796875,-3.6455553
13276,3241.2109375,-3.6119967
13277,3241.455078125,-3.561344
13278,3241.69921875,-3.4884686
13279,3241.943359375,-3.3567538
13280,3242.1875,-3.2601266
13281,3242.431640625,-3.1037602
13282,3242.67578125,-2.919863
13283,3242.919921875,-2.744153
13284,3243.1640625,-2.594894
13285,3243.408203125,-2.404429
13286,3243.65234375,-2.1945307
13287,3243.896484375,-1.9344295
13288,3244.140625,-1.7223719
13289,3244.384765625,-1.4628105
13290,3244.62890625,-1.1799471
13291,3244.873046875,-0.9286629
13292,3245.1171875,-0.7060789
13293,3245.361328125,-0.40279245
13294,3245.60546875,-0.1332445
13295,3245.849609375,0.1330983
13296,3246.09375,0.43989354
13297,3246.337890625,0.7039534
13298,3246.58203125,1.0255935
13299,3246.826171875,1.3074785
13300,3247.0703125,1.5487087
13301,3247.314453125,1.7600802
13302,3247.55859375,2.0176737
13303,3247.802734375,2.2251651
13304,3248.046875,2.3485355
13305,3248.291015625,2.5204332
13306,3248.53515625,2.6999779
13307,3248.779296875,2.8021493
13308,3249.0234375,2.9216397
13309,3249.267578125,3.096349
13310,3249.51171875,3.2541327
13311,3249.755859375,3.357991
13312,3250.0,3.4727015
13313,3250.244140625,3.547826
13314,3250.48828125,3.5992773
13315,3250.732421875,3.5639641
13316,3250.9765625,3.533206
13317,3251.220703125,3.5125692
13318,3251.46484375,3.470565
13319,3251.708984375,3.334655
13320,3251.953125,3.276906
13321,3252.197265625,3.1751845
13322,3252.44140625,2.9939525
13323,3252.685546875,2.8022618
13324,3252.9296875,2.6833339
13325,3253.173828125,2.5353904
13326,3253.41796875,2.3381329
13327,3253.662109375,2.1154027
13328,3253.90625,1.8971709
13329,3254.150390625,1.6276006
13330,3254.39453125,1.3603355
13331,3254.638671875,1.14947
13332,3254.8828125,0.8655607
13333,3255.126953125,0.6300661
13334,3255.37109375,0.32327086
13335,3255.615234375,0.06770188
13336,3255.859375,-0.21628614
13337,3256.103515625,-0.50328815
13338,3256.34765625,-0.822949
13339,3256.591796875,-1.14252
13340,3256.8359375,-1.3948836
13341,3257.080078125,-1.6257449
13342,3257.32421875,-1.8814375
13343,3257.568359375,-2.1306524
13344,3257.8125,-2.2731638
13345,3258.056640625,-2.4914293
13346,3258.30078125,-2.649775
13347,3258.544921875,-2.8107302
13348,3258.7890625,-2.9270606
13349,3259.033203125,-3.063814
13350,3259.27734375,-3.2118132
13351,3259.521484375,-3.3182468
13352,3259.765625,-3.4633672
13353,3260.009765625,-3.6038094
13354,3260.25390625,-3.68982
13355,3260.498046875,-3.6773143
13356,3260.7421875,-3.6891003
13357,3260.986328125,-3.701606
13358,3261.23046875,-3.6503236
13359,3261.474609375,-3.578888
13360,3261.71875,-3.5096116
13361,3261.962890625,-3.414964
13362,3262.20703125,-3.2565281
13363,3262.451171875,-3.1312008
13364,3262.6953125,-2.9865303
13365,3262.939453125,-2.7787912
13366,3263.18359375,-2.612258
13367,3263.427734375,-2.4573307
13368,3263.671875,-2.2194521
13369,3263.916015625,-2.026558
13370,3264.16015625,-1.7856203
13371,3264.404296875,-1.5481914
13372,3264.6484375,-1.3076135
13373,3264.892578125,-1.0066662
13374,3265.13671875,-0.74845445
13375,3265.380859375,-0.50490755
13376,3265.625,-0.22096454
13377,3265.869140625,0.05206972
13378,3266.11328125,0.3570656
13379,3266.357421875,0.6311907
13380,3266.6015625,0.9312383
13381,3266.845703125,1.215991
13382,3267.08984375,1.5122712
13383,3267.333984375,1.7328645
13384,3267.578125,1.9114535
13385,3267.822265625,2.1014013
13386,3268.06640625,2.2998958
13387,3268.310546875,2.4440718
13388,3268.5546875,2.6226046
13389,3268.798828125,2.7751584
13390,3269.04296875,2.8934684
13391,3269.287109375,3.0078416
13392,3269.53125,3.115636
13393,3269.775390625,3.2778058
13394,3270.01953125,3.362883
13395,3270.263671875,3.5129068
13396,3270.5078125,3.5545738
13397,3270.751953125,3.547826
13398,3270.99609375,3.5278642
13399,3271.240234375,3.48153
13400,3271.484375,3.4512777
13401,3271.728515625,3.3584406
13402,3271.97265625,3.277131
13403,3272.216796875,3.1410525
13404,3272.4609375,3.0783553
13405,3272.705078125,2.8541067
13406,3272.94921875,2.7093122
13407,3273.193359375,2.585942
13408,3273.4375,2.3979623
13409,3273.681640625,2.1590376
13410,3273.92578125,1.9590249
13411,3274.169921875,1.7264543
13412,3274.4140625,1.476902
13413,3274.658203125,1.2156537
13414,3274.90234375,0.965033
13415,3275.146484375,0.70035464
13416,3275.390625,0.44630384
13417,3275.634765625,0.18342486
13418,3275.87890625,-0.08124226
13419,3276.123046875,-0.36824426
13420,3276.3671875,-0.69762176
13421,3276.611328125,-0.9960498
13422,3276.85546875,-1.3283964
13423,3277.099609375,-1.5149027
13424,3277.34375,-1.7592592
13425,3277.587890625,-1.9771649
13426,3277.83203125,-2.1764467
13427,3278.076171875,-2.3390212
13428,3278.3203125,-2.530476
13429,3278.564453125,-2.7051961
13430,3278.80859375,-2.8278244
13431,3279.052734375,-2.945954
13432,3279.296875,-3.0936835
13433,3279.541015625,-3.2368248
13434,3279.78515625,-3.3276038
13435,3280.029296875,-3.4565296
13436,3280.2734375,-3.6014702
13437,3280.517578125,-3.6670578
13438,3280.76171875,-3.648974
13439,3281.005859375,-3.6069582
13440,3281.25,-3.57331
13441,3281.494140625,-3.528685
13442,3281.73828125,-3.4604883
13443,3281.982421875,-3.409026
13444,3282.2265625,-3.285768
13445,3282.470703125,-3.1782548
13446,3282.71484375,-2.9994857
13447,3282.958984375,-2.817028
13448,3283.203125,-2.6427574
13449,3283.447265625,-2.462999
13450,3283.69140625,-2.3187783
13451,3283.935546875,-2.1131985
13452,3284.1796875,-1.8417611
13453,3284.423828125,-1.5811201
13454,3284.66796875,-1.3769798
13455,3284.912109375,-1.1077018
13456,3285.15625,-0.8533586
13457,3285.400390625,-0.6039638
13458,3285.64453125,-0.3567282
13459,3285.888671875,-0.06972619
13460,3286.1328125,0.21530774
13461,3286.376953125,0.5183355
13462,3286.62109375,0.8243435
13463,3286.865234375,1.0799688
13464,3287.109375,1.3228859
13465,3287.353515625,1.551745
13466,3287.59765625,1.7532201
13467,3287.841796875,2.0076644
13468,3288.0859375,2.1884465
13469,3288.330078125,2.3816555
13470,3288.57421875,2.5146413
13471,3288.818359375,2.6104586
13472,3289.0625,2.8029366
13473,3289.306640625,2.886777
13474,3289.55078125,3.0501835
13475,3289.794921875,3.1973395
13476,3290.0390625,3.3128376
13477,3290.283203125,3.4198446
13478,3290.52734375,3.496656
13479,3290.771484375,3.532025
13480,3291.015625,3.4649417
13481,3291.259765625,3.4302473
13482,3291.50390625,3.4222064
13483,3291.748046875,3.394541
13484,3291.9921875,3.2602053
13485,3292.236328125,3.1291878
13486,3292.48046875,3.0862837
13487,3292.724609375,2.8728316
13488,3292.96875,2.7325358
13489,3293.212890625,2.543319
13490,3293.45703125,2.428833
13491,3293.701171875,2.1911454
13492,3293.9453125,2.0166614
13493,3294.189453125,1.8023095
13494,3294.43359375,1.5275658
13495,3294.677734375,1.2739089
13496,3294.921875,1.0343655
13497,3295.166015625,0.76355803
13498,3295.41015625,0.5277823
13499,3295.654296875,0.22604781
13500,3295.8984375,-0.091948606
13501,3296.142578125,-0.30922443
13502,3296.38671875,-0.6099017
13503,3296.630859375,-0.93082213
13504,3296.875,-1.1956017
13505,3297.119140625,-1.4850329
13506,3297.36328125,-1.7328082
13507,3297.607421875,-1.9321802
13508,3297.8515625,-2.181845
13509,3298.095703125,-2.3419003
13510,3298.33984375,-2.4930487
13511,3298.583984375,-2.6683989
13512,3298.828125,-2.7805905
13513,3299.072265625,-2.89944
13514,3299.31640625,-3.0467196
13515,3299.560546875,-3.1714172
13516,3299.8046875,-3.30943
13517,3300.048828125,-3.4222515
13518,3300.29296875,-3.5418205
13519,3300.537109375,-3.6410568
13520,3300.78125,-3.6083078
13521,3301.025390625,-3.6016502
13522,3301.26953125,-3.5691712
13523,3301.513671875,-3.5473087
13524,3301.7578125,-3.5033135
13525,3302.001953125,-3.4069567
13526,3302.24609375,-3.320316
13527,3302.490234375,-3.1620603
13528,3302.734375,-2.999036
13529,3302.978515625,-2.8233259
13530,3303.22265625,-2.6982684
13531,3303.466796875,-2.5154512
13532,3303.7109375,-2.3360522
13533,3303.955078125,-2.1000628
13534,3304.19921875,-1.880358
13535,3304.443359375,-1.5946155
13536,3304.6875,-1.408649
13537,3304.931640625,-1.1659119
13538,3305.17578125,-0.8716224
13539,3305.419921875,-0.62150776
13540,3305.6640625,-0.38614812
13541,3305.908203125,-0.090329155
13542,3306.15234375,0.19916949
13543,3306.396484375,0.49381888
13544,3306.640625,0.76721305
13545,3306.884765625,1.0589384
13546,3307.12890625,1.3594358
13547,3307.373046875,1.6073011
13548,3307.6171875,1.8270512
13549,3307.861328125,2.0411217
13550,3308.10546875,2.2359614
13551,3308.349609375,2.4117389
13552,3308.59375,2.566205
13553,3308.837890625,2.6959295
13554,3309.08203125,2.8343134
13555,3309.326171875,2.955772
13556,3309.5703125,3.105852
13557,3309.814453125,3.2170763
13558,3310.05859375,3.3368483
13559,3310.302734375,3.4465544
13560,3310.546875,3.541697
13561,3310.791015625,3.549288
13562,3311.03515625,3.595566
13563,3311.279296875,3.528539
13564,3311.5234375,3.4247367
13565,3311.767578125,3.371936
13566,3312.01171875,3.3162675
13567,3312.255859375,3.1944156
13568,3312.5,3.0641289
13569,3312.744140625,2.9616761
13570,3312.98828125,2.7893848
13571,3313.232421875,2.612539
13572,3313.4765625,2.4191613
13573,3313.720703125,2.2531118
13574,3313.96484375,2.0490503
13575,3314.208984375,1.7659845
13576,3314.453125,1.5541067
13577,3314.697265625,1.3278903
13578,3314.94140625,1.0515159
13579,3315.185546875,0.77750325
13580,3315.4296875,0.51692975
13581,3315.673828125,0.25793067
13582,3315.91796875,-0.05119252
13583,3316.162109375,-0.31417274
13584,3316.40625,-0.61062145
13585,3316.650390625,-0.90095234
13586,3316.89453125,-1.197581
13587,3317.138671875,-1.4573224
13588,3317.3828125,-1.7163439
13589,3317.626953125,-1.9673584
13590,3317.87109375,-2.1998386
13591,3318.115234375,-2.3618734
13592,3318.359375,-2.568533
13593,3318.603515625,-2.6876523
13594,3318.84765625,-2.8399704
13595,3319.091796875,-2.9892292
13596,3319.3359375,-3.1001613
13597,3319.580078125,-3.201107
13598,3319.82421875,-3.3467672
13599,3320.068359375,-3.4471729
13600,3320.3125,-3.5671918
13601,3320.556640625,-3.6736257
13602,3320.80078125,-3.7255378
13603,3321.044921875,-3.6714664
13604,3321.2890625,-3.6513133
13605,3321.533203125,-3.6250422
13606,3321.77734375,-3.6144257
13607,3322.021484375,-3.4313383
13608,3322.265625,-3.3489263
13609,3322.509765625,-3.2867577
13610,3322.75390625,-3.1020508
13611,3322.998046875,-2.9428952
13612,3323.2421875,-2.7262492
13613,3323.486328125,-2.5962436
13614,3323.73046875,-2.389404
13615,3323.974609375,-2.1777964
13616,3324.21875,-1.9755455
13617,3324.462890625,-1.6988899
13618,3324.70703125,-1.458132
13619,3324.951171875,-1.1923628
13620,3325.1953125,-0.98210466
13621,3325.439453125,-0.71147704
13622,3325.68359375,-0.41034988
13623,3325.927734375,-0.16707295
13624,3326.171875,0.10908775
13625,3326.416015625,0.40666112
13626,3326.66015625,0.72577095
13627,3326.904296875,1.0479734
13628,3327.1484375,1.2708724
13629,3327.392578125,1.5121024
13630,3327.63671875,1.7831349
13631,3327.880859375,1.9794365
13632,3328.125,2.1872094
13633,3328.369140625,2.3808682
13634,3328.61328125,2.5509665
13635,3328.857421875,2.6581986
13636,3329.1015625,2.790847
13637,3329.345703125,2.9662309
13638,3329.58984375,3.0490026
13639,3329.833984375,3.1812575
13640,3330.078125,3.350737
13641,3330.322265625,3.511276
13642,3330.56640625,3.560253
13643,3330.810546875,3.6034384
13644,3331.0546875,3.5883684
13645,3331.298828125,3.5564294
13646,3331.54296875,3.4960935
13647,3331.787109375,3.4339023
13648,3332.03125,3.4173706
13649,3332.275390625,3.3144119
13650,3332.51953125,3.161408
13651,3332.763671875,3.0367444
13652,3333.0078125,2.851745
13653,3333.251953125,2.6530252
13654,3333.49609375,2.4973223
13655,3333.740234375,2.3299794
13656,3333.984375,2.1525712
13657,3334.228515625,1.9077424
13658,3334.47265625,1.6536354
13659,3334.716796875,1.4149356
13660,3334.9609375,1.1625718
13661,3335.205078125,0.86668533
13662,3335.44921875,0.61673945
13663,3335.693359375,0.3707859
13664,3335.9375,0.09907867
13665,3336.181640625,-0.19865216
13666,3336.42578125,-0.49941945
13667,3336.669921875,-0.78912055
13668,3336.9140625,-1.0879085
13669,3337.158203125,-1.3476498
13670,3337.40234375,-1.6329423
13671,3337.646484375,-1.8282658
13672,3337.890625,-2.061376
13673,3338.134765625,-2.2659662
13674,3338.37890625,-2.4764943
13675,3338.623046875,-2.6226945
13676,3338.8671875,-2.7590878
13677,3339.111328125,-2.9135652
13678,3339.35546875,-3.013701
13679,3339.599609375,-3.1202245
13680,3339.84375,-3.2765913
13681,3340.087890625,-3.4245007
13682,3340.33203125,-3.5402012
13683,3340.576171875,-3.663729
13684,3340.8203125,-3.6895502
13685,3341.064453125,-3.6774042
13686,3341.30859375,-3.6100173
13687,3341.552734375,-3.6123564
13688,3341.796875,-3.5988612
13689,3342.041015625,-3.5005245
13690,3342.28515625,-3.4252205
13691,3342.529296875,-3.3038518
13692,3342.7734375,-3.1797843
13693,3343.017578125,-3.0014653
13694,3343.26171875,-2.779241
13695,3343.505859375,-2.6555333
13696,3343.75,-2.4613795
13697,3343.994140625,-2.2556198
13698,3344.23828125,-2.0477006
13699,3344.482421875,-1.8186389
13700,3344.7265625,-1.5739226
13701,3344.970703125,-1.308783
13702,3345.21484375,-1.0577688
13703,3345.458984375,-0.82654774
13704,3345.703125,-0.49986932
13705,3345.947265625,-0.2483152
13706,3346.19140625,-0.013495391
13707,3346.435546875,0.29161292
13708,3346.6796875,0.61881995
13709,3346.923828125,0.91622466
13710,3347.16796875,1.2260001
13711,3347.412109375,1.4542972
13712,3347.65625,1.6812447
13713,3347.900390625,1.9324838
13714,3348.14453125,2.0760972
13715,3348.388671875,2.2959034
13716,3348.6328125,2.4613907
13717,3348.876953125,2.600787
13718,3349.12109375,2.7310736
13719,3349.365234375,2.8663087
13720,3349.609375,3.0628915
13721,3349.853515625,3.1849124
13722,3350.09765625,3.3088453
13723,3350.341796875,3.3837445
13724,3350.5859375,3.5366924
13725,3350.830078125,3.5729613
13726,3351.07421875,3.5504127
13727,3351.318359375,3.570712
13728,3351.5625,3.5220723
13729,3351.806640625,3.4472854
13730,3352.05078125,3.4071367
13731,3352.294921875,3.285172
13732,3352.5390625,3.1804702
13733,3352.783203125,3.0676713
13734,3353.02734375,2.8836842
13735,3353.271484375,2.7112243
13736,3353.515625,2.543544
13737,3353.759765625,2.3772695
13738,3354.00390625,2.1804616
13739,3354.248046875,1.9464853
13740,3354.4921875,1.6945714
13741,3354.736328125,1.4878107
13742,3354.98046875,1.2318481
13743,3355.224609375,0.97071224
13744,3355.46875,0.72582716
13745,3355.712890625,0.42026898
13746,3355.95703125,0.149349
13747,3356.201171875,-0.119569175
13748,3356.4453125,-0.44543788
13749,3356.689453125,-0.746925
13750,3356.93359375,-1.0500314
13751,3357.177734375,-1.3160706
13752,3357.421875,-1.6141388
13753,3357.666015625,-1.8081126
13754,3357.91015625,-2.0235891
13755,3358.154296875,-2.252111
13756,3358.3984375,-2.4342988
13757,3358.642578125,-2.5707822
13758,3358.88671875,-2.7025871
13759,3359.130859375,-2.848967
13760,3359.375,-3.0082128
13761,3359.619140625,-3.1113176
13762,3359.86328125,-3.2486107
13763,3360.107421875,-3.4099257
13764,3360.3515625,-3.528595
13765,3360.595703125,-3.6261218
13766,3360.83984375,-3.6624694
13767,3361.083984375,-3.7270672
13768,3361.328125,-3.6967475
13769,3361.572265625,-3.6096575
13770,3361.81640625,-3.6088476
13771,3362.060546875,-3.5221174
13772,3362.3046875,-3.414964
13773,3362.548828125,-3.3025923
13774,3362.79296875,-3.206865
13775,3363.037109375,-3.0589554
13776,3363.28125,-2.8244057
13777,3363.525390625,-2.6685786
13778,3363.76953125,-2.492509
13779,3364.013671875,-2.3118505
13780,3364.2578125,-2.0739717
13781,3364.501953125,-1.8701015
13782,3364.74609375,-1.6358213
13783,3364.990234375,-1.3590759
13784,3365.234375,-1.1093212
13785,3365.478515625,-0.8545282
13786,3365.72265625,-0.5920878
13787,3365.966796875,-0.32047057
13788,3366.2109375,0.015407239
13789,3366.455078125,0.2873394
13790,3366.69921875,0.5342488
13791,3366.943359375,0.85532665
13792,3367.1875,1.1543621
13793,3367.431640625,1.423314
13794,3367.67578125,1.6325488
13795,3367.919921875,1.8895798
13796,3368.1640625,2.0917294
13797,3368.408203125,2.261659
13798,3368.65234375,2.4235475
13799,3368.896484375,2.6336818
13800,3369.140625,2.7505295
13801,3369.384765625,2.8628225
13802,3369.62890625,2.9778707
13803,3369.873046875,3.1434143
13804,3370.1171875,3.3028846
13805,3370.361328125,3.3839695
13806,3370.60546875,3.5556421
13807,3370.849609375,3.6004581
13808,3371.09375,3.5878623
13809,3371.337890625,3.5301695
13810,3371.58203125,3.5566542
13811,3371.826171875,3.5265708
13812,3372.0703125,3.4023569
13813,3372.314453125,3.3279076
13814,3372.55859375,3.2334397
13815,3372.802734375,3.1205282
13816,3373.046875,2.9313116
13817,3373.291015625,2.782581
13818,3373.53515625,2.5915089
13819,3373.779296875,2.4146628
13820,3374.0234375,2.2518187
13821,3374.267578125,2.0399408
13822,3374.51171875,1.803153
13823,3374.755859375,1.5705262
13824,3375.0,1.2371339
13825,3375.244140625,1.0573077
13826,3375.48828125,0.76423275
13827,3375.732421875,0.44225523
13828,3375.9765625,0.22362989
13829,3376.220703125,-0.05569098
13830,3376.46484375,-0.37499195
13831,3376.708984375,-0.6662225
13832,3376.953125,-0.9772463
13833,3377.197265625,-1.2627188
13834,3377.44140625,-1.52282
13835,3377.685546875,-1.7590793
13836,3377.9296875,-1.9858018
13837,3378.173828125,-2.2086558
13838,3378.41796875,-2.3910234
13839,3378.662109375,-2.5579166
13840,3378.90625,-2.7201312
13841,3379.150390625,-2.828994
13842,3379.39453125,-2.972855
13843,3379.638671875,-3.1159062
13844,3379.8828125,-3.253919
13845,3380.126953125,-3.3575635
13846,3380.37109375,-3.490358
13847,3380.615234375,-3.6150556
13848,3380.859375,-3.7000766
13849,3381.103515625,-3.6856816
13850,3381.34765625,-3.683792
13851,3381.591796875,-3.675335
13852,3381.8359375,-3.5950823
13853,3382.080078125,-3.5868053
13854,3382.32421875,-3.5124006
13855,3382.568359375,-3.3636813
13856,3382.8125,-3.2544587
13857,3383.056640625,-3.101781
13858,3383.30078125,-2.9034886
13859,3383.544921875,-2.7239099
13860,3383.7890625,-2.5795991
13861,3384.033203125,-2.4068582
13862,3384.27734375,-2.1621416
13863,3384.521484375,-1.9243529
13864,3384.765625,-1.6949313
13865,3385.009765625,-1.4803545
13866,3385.25390625,-1.1987506
13867,3385.498046875,-0.9448574
13868,3385.7421875,-0.68529594
13869,3385.986328125,-0.42177597
13870,3386.23046875,-0.111651875
13871,3386.474609375,0.19230933
13872,3386.71875,0.44647256
13873,3386.962890625,0.73493654
13874,3387.20703125,1.0416756
13875,3387.451171875,1.3285651
13876,3387.6953125,1.5840216
13877,3387.939453125,1.8005102
13878,3388.18359375,2.0442705
13879,3388.427734375,2.2557547
13880,3388.671875,2.388628
13881,3388.916015625,2.5494483
13882,3389.16015625,2.7063322
13883,3389.404296875,2.8514078
13884,3389.6484375,3.000363
13885,3389.892578125,3.089264
13886,3390.13671875,3.2337768
13887,3390.380859375,3.3289196
13888,3390.625,3.4608371
13889,3390.869140625,3.5618274
13890,3391.11328125,3.5857818
13891,3391.357421875,3.5527182
13892,3391.6015625,3.525671
13893,3391.845703125,3.544396
13894,3392.08984375,3.4608371
13895,3392.333984375,3.3524804
13896,3392.578125,3.2744317
13897,3392.822265625,3.1554475
13898,3393.06640625,3.0197065
13899,3393.310546875,2.8199747
13900,3393.5546875,2.6441972
13901,3393.798828125,2.5233572
13902,3394.04296875,2.294329
13903,3394.287109375,2.102132
13904,3394.53125,1.8639386
13905,3394.775390625,1.6265883
13906,3395.01953125,1.3350316
13907,3395.263671875,1.1078591
13908,3395.5078125,0.852965
13909,3395.751953125,0.5478005
13910,3395.99609375,0.3058393
13911,3396.240234375,0.046165485
13912,3396.484375,-0.23410006
13913,3396.728515625,-0.5572697
13914,3396.97265625,-0.831676
13915,3397.216796875,-1.1676213
13916,3397.4609375,-1.4037007
13917,3397.705078125,-1.6465278
13918,3397.94921875,-1.9024904
13919,3398.193359375,-2.1008725
13920,3398.4375,-2.3359625
13921,3398.681640625,-2.501326
13922,3398.92578125,-2.6481557
13923,3399.169921875,-2.808571
13924,3399.4140625,-2.9259808
13925,3399.658203125,-3.0244071
13926,3399.90234375,-3.1808639
13927,3400.146484375,-3.3317423
13928,3400.390625,-3.435387
13929,3400.634765625,-3.5671918
13930,3400.87890625,-3.666518
13931,3401.123046875,-3.6769545
13932,3401.3671875,-3.6875708
13933,3401.611328125,-3.6911695
13934,3401.85546875,-3.6415064
13935,3402.099609375,-3.5733998
13936,3402.34375,-3.5234668
13937,3402.587890625,-3.4076765
13938,3402.83203125,-3.268494
13939,3403.076171875,-3.1432567
13940,3403.3203125,-2.978073
13941,3403.564453125,-2.81208
13942,3403.80859375,-2.6194556
13943,3404.052734375,-2.4773939
13944,3404.296875,-2.2391555
13945,3404.541015625,-2.0139623
13946,3404.78515625,-1.7563802
13947,3405.029296875,-1.5631262
13948,3405.2734375,-1.2809826
13949,3405.517578125,-0.9995587
13950,3405.76171875,-0.71687526
13951,3406.005859375,-0.48502436
13952,3406.25,-0.19892208
13953,3406.494140625,0.07169427
13954,3406.73828125,0.36392573
13955,3406.982421875,0.6778061
13956,3407.2265625,1.0129979
13957,3407.470703125,1.2943767
13958,3407.71484375,1.5232923
13959,3407.958984375,1.7717199
13960,3408.203125,1.9411995
13961,3408.447265625,2.2020543
13962,3408.69140625,2.3548334
13963,3408.935546875,2.5221763
13964,3409.1796875,2.7099872
13965,3409.423828125,2.8700762
13966,3409.66796875,2.9711792
13967,3409.912109375,3.0736315
13968,3410.15625,3.2153895
13969,3410.400390625,3.3428648
13970,3410.64453125,3.4242308
13971,3410.888671875,3.546364
13972,3411.1328125,3.6023138
13973,3411.376953125,3.5933168
13974,3411.62109375,3.576335
13975,3411.865234375,3.4901333
13976,3412.109375,3.483273
13977,3412.353515625,3.3833508
13978,3412.59765625,3.2453043
13979,3412.841796875,3.1848564
13980,3413.0859375,3.0488338
13981,3413.330078125,2.8832905
13982,3413.57421875,2.656343
13983,3413.818359375,2.4837706
13984,3414.0625,2.2996147
13985,3414.306640625,2.1440804
13986,3414.55078125,1.89644
13987,3414.794921875,1.6773648
13988,3415.0390625,1.4305115
13989,3415.283203125,1.1461524
13990,3415.52734375,0.8810804
13991,3415.771484375,0.66149914
13992,3416.015625,0.3446386
13993,3416.259765625,0.06483411
13994,3416.50390625,-0.15078852
13995,3416.748046875,-0.47224873
13996,3416.9921875,-0.7695972
13997,3417.236328125,-1.0727037
13998,3417.48046875,-1.3428814
13999,3417.724609375,-1.55206
14000,3417.96875,-1.8282658
14001,3418.212890625,-2.009014
14002,3418.45703125,-2.2337573
14003,3418.701171875,-2.416575
14004,3418.9453125,-2.5765402
14005,3419.189453125,-2.7403743
14006,3419.43359375,-2.848967
14007,3419.677734375,-2.949013
14008,3419.921875,-3.1082587
14009,3420.166015625,-3.2662446
14010,3420.41015625,-3.3661106
14011,3420.654296875,-3.463907
14012,3420.8984375,-3.6463647
14013,3421.142578125,-3.683702
14014,3421.38671875,-3.6542823
14015,3421.630859375,-3.6214433
14016,3421.875,-3.649064
14017,3422.119140625,-3.5590947
14018,3422.36328125,-3.5062826
14019,3422.607421875,-3.452481
14020,3422.8515625,-3.335881
14021,3423.095703125,-3.2005672
14022,3423.33984375,-2.9992158
14023,3423.583984375,-2.8460882
14024,3423.828125,-2.6688488
14025,3424.072265625,-2.5236382
14026,3424.31640625,-2.3627732
14027,3424.560546875,-2.1206658
14028,3424.8046875,-1.8666825
14029,3425.048828125,-1.6258348
14030,3425.29296875,-1.3786892
14031,3425.537109375,-1.127855
14032,3425.78125,-0.8636151
14033,3426.025390625,-0.6139504
14034,3426.26953125,-0.31651193
14035,3426.513671875,-0.06423807
14036,3426.7578125,0.22003111
14037,3427.001953125,0.5341926
14038,3427.24609375,0.8349149
14039,3427.490234375,1.1059473
14040,3427.734375,1.3473461
14041,3427.978515625,1.6361476
14042,3428.22265625,1.8404341
14043,3428.466796875,2.0371857
14044,3428.7109375,2.2440588
14045,3428.955078125,2.4054973
14046,3429.19921875,2.5601883
14047,3429.443359375,2.7087502
14048,3429.6875,2.8340883
14049,3429.931640625,2.9917595
14050,3430.17578125,3.0803232
14051,3430.419921875,3.2291098
14052,3430.6640625,3.3880744
14053,3430.908203125,3.4908643
14054,3431.15234375,3.5154934
14055,3431.396484375,3.5183048
14056,3431.640625,3.509814
14057,3431.884765625,3.452515
14058,3432.12890625,3.443799
14059,3432.373046875,3.3832386
14060,3432.6171875,3.2702146
14061,3432.861328125,3.1453822
14062,3433.10546875,3.0585618
14063,3433.349609375,2.8750808
14064,3433.59375,2.692218
14065,3433.837890625,2.5534406
14066,3434.08203125,2.4215794
14067,3434.326171875,2.211276
14068,3434.5703125,2.0142996
14069,3434.814453125,1.7471471
14070,3435.05859375,1.5259914
14071,3435.302734375,1.2533283
14072,3435.546875,0.9893246
14073,3435.791015625,0.76693183
14074,3436.03515625,0.5260391
14075,3436.279296875,0.22824082
14076,3436.5234375,-0.060099475
14077,3436.767578125,-0.33423588
14078,3437.01171875,-0.59298754
14079,3437.255859375,-0.91318816
14080,3437.5,-1.183096
14081,3437.744140625,-1.4257432
14082,3437.98828125,-1.654535
14083,3438.232421875,-1.897542
14084,3438.4765625,-2.1647508
14085,3438.720703125,-2.272804
14086,3438.96484375,-2.4356482
14087,3439.208984375,-2.650315
14088,3439.453125,-2.7554889
14089,3439.697265625,-2.905288
14090,3439.94140625,-3.0183792
14091,3440.185546875,-3.1962485
14092,3440.4296875,-3.312579
14093,3440.673828125,-3.3979597
14094,3440.91796875,-3.5509975
14095,3441.162109375,-3.626212
14096,3441.40625,-3.6260319
14097,3441.650390625,-3.5976915
14098,3441.89453125,-3.5915735
14099,3442.138671875,-3.5568454
14100,3442.3828125,-3.467506
14101,3442.626953125,-3.434757
14102,3442.87109375,-3.3276937
14103,3443.115234375,-3.2164917
14104,3443.359375,-3.0699317
14105,3443.603515625,-2.8706498
14106,3443.84765625,-2.7250795
14107,3444.091796875,-2.5577366
14108,3444.3359375,-2.3781579
14109,3444.580078125,-2.1364105
14110,3444.82421875,-1.9191346
14111,3445.068359375,-1.6453582
14112,3445.3125,-1.4214246
14113,3445.556640625,-1.212606
14114,3445.80078125,-0.91237843
14115,3446.044921875,-0.64166087
14116,3446.2890625,-0.39208612
14117,3446.533203125,-0.13783294
14118,3446.77734375,0.15525325
14119,3447.021484375,0.4706518
14120,3447.265625,0.77047443
14121,3447.509765625,1.0591071
14122,3447.75390625,1.3390241
14123,3447.998046875,1.5965611
14124,3448.2421875,1.8414463
14125,3448.486328125,1.9888835
14126,3448.73046875,2.1940696
14127,3448.974609375,2.395882
14128,3449.21875,2.5093555
14129,3449.462890625,2.634863
14130,3449.70703125,2.8012497
14131,3449.951171875,2.9541974
14132,3450.1953125,3.0601363
14133,3450.439453125,3.1664686
14134,3450.68359375,3.3140748
14135,3450.927734375,3.4445302
14136,3451.171875,3.5072834
14137,3451.416015625,3.5358489
14138,3451.66015625,3.4746697
14139,3451.904296875,3.4389632
14140,3452.1484375,3.4114664
14141,3452.392578125,3.3674376
14142,3452.63671875,3.3068771
14143,3452.880859375,3.1830006
14144,3453.125,3.0738566
14145,3453.369140625,2.9218085
14146,3453.61328125,2.7527225
14147,3453.857421875,2.566936
14148,3454.1015625,2.4196115
14149,3454.345703125,2.2727365
14150,3454.58984375,2.0226219
14151,3454.833984375,1.8097882
14152,3455.078125,1.597011
14153,3455.322265625,1.2888099
14154,3455.56640625,1.0296984
14155,3455.810546875,0.78599405
14156,3456.0546875,0.555504
14157,3456.298828125,0.28812662
14158,3456.54296875,-0.03499805
14159,3456.787109375,-0.28682205
14160,3457.03125,-0.60783243
14161,3457.275390625,-0.8694631
14162,3457.51953125,-1.1894838
14163,3457.763671875,-1.4691083
14164,3458.0078125,-1.6842248
14165,3458.251953125,-1.8995215
14166,3458.49609375,-2.1728482
14167,3458.740234375,-2.3235464
14168,3458.984375,-2.5084333
14169,3459.228515625,-2.6557133
14170,3459.47265625,-2.773663
14171,3459.716796875,-2.9277802
14172,3459.9609375,-3.031155
14173,3460.205078125,-3.2154121
14174,3460.44921875,-3.3343515
14175,3460.693359375,-3.4312482
14176,3460.9375,-3.5599046
14177,3461.181640625,-3.6636388
14178,3461.42578125,-3.7115927
14179,3461.669921875,-3.6765947
14180,3461.9140625,-3.628641
14181,3462.158203125,-3.5823066
14182,3462.40234375,-3.5365124
14183,3462.646484375,-3.4218917
14184,3462.890625,-3.3357909
14185,3463.134765625,-3.271193
14186,3463.37890625,-3.0840569
14187,3463.623046875,-2.8985403
14188,3463.8671875,-2.75252
14189,3464.111328125,-2.562055
14190,3464.35546875,-2.4002004
14191,3464.599609375,-2.190662
14192,3464.84375,-1.9579114
14193,3465.087890625,-1.7257907
14194,3465.33203125,-1.4413978
14195,3465.576171875,-1.2101767
14196,3465.8203125,-0.9520549
14197,3466.064453125,-0.6805276
14198,3466.30859375,-0.3915463
14199,3466.552734375,-0.12694664
14200,3466.796875,0.1509797
14201,3467.041015625,0.4347765
14202,3467.28515625,0.74174047
14203,3467.529296875,1.0423503
14204,3467.7734375,1.3360437
14205,3468.017578125,1.5645657
14206,3468.26171875,1.7969114
14207,3468.505859375,2.0144684
14208,3468.75,2.1727018
14209,3468.994140625,2.4030232
14210,3469.23828125,2.5484362
14211,3469.482421875,2.726294
14212,3469.7265625,2.8251476
14213,3469.970703125,2.9512734
14214,3470.21484375,3.0996103
14215,3470.458984375,3.1732728
14216,3470.703125,3.368281
14217,3470.947265625,3.4714084
14218,3471.19140625,3.5753229
14219,3471.435546875,3.5332623
14220,3471.6796875,3.5801587
14221,3471.923828125,3.5235343
14222,3472.16796875,3.4554389
14223,3472.412109375,3.4052248
14224,3472.65625,3.3878496
14225,3472.900390625,3.2982738
14226,3473.14453125,3.11125
14227,3473.388671875,2.9958646
14228,3473.6328125,2.856131
14229,3473.876953125,2.6298583
14230,3474.12109375,2.459985
14231,3474.365234375,2.2910116
14232,3474.609375,2.0899863
14233,3474.853515625,1.8604523
14234,3475.09765625,1.6404212
14235,3475.341796875,1.3810284
14236,3475.5859375,1.1306326
14237,3475.830078125,0.8201262
14238,3476.07421875,0.6409187
14239,3476.318359375,0.33946535
14240,3476.5625,0.08777627
14241,3476.806640625,-0.19991173
14242,3477.05078125,-0.4872736
14243,3477.294921875,-0.80954355
14244,3477.5390625,-1.1044629
14245,3477.783203125,-1.3552072
14246,3478.02734375,-1.6530055
14247,3478.271484375,-1.8651532
14248,3478.515625,-2.0684836
14249,3478.759765625,-2.2508514
14250,3479.00390625,-2.4645286
14251,3479.248046875,-2.604251
14252,3479.4921875,-2.7513506
14253,3479.736328125,-2.9112258
14254,3479.98046875,-3.019369
14255,3480.224609375,-3.1199546
14256,3480.46875,-3.267954
14257,3480.712890625,-3.4168534
14258,3480.95703125,-3.5723202
14259,3481.201171875,-3.649064
14260,3481.4453125,-3.7023258
14261,3481.689453125,-3.6786637
14262,3481.93359375,-3.63134
14263,3482.177734375,-3.6277413
14264,3482.421875,-3.566472
14265,3482.666015625,-3.5151896
14266,3482.91015625,-3.3983195
14267,3483.154296875,-3.2905364
14268,3483.3984375,-3.168988
14269,3483.642578125,-2.9831114
14270,3483.88671875,-2.8134294
14271,3484.130859375,-2.6199052
14272,3484.375,-2.462549
14273,3484.619140625,-2.2536404
14274,3484.86328125,-2.0455415
14275,3485.107421875,-1.7905686
14276,3485.3515625,-1.5371251
14277,3485.595703125,-1.2646081
14278,3485.83984375,-1.0558794
14279,3486.083984375,-0.80342567
14280,3486.328125,-0.48952287
14281,3486.572265625,-0.23607938
14282,3486.81640625,0.08412128
14283,3487.060546875,0.33997142
14284,3487.3046875,0.64356154
14285,3487.548828125,0.9427093
14286,3487.79296875,1.2265625
14287,3488.037109375,1.4913533
14288,3488.28125,1.7021625
14289,3488.525390625,1.9673469
14290,3488.76953125,2.1593752
14291,3489.013671875,2.3149657
14292,3489.2578125,2.4815776
14293,3489.501953125,2.6580298
14294,3489.74609375,2.7767332
14295,3489.990234375,2.8830655
14296,3490.234375,3.0288157
14297,3490.478515625,3.1977332
14298,3490.72265625,3.2941127
14299,3490.966796875,3.3925729
14300,3491.2109375,3.5579476
14301,3491.455078125,3.576279
14302,3491.69921875,3.5229156
14303,3491.943359375,3.517068
14304,3492.1875,3.5409098
14305,3492.431640625,3.4076989
14306,3492.67578125,3.3412905
14307,3492.919921875,3.2828104
14308,3493.1640625,3.1788394
14309,3493.408203125,2.9806821
14310,3493.65234375,2.8354943
14311,3493.896484375,2.6906438
14312,3494.140625,2.5066004
14313,3494.384765625,2.358882
14314,3494.62890625,2.1570697
14315,3494.873046875,1.931528
14316,3495.1171875,1.6739908
14317,3495.361328125,1.4414766
14318,3495.60546875,1.1554304
14319,3495.849609375,0.9133569
14320,3496.09375,0.6576754
14321,3496.337890625,0.3923223
14322,3496.58203125,0.14378215
14323,3496.826171875,-0.08448115
14324,3497.0703125,-0.44993636
14325,3497.314453125,-0.7201141
14326,3497.55859375,-1.0115246
14327,3497.802734375,-1.300236
14328,3498.046875,-1.5599773
14329,3498.291015625,-1.8011849
14330,3498.53515625,-2.009014
14331,3498.779296875,-2.2096455
14332,3499.0234375,-2.4209833
14333,3499.267578125,-2.585987
14334,3499.51171875,-2.6990783
14335,3499.755859375,-2.8535557
14336,3500.0,-3.0334044
14337,3500.244140625,-3.1302114
14338,3500.48828125,-3.25041
14339,3500.732421875,-3.376727
14340,3500.9765625,-3.537502
14341,3501.220703125,-3.6294506
14342,3501.46484375,-3.6885605
14343,3501.708984375,-3.7208593
14344,3501.953125,-3.6627393
14345,3502.197265625,-3.60246
14346,3502.44140625,-3.57349
14347,3502.685546875,-3.558735
14348,3502.9296875,-3.423781
14349,3503.173828125,-3.320496
14350,3503.41796875,-3.2287273
14351,3503.662109375,-3.0504084
14352,3503.90625,-2.8325028
14353,3504.150390625,-2.6642604
14354,3504.39453125,-2.5378535
14355,3504.638671875,-2.3099613
14356,3504.8828125,-2.0847683
14357,3505.126953125,-1.8136908
14358,3505.37109375,-1.5888574
14359,3505.615234375,-1.3344244
14360,3505.859375,-1.0740533
14361,3506.103515625,-0.8064846
14362,3506.34765625,-0.5813815
14363,3506.591796875,-0.29608887
14364,3506.8359375,0.028565247
14365,3507.080078125,0.27266315
14366,3507.32421875,0.5758596
14367,3507.568359375,0.8694968
14368,3507.8125,1.1714562
14369,3508.056640625,1.4590206
14370,3508.30078125,1.6666247
14371,3508.544921875,1.8962712
14372,3508.7890625,2.1562262
14373,3509.033203125,2.2916863
14374,3509.27734375,2.43783
14375,3509.521484375,2.6174874
14376,3509.765625,2.7696478
14377,3510.009765625,2.8828406
14378,3510.25390625,2.9908037
14379,3510.498046875,3.1335738
14380,3510.7421875,3.2521646
14381,3510.986328125,3.3556292
14382,3511.23046875,3.5053155
14383,3511.474609375,3.5284827
14384,3511.71875,3.541753
14385,3511.962890625,3.5169554
14386,3512.20703125,3.505878
14387,3512.451171875,3.4444737
14388,3512.6953125,3.3854878
14389,3512.939453125,3.2689776
14390,3513.18359375,3.1775463
14391,3513.427734375,3.1078763
14392,3513.671875,2.8886886
14393,3513.916015625,2.7156665
14394,3514.16015625,2.5739648
14395,3514.404296875,2.40904
14396,3514.6484375,2.1779313
14397,3514.892578125,2.0243087
14398,3515.13671875,1.7972488
14399,3515.380859375,1.5183439
14400,3515.625,1.2403389
14401,3515.869140625,1.0204203
14402,3516.11328125,0.74039096
14403,3516.357421875,0.44889048
14404,3516.6015625,0.20237464
14405,3516.845703125,-0.027170721
14406,3517.08984375,-0.3607768
14407,3517.333984375,-0.6521873
14408,3517.578125,-0.94368774
14409,3517.822265625,-1.2229524
14410,3518.06640625,-1.4944797
14411,3518.310546875,-1.7224619
14412,3518.5546875,-1.9831927
14413,3518.798828125,-2.1653807
14414,3519.04296875,-2.3907537
14415,3519.287109375,-2.5729413
14416,3519.53125,-2.7156327
14417,3519.775390625,-2.8283641
14418,3520.01953125,-2.960349
14419,3520.263671875,-3.130481
14420,3520.5078125,-3.2430325
14421,3520.751953125,-3.3661106
14422,3520.99609375,-3.4915278
14423,3521.240234375,-3.640157
14424,3521.484375,-3.6887403
14425,3521.728515625,-3.7116826
14426,3521.97265625,-3.7009761
14427,3522.216796875,-3.6501436
14428,3522.4609375,-3.6472645
14429,3522.705078125,-3.584556
14430,3522.94921875,-3.523017
14431,3523.193359375,-3.3407393
14432,3523.4375,-3.2486107
14433,3523.681640625,-3.116086
14434,3523.92578125,-2.8740685
14435,3524.169921875,-2.7629564
14436,3524.4140625,-2.5634046
14437,3524.658203125,-2.413786
14438,3524.90234375,-2.1302927
14439,3525.146484375,-1.9422568
14440,3525.390625,-1.657594
14441,3525.634765625,-1.4313213
14442,3525.87890625,-1.1346925
14443,3526.123046875,-0.8905159
14444,3526.3671875,-0.5939772
14445,3526.611328125,-0.3228098
14446,3526.85546875,-0.04966304
14447,3527.099609375,0.24353558
14448,3527.34375,0.5240148
14449,3527.587890625,0.8506033
14450,3527.83203125,1.1388423
14451,3528.076171875,1.4145982
14452,3528.3203125,1.6365412
14453,3528.564453125,1.8671438
14454,3528.80859375,2.1061807
14455,3529.052734375,2.3176086
14456,3529.296875,2.4662266
14457,3529.541015625,2.602755
14458,3529.78515625,2.7712224
14459,3530.029296875,2.8854272
14460,3530.2734375,3.0050864
14461,3530.517578125,3.1231148
14462,3530.76171875,3.2952373
14463,3531.005859375,3.4139967
14464,3531.25,3.4899082
14465,3531.494140625,3.5887058
14466,3531.73828125,3.5968592
14467,3531.982421875,3.5526056
14468,3532.2265625,3.4876592
14469,3532.470703125,3.4816422
14470,3532.71484375,3.4434617
14471,3532.958984375,3.355854
14472,3533.203125,3.2526705
14473,3533.447265625,3.1043336
14474,3533.69140625,2.948012
14475,3533.935546875,2.7614384
14476,3534.1796875,2.62834
14477,3534.423828125,2.4615033
14478,3534.66796875,2.2795966
14479,3534.912109375,2.0588346
14480,3535.15625,1.8422334
14481,3535.400390625,1.5850899
14482,3535.64453125,1.2901032
14483,3535.888671875,1.0598382
14484,3536.1328125,0.8448677
14485,3536.376953125,0.5421774
14486,3536.62109375,0.26732123
14487,3536.865234375,-0.015654655
14488,3537.109375,-0.24120764
14489,3537.353515625,-0.5309987
14490,3537.59765625,-0.8813391
14491,3537.841796875,-1.1884042
14492,3538.0859375,-1.4485054
14493,3538.330078125,-1.7050078
14494,3538.57421875,-1.8996112
14495,3538.818359375,-2.1628613
14496,3539.0625,-2.3391113
14497,3539.306640625,-2.5554874
14498,3539.55078125,-2.714553
14499,3539.794921875,-2.8286343
14500,3540.0390625,-2.9262507
14501,3540.283203125,-3.0960228
14502,3540.52734375,-3.2340357
14503,3540.771484375,-3.3420887
14504,3541.015625,-3.5129404
14505,3541.259765625,-3.625762
14506,3541.50390625,-3.6854115
14507,3541.748046875,-3.7181604
14508,3541.9921875,-3.7268875
14509,3542.236328125,-3.7511792
14510,3542.48046875,-3.702416
14511,3542.724609375,-3.584196
14512,3542.96875,-3.5205877
14513,3543.212890625,-3.4254005
14514,3543.45703125,-3.3057413
14515,3543.701171875,-3.1661088
14516,3543.9453125,-3.0191891
14517,3544.189453125,-2.8428493
14518,3544.43359375,-2.6262932
14519,3544.677734375,-2.4126163
14520,3544.921875,-2.2436538
14521,3545.166015625,-1.9920996
14522,3545.41015625,-1.733618
14523,3545.654296875,-1.4861126
14524,3545.8984375,-1.2533619
14525,3546.142578125,-0.9646506
14526,3546.38671875,-0.66703224
14527,3546.630859375,-0.40414202
14528,3546.875,-0.13891257
14529,3547.119140625,0.15457848
14530,3547.36328125,0.44174916
14531,3547.607421875,0.7421341
14532,3547.8515625,1.0445997
14533,3548.095703125,1.3186685
14534,3548.33984375,1.5891949
14535,3548.583984375,1.7826288
14536,3548.828125,1.9941128
14537,3549.072265625,2.225334
14538,3549.31640625,2.4110644
14539,3549.560546875,2.5444999
14540,3549.8046875,2.7218518
14541,3550.048828125,2.8350444
14542,3550.29296875,2.9522295
14543,3550.537109375,3.0823474
14544,3550.78125,3.1654565
14545,3551.025390625,3.3248146
14546,3551.26953125,3.4505467
14547,3551.513671875,3.5260646
14548,3551.7578125,3.5688
14549,3552.001953125,3.5713868
14550,3552.24609375,3.5286515
14551,3552.490234375,3.4732077
14552,3552.734375,3.4400315
14553,3552.978515625,3.3615894
14554,3553.22265625,3.2438424
14555,3553.466796875,3.1604521
14556,3553.7109375,3.0421424
14557,3553.955078125,2.8545566
14558,3554.19921875,2.6772609
14559,3554.443359375,2.5090744
14560,3554.6875,2.3300357
14561,3554.931640625,2.1386821
14562,3555.17578125,1.9208441
14563,3555.419921875,1.6730349
14564,3555.6640625,1.44963
14565,3555.908203125,1.1599851
14566,3556.15234375,0.9371987
14567,3556.396484375,0.660487
14568,3556.640625,0.38152596
14569,3556.884765625,0.13006184
14570,3557.12890625,-0.14916906
14571,3557.373046875,-0.41637784
14572,3557.6171875,-0.7461152
14573,3557.861328125,-1.0729736
14574,3558.10546875,-1.3519683
14575,3558.349609375,-1.572663
14576,3558.59375,-1.792008
14577,3558.837890625,-2.0507598
14578,3559.08203125,-2.2894483
14579,3559.326171875,-2.40083
14580,3559.5703125,-2.6080294
14581,3559.814453125,-2.7541397
14582,3560.05859375,-2.8802764
14583,3560.302734375,-2.984101
14584,3560.546875,-3.1644895
14585,3560.791015625,-3.2831588
14586,3561.03515625,-3.3835647
14587,3561.279296875,-3.5212176
14588,3561.5234375,-3.6522129
14589,3561.767578125,-3.7066443
14590,3562.01171875,-3.6580608
14591,3562.255859375,-3.6382678
14592,3562.5,-3.6685874
14593,3562.744140625,-3.5481184
14594,3562.98828125,-3.5150998
14595,3563.232421875,-3.4110954
14596,3563.4765625,-3.3244548
14597,3563.720703125,-3.1667387
14598,3563.96484375,-3.0205386
14599,3564.208984375,-2.8406901
14600,3564.453125,-2.650585
14601,3564.697265625,-2.4575107
14602,3564.94140625,-2.2981753
14603,3565.185546875,-2.0804496
14604,3565.4296875,-1.8264663
14605,3565.673828125,-1.5732927
14606,3565.91796875,-1.3152609
14607,3566.162109375,-1.0969955
14608,3566.40625,-0.7920895
14609,3566.650390625,-0.57148486
14610,3566.89453125,-0.26073098
14611,3567.138671875,0.022323627
14612,3567.3828125,0.30628917
14613,3567.626953125,0.59419084
14614,3567.87109375,0.8886716
14615,3568.115234375,1.1802282
14616,3568.359375,1.445244
14617,3568.603515625,1.6463253
14618,3568.84765625,1.8658504
14619,3569.091796875,2.0829575
14620,3569.3359375,2.2481074
14621,3569.580078125,2.4192178
14622,3569.82421875,2.5495605
14623,3570.068359375,2.6788352
14624,3570.3125,2.8722692
14625,3570.556640625,2.9617326
14626,3570.80078125,3.081729
14627,3571.044921875,3.211116
14628,3571.2890625,3.3519742
14629,3571.533203125,3.464717
14630,3571.77734375,3.4612308
14631,3572.021484375,3.5289326
14632,3572.265625,3.4727578
14633,3572.509765625,3.4102292
14634,3572.75390625,3.366594
14635,3572.998046875,3.3722734
14636,3573.2421875,3.2352953
14637,3573.486328125,3.1220465
14638,3573.73046875,3.0357323
14639,3573.974609375,2.862429
14640,3574.21875,2.7056012
14641,3574.462890625,2.5179026
14642,3574.70703125,2.398637
14643,3574.951171875,2.2046971
14644,3575.1953125,1.9789867
14645,3575.439453125,1.7292095
14646,3575.68359375,1.5213243
14647,3575.927734375,1.2695789
14648,3576.171875,0.99646604
14649,3576.416015625,0.78262025
14650,3576.66015625,0.51687354
14651,3576.904296875,0.24910244
14652,3577.1484375,-0.04759375
14653,3577.392578125,-0.3481811
14654,3577.63671875,-0.59955525
14655,3577.880859375,-0.9399091
14656,3578.125,-1.1796772
14657,3578.369140625,-1.4532737
14658,3578.61328125,-1.7005993
14659,3578.857421875,-1.9273219
14660,3579.1015625,-2.163851
14661,3579.345703125,-2.2966456
14662,3579.58984375,-2.4549017
14663,3579.833984375,-2.63556
14664,3580.078125,-2.7739327
14665,3580.322265625,-2.8959312
14666,3580.56640625,-3.018829
14667,3580.810546875,-3.2115433
14668,3581.0546875,-3.3317423
14669,3581.298828125,-3.4278295
14670,3581.54296875,-3.529045
14671,3581.787109375,-3.6623793
14672,3582.03125,-3.6241424
14673,3582.275390625,-3.5954423
14674,3582.51953125,-3.6047091
14675,3582.763671875,-3.60219
14676,3583.0078125,-3.4931471
14677,3583.251953125,-3.411815
14678,3583.49609375,-3.3001633
14679,3583.740234375,-3.1795142
14680,3583.984375,-3.0530174
14681,3584.228515625,-2.8764977
14682,3584.47265625,-2.72346
14683,3584.716796875,-2.5345247
14684,3584.9609375,-2.3417206
14685,3585.205078125,-2.135061
14686,3585.44921875,-1.8877354
14687,3585.693359375,-1.6470675
14688,3585.9375,-1.4055
14689,3586.181640625,-1.1621332
14690,3586.42578125,-0.9292927
14691,3586.669921875,-0.60369384
14692,3586.9140625,-0.37499195
14693,3587.158203125,-0.11345126
14694,3587.40234375,0.20091264
14695,3587.646484375,0.5040529
14696,3587.890625,0.79021144
14697,3588.134765625,1.0980188
14698,3588.37890625,1.3357626
14699,3588.623046875,1.5948179
14700,3588.8671875,1.8302001
14701,3589.111328125,2.0157616
14702,3589.35546875,2.2135253
14703,3589.599609375,2.4143817
14704,3589.84375,2.5372462
14705,3590.087890625,2.6629782
14706,3590.33203125,2.8076599
14707,3590.576171875,2.9697173
14708,3590.8203125,3.0541196
14709,3591.064453125,3.1436954
14710,3591.30859375,3.2952373
14711,3591.552734375,3.432609
14712,3591.796875,3.4967685
14713,3592.041015625,3.5028415
14714,3592.28515625,3.4885588
14715,3592.529296875,3.4496472
14716,3592.7734375,3.386781
14717,3593.017578125,3.3388724
14718,3593.26171875,3.2964745
14719,3593.505859375,3.123396
14720,3593.75,3.0215058
14721,3593.994140625,2.9010031
14722,3594.23828125,2.7385523
14723,3594.482421875,2.5481548
14724,3594.7265625,2.4128635
14725,3594.970703125,2.2464767
14726,3595.21484375,2.0217223
14727,3595.458984375,1.7514207
14728,3595.703125,1.5602921
14729,3595.947265625,1.2980318
14730,3596.19140625,1.0348717
14731,3596.435546875,0.79735273
14732,3596.6796875,0.5402093
14733,3596.923828125,0.29403085
14734,3597.16796875,-0.040036328
14735,3597.412109375,-0.325059
14736,3597.65625,-0.58677965
14737,3597.900390625,-0.8771105
14738,3598.14453125,-1.1623131
14739,3598.388671875,-1.4778354
14740,3598.6328125,-1.6903428
14741,3598.876953125,-1.886116
14742,3599.12109375,-2.1459472
14743,3599.365234375,-2.3073523
14744,3599.609375,-2.4767642
14745,3599.853515625,-2.6289024
14746,3600.09765625,-2.817298
14747,3600.341796875,-2.952072
14748,3600.5859375,-3.0761397
14749,3600.830078125,-3.2230594
14750,3601.07421875,-3.3384001
14751,3601.318359375,-3.4421346
14752,3601.5625,-3.552437
14753,3601.806640625,-3.6891003
14754,3602.05078125,-3.7203195
14755,3602.294921875,-3.6466348
14756,3602.5390625,-3.598771
14757,3602.783203125,-3.6304402
14758,3603.02734375,-3.54353
14759,3603.271484375,-3.4709249
14760,3603.515625,-3.3583732
14761,3603.759765625,-3.2709231
14762,3604.00390625,-3.1260726
14763,3604.248046875,-2.9109561
14764,3604.4921875,-2.7424436
14765,3604.736328125,-2.562055
14766,3604.98046875,-2.3764486
14767,3605.224609375,-2.1482866
14768,3605.46875,-1.9388379
14769,3605.712890625,-1.6706395
14770,3605.95703125,-1.4659594
14771,3606.201171875,-1.1695106
14772,3606.4453125,-0.9304623
14773,3606.689453125,-0.6512876
14774,3606.93359375,-0.3707634
14775,3607.177734375,-0.10094553
14776,3607.421875,0.16278817
14777,3607.666015625,0.45232055
14778,3607.91015625,0.74736357
14779,3608.154296875,1.1078591
14780,3608.3984375,1.3225484
14781,3608.642578125,1.5637223
14782,3608.88671875,1.8307624
14783,3609.130859375,2.0145807
14784,3609.375,2.1701152
14785,3609.619140625,2.388122
14786,3609.86328125,2.583018
14787,3610.107421875,2.676361
14788,3610.3515625,2.7829747
14789,3610.595703125,2.9303555
14790,3610.83984375,3.0816166
14791,3611.083984375,3.2019506
14792,3611.328125,3.3538296
14793,3611.572265625,3.4560573
14794,3611.81640625,3.5117822
14795,3612.060546875,3.5397289
14796,3612.3046875,3.5172365
14797,3612.548828125,3.4969373
14798,3612.79296875,3.4782686
14799,3613.037109375,3.365582
14800,3613.28125,3.3274012
14801,3613.525390625,3.2433362
14802,3613.76953125,3.104896
14803,3614.013671875,3.0000255
14804,3614.2578125,2.8225048
14805,3614.501953125,2.6145635
14806,3614.74609375,2.456555
14807,3614.990234375,2.2785845
14808,3615.234375,2.0548983
14809,3615.478515625,1.8945844
14810,3615.72265625,1.609213
14811,3615.966796875,1.3304769
14812,3616.2109375,1.0882347
14813,3616.455078125,0.8531337
14814,3616.69921875,0.61010414
14815,3616.943359375,0.30612046
14816,3617.1875,0.051282488
14817,3617.431640625,-0.25524282
14818,3617.67578125,-0.51471424
14819,3617.919921875,-0.81836057
14820,3618.1640625,-1.1382912
14821,3618.408203125,-1.4085591
14822,3618.65234375,-1.6731586
14823,3618.896484375,-1.8963726
14824,3619.140625,-2.1132884
14825,3619.384765625,-2.3140998
14826,3619.62890625,-2.5269673
14827,3619.873046875,-2.659582
14828,3620.1171875,-2.7801406
14829,3620.361328125,-2.9437046
14830,3620.60546875,-3.0871158
14831,3620.849609375,-3.1754656
14832,3621.09375,-3.33885
14833,3621.337890625,-3.5330935
14834,3621.58203125,-3.5986812
14835,3621.826171875,-3.6477144
14836,3622.0703125,-3.7180703
14837,3622.314453125,-3.7225688
14838,3622.55859375,-3.6495137
14839,3622.802734375,-3.6268415
14840,3623.046875,-3.6187444
14841,3623.291015625,-3.4942267
14842,3623.53515625,-3.3863537
14843,3623.779296875,-3.2980037
14844,3624.0234375,-3.1515338
14845,3624.267578125,-2.9491029
14846,3624.51171875,-2.761697
14847,3624.755859375,-2.623414
14848,3625.0,-2.4545417
14849,3625.244140625,-2.263807
14850,3625.48828125,-2.0126128
14851,3625.732421875,-1.7733845
14852,3625.9765625,-1.5162522
14853,3626.220703125,-1.2640684
14854,3626.46484375,-0.98903227
14855,3626.708984375,-0.73873776
14856,3626.953125,-0.47800675
14857,3627.197265625,-0.17876895
14858,3627.44140625,0.09244343
14859,3627.685546875,0.34716895
14860,3627.9296875,0.6758942
14861,3628.173828125,0.9698688
14862,3628.41796875,1.2202083
14863,3628.662109375,1.5134519
14864,3628.90625,1.7376442
14865,3629.150390625,1.969821
14866,3629.39453125,2.169834
14867,3629.638671875,2.3234565
14868,3629.8828125,2.4913619
14869,3630.126953125,2.6529129
14870,3630.37109375,2.76037
14871,3630.615234375,2.9085944
14872,3630.859375,3.0414116
14873,3631.103515625,3.2052119
14874,3631.34765625,3.2770185
14875,3631.591796875,3.3988707
14876,3631.8359375,3.5391665
14877,3632.080078125,3.5630083
14878,3632.32421875,3.551481
14879,3632.568359375,3.5491757
14880,3632.8125,3.4898522
14881,3633.056640625,3.456226
14882,3633.30078125,3.3480942
14883,3633.544921875,3.2925944
14884,3633.7890625,3.1754656
14885,3634.033203125,3.0346074
14886,3634.27734375,2.8358316
14887,3634.521484375,2.738946
14888,3634.765625,2.5316231
14889,3635.009765625,2.3590508
14890,3635.25390625,2.1445863
14891,3635.498046875,1.951546
14892,3635.7421875,1.700082
14893,3635.986328125,1.4519917
14894,3636.23046875,1.2142478
14895,3636.474609375,0.941416
14896,3636.71875,0.68399143
14897,3636.962890625,0.39923868
14898,3637.20703125,0.12815
14899,3637.451171875,-0.13810284
14900,3637.6953125,-0.43698078
14901,3637.939453125,-0.7724762
14902,3638.18359375,-1.0470624
14903,3638.427734375,-1.3655537
14904,3638.671875,-1.5723931
14905,3638.916015625,-1.8523774
14906,3639.16015625,-2.046981
14907,3639.404296875,-2.251661
14908,3639.6484375,-2.457061
14909,3639.892578125,-2.6373594
14910,3640.13671875,-2.7758222
14911,3640.380859375,-2.9211226
14912,3640.625,-3.0565262
14913,3640.869140625,-3.1960685
14914,3641.11328125,-3.2902665
14915,3641.357421875,-3.4216216
14916,3641.6015625,-3.5681815
14917,3641.845703125,-3.6593206
14918,3642.08984375,-3.7296765
14919,3642.333984375,-3.7706122
14920,3642.578125,-3.6847818
14921,3642.822265625,-3.6409667
14922,3643.06640625,-3.5988612
14923,3643.310546875,-3.5254462
14924,3643.5546875,-3.394271
14925,3643.798828125,-3.294765
14926,3644.04296875,-3.1759157
14927,3644.287109375,-3.0506783
14928,3644.53125,-2.838261
14929,3644.775390625,-2.6579623
14930,3645.01953125,-2.503845
14931,3645.263671875,-2.2824306
14932,3645.5078125,-2.0431123
14933,3645.751953125,-1.8229575
14934,3645.99609375,-1.6049619
14935,3646.240234375,-1.305994
14936,3646.484375,-1.0386053
14937,3646.728515625,-0.764289
14938,3646.97265625,-0.5298291
14939,3647.216796875,-0.25785196
14940,3647.4609375,-0.0027890478
14941,3647.705078125,0.31045026
14942,3647.94921875,0.59728354
14943,3648.193359375,0.9058219
14944,3648.4375,1.1994592
14945,3648.681640625,1.492253
14946,3648.92578125,1.6827629
14947,3649.169921875,1.9201694
14948,3649.4140625,2.1372764
14949,3649.658203125,2.3072622
14950,3649.90234375,2.4382236
14951,3650.146484375,2.6232793
14952,3650.390625,2.762113
14953,3650.634765625,2.884359
14954,3650.87890625,3.0026124
14955,3651.123046875,3.1403213
14956,3651.3671875,3.2720702
14957,3651.611328125,3.3879056
14958,3651.85546875,3.5097578
14959,3652.099609375,3.5649202
14960,3652.34375,3.5964656
14961,3652.587890625,3.4898522
14962,3652.83203125,3.5030663
14963,3653.076171875,3.473545
14964,3653.3203125,3.3668752
14965,3653.564453125,3.304459
14966,3653.80859375,3.2131965
14967,3654.052734375,3.0871272
14968,3654.296875,2.9234393
14969,3654.541015625,2.729893
14970,3654.78515625,2.5967946
14971,3655.029296875,2.4301264
14972,3655.2734375,2.2218475
14973,3655.517578125,2.001985
14974,3655.76171875,1.7947747
14975,3656.005859375,1.5521387
14976,3656.25,1.2340411
14977,3656.494140625,1.019127
14978,3656.73828125,0.75911576
14979,3656.982421875,0.47543138
14980,3657.2265625,0.19860718
14981,3657.470703125,-0.062438674
14982,3657.71484375,-0.35807773
14983,3657.958984375,-0.6839465
14984,3658.203125,-1.0100851
14985,3658.447265625,-1.2614592
14986,3658.69140625,-1.4916006
14987,3658.935546875,-1.7633079
14988,3659.1796875,-2.0103636
14989,3659.423828125,-2.2355566
14990,3659.66796875,-2.3664618
14991,3659.912109375,-2.5548575
14992,3660.15625,-2.7235498
14993,3660.400390625,-2.844019
14994,3660.64453125,-2.9922884
14995,3660.888671875,-3.116176
14996,3661.1328125,-3.2363749
14997,3661.376953125,-3.385994
14998,3661.62109375,-3.523287
14999,3661.865234375,-3.625582
15000,3662.109375,-3.7257178
15001,3662.353515625,-3.7052946
15002,3662.59765625,-3.684602
15003,3662.841796875,-3.63134
15004,3663.0859375,-3.599671
15005,3663.330078125,-3.5267057
15006,3663.57421875,-3.4604883
15007,3663.818359375,-3.3534248
15008,3664.0625,-3.2156818
15009,3664.306640625,-3.0596752
15010,3664.55078125,-2.8595834
15011,3664.794921875,-2.7120337
15012,3665.0390625,-2.5025854
15013,3665.283203125,-2.3350625
15014,3665.52734375,-2.1075304
15015,3665.771484375,-1.8871057
15016,3666.015625,-1.6436487
15017,3666.259765625,-1.4013615
15018,3666.50390625,-1.0988847
15019,3666.748046875,-0.86379504
15020,3666.9921875,-0.6108014
15021,3667.236328125,-0.35070026
15022,3667.48046875,-0.07071585
15023,3667.724609375,0.21266487
15024,3667.96875,0.54425794
15025,3668.212890625,0.79217947
15026,3668.45703125,1.1093212
15027,3668.701171875,1.3958733
15028,3668.9453125,1.6178725
15029,3669.189453125,1.835317
15030,3669.43359375,2.0873997
15031,3669.677734375,2.2734673
15032,3669.921875,2.4113452
15033,3670.166015625,2.5251565
15034,3670.41015625,2.7014964
15035,3670.654296875,2.8545003
15036,3670.8984375,2.9829876
15037,3671.142578125,3.116817
15038,3671.38671875,3.2904015
15039,3671.630859375,3.3935287
15040,3671.875,3.474726
15041,3672.119140625,3.5448458
15042,3672.36328125,3.606306
15043,3672.607421875,3.5757728
15044,3672.8515625,3.5139189
15045,3673.095703125,3.4799554
15046,3673.33984375,3.4441926
15047,3673.583984375,3.317111
15048,3673.828125,3.2738132
15049,3674.072265625,3.1427393
15050,3674.31640625,2.9741595
15051,3674.560546875,2.777633
15052,3674.8046875,2.6350877
15053,3675.048828125,2.4678574
15054,3675.29296875,2.2928672
15055,3675.537109375,2.0827887
15056,3675.78125,1.8232837
15057,3676.025390625,1.598473
15058,3676.26953125,1.3069725
15059,3676.513671875,1.0795752
15060,3676.7578125,0.80106395
15061,3677.001953125,0.540884
15062,3677.24609375,0.2285782
15063,3677.490234375,-0.039226606
15064,3677.734375,-0.3198408
15065,3677.978515625,-0.58641976
15066,3678.22265625,-0.90014267
15067,3678.466796875,-1.2056783
15068,3678.7109375,-1.4718075
15069,3678.955078125,-1.7495426
15070,3679.19921875,-1.9715868
15071,3679.443359375,-2.2005584
15072,3679.6875,-2.360524
15073,3679.931640625,-2.5437913
15074,3680.17578125,-2.7013276
15075,3680.419921875,-2.8332226
15076,3680.6640625,-2.951982
15077,3680.908203125,-3.0564363
15078,3681.15234375,-3.2823493
15079,3681.396484375,-3.3634114
15080,3681.640625,-3.4691253
15081,3681.884765625,-3.6017401
15082,3682.12890625,-3.7290466
15083,3682.373046875,-3.7342649
15084,3682.6171875,-3.713752
15085,3682.861328125,-3.6771345
15086,3683.10546875,-3.6331396
15087,3683.349609375,-3.5499177
15088,3683.59375,-3.4742537
15089,3683.837890625,-3.4078562
15090,3684.08203125,-3.2603967
15091,3684.326171875,-3.113117
15092,3684.5703125,-2.9364173
15093,3684.814453125,-2.7709637
15094,3685.05859375,-2.5760903
15095,3685.302734375,-2.4151351
15096,3685.546875,-2.2394252
15097,3685.791015625,-1.9381182
15098,3686.03515625,-1.7050078
15099,3686.279296875,-1.440948
15100,3686.5234375,-1.2032491
15101,3686.767578125,-0.9612317
15102,3687.01171875,-0.6786383
15103,3687.255859375,-0.4410294
15104,3687.5,-0.13639343
15105,3687.744140625,0.14035207
15106,3687.98828125,0.40682983
15107,3688.232421875,0.717505
15108,3688.4765625,1.0248064
15109,3688.720703125,1.3015181
15110,3688.96484375,1.5533758
15111,3689.208984375,1.776837
15112,3689.453125,1.9616678
15113,3689.697265625,2.206328
15114,3689.94140625,2.3662481
15115,3690.185546875,2.5401702
15116,3690.4296875,2.6619658
15117,3690.673828125,2.8468528
15118,3690.91796875,2.9540288
15119,3691.162109375,3.0510268
15120,3691.40625,3.2115657
15121,3691.650390625,3.3331368
15122,3691.89453125,3.4211378
15123,3692.138671875,3.5299447
15124,3692.3828125,3.6428561
15125,3692.626953125,3.5997834
15126,3692.87109375,3.555136
15127,3693.115234375,3.4969373
15128,3693.359375,3.4680345
15129,3693.603515625,3.3825073
15130,3693.84765625,3.2601492
15131,3694.091796875,3.1601708
15132,3694.3359375,3.0676713
15133,3694.580078125,2.880985
15134,3694.82421875,2.7014964
15135,3695.068359375,2.5237508
15136,3695.3125,2.3248062
15137,3695.556640625,2.1361518
15138,3695.80078125,1.8929536
15139,3696.044921875,1.6507113
15140,3696.2890625,1.4035207
15141,3696.533203125,1.1110644
15142,3696.77734375,0.85588896
15143,3697.021484375,0.6052683
15144,3697.265625,0.29543662
15145,3697.509765625,0.05639949
15146,3697.75390625,-0.1976625
15147,3697.998046875,-0.50346804
15148,3698.2421875,-0.82510823
15149,3698.486328125,-1.1407205
15150,3698.73046875,-1.4053202
15151,3698.974609375,-1.648867
15152,3699.21875,-1.894843
15153,3699.462890625,-2.1664603
15154,3699.70703125,-2.3436096
15155,3699.951171875,-2.4645286
15156,3700.1953125,-2.6494153
15157,3700.439453125,-2.814509
15158,3700.68359375,-2.960529
15159,3700.927734375,-3.060305
15160,3701.171875,-3.1854522
15161,3701.416015625,-3.2989936
15162,3701.66015625,-3.4132545
15163,3701.904296875,-3.5628734
15164,3702.1484375,-3.6853216
15165,3702.392578125,-3.7352545
15166,3702.63671875,-3.6790237
15167,3702.880859375,-3.6541922
15168,3703.125,-3.6555417
15169,3703.369140625,-3.5595446
15170,3703.61328125,-3.5124905
15171,3703.857421875,-3.4015584
15172,3704.1015625,-3.288197
15173,3704.345703125,-3.150814
15174,3704.58984375,-2.974924
15175,3704.833984375,-2.805332
15176,3705.078125,-2.6403284
15177,3705.322265625,-2.4288106
15178,3705.56640625,-2.2588587
15179,3705.810546875,-2.0491402
15180,3706.0546875,-1.7588093
15181,3706.298828125,-1.5262388
15182,3706.54296875,-1.2727054
15183,3706.787109375,-1.036896
15184,3707.03125,-0.7298308
15185,3707.275390625,-0.48592407
15186,3707.51953125,-0.20189106
15187,3707.763671875,0.058086414
15188,3708.0078125,0.3407024
15189,3708.251953125,0.6480037
15190,3708.49609375,0.9353431
15191,3708.740234375,1.1839957
15192,3708.984375,1.4536223
15193,3709.228515625,1.6828191
15194,3709.47265625,1.9203942
15195,3709.716796875,2.1321595
15196,3709.9609375,2.3255935
15197,3710.205078125,2.5135167
15198,3710.44921875,2.5763266
15199,3710.693359375,2.7622817
15200,3710.9375,2.9016778
15201,3711.181640625,3.0173447
15202,3711.42578125,3.1692803
15203,3711.669921875,3.2568316
15204,3711.9140625,3.3803146
15205,3712.158203125,3.5084643
15206,3712.40234375,3.5397289
15207,3712.646484375,3.529551
15208,3712.890625,3.5068338
15209,3713.134765625,3.4750073
15210,3713.37890625,3.441606
15211,3713.623046875,3.401401
15212,3713.8671875,3.2975988
15213,3714.111328125,3.1840692
15214,3714.35546875,3.0645785
15215,3714.599609375,2.930918
15216,3714.84375,2.7208958
15217,3715.087890625,2.6023614
15218,3715.33203125,2.412695
15219,3715.576171875,2.2045283
15220,3715.8203125,1.974432
15221,3716.064453125,1.7295469
15222,3716.30859375,1.4953456
15223,3716.552734375,1.2202083
15224,3716.796875,0.9574418
15225,3717.041015625,0.7231843
15226,3717.28515625,0.46187976
15227,3717.529296875,0.20569226
15228,3717.7734375,-0.053891595
15229,3718.017578125,-0.3546589
15230,3718.26171875,-0.6509277
15231,3718.505859375,-0.96573025
15232,3718.75,-1.2691966
15233,3718.994140625,-1.5301975
15234,3719.23828125,-1.7372168
15235,3719.482421875,-1.959261
15236,3719.7265625,-2.1748273
15237,3719.970703125,-2.3598943
15238,3720.21484375,-2.5351543
15239,3720.458984375,-2.6899016
15240,3720.703125,-2.8098304
15241,3720.947265625,-2.908527
15242,3721.19140625,-3.0175695
15243,3721.435546875,-3.2229693
15244,3721.6796875,-3.3340814
15245,3721.923828125,-3.4144242
15246,3722.16796875,-3.599671
15247,3722.412109375,-3.6667879
15248,3722.65625,-3.5743895
15249,3722.900390625,-3.5338132
15250,3723.14453125,-3.555136
15251,3723.388671875,-3.5304844
15252,3723.6328125,-3.4384458
15253,3723.876953125,-3.3604424
15254,3724.12109375,-3.27992
15255,3724.365234375,-3.1493745
15256,3724.609375,-2.9517121
15257,3724.853515625,-2.8068616
15258,3725.09765625,-2.7039366
15259,3725.341796875,-2.5227385
15260,3725.5859375,-2.3220172
15261,3725.830078125,-2.1313722
15262,3726.07421875,-1.8765792
15263,3726.318359375,-1.6413095
15264,3726.5625,-1.4143171
15265,3726.806640625,-1.1523265
15266,3727.05078125,-0.9202958
15267,3727.294921875,-0.60900205
15268,3727.5390625,-0.3867779
15269,3727.783203125,-0.115970396
15270,3728.02734375,0.18589902
15271,3728.271484375,0.46840253
15272,3728.515625,0.756248
15273,3728.759765625,1.0231193
15274,3729.00390625,1.3113023
15275,3729.248046875,1.5643408
15276,3729.4921875,1.7695832
15277,3729.736328125,1.9777496
15278,3729.98046875,2.1519525
15279,3730.224609375,2.344037
15280,3730.46875,2.476573
15281,3730.712890625,2.6051729
15282,3730.95703125,2.8028805
15283,3731.201171875,2.9231582
15284,3731.4453125,3.052995
15285,3731.689453125,3.1954277
15286,3731.93359375,3.2960246
15287,3732.177734375,3.4257488
15288,3732.421875,3.5043597
15289,3732.666015625,3.509083
15290,3732.91015625,3.4994676
15291,3733.154296875,3.4590375
15292,3733.3984375,3.408205
15293,3733.642578125,3.3306627
15294,3733.88671875,3.264929
15295,3734.130859375,3.1835628
15296,3734.375,3.0685709
15297,3734.619140625,2.938003
15298,3734.86328125,2.767455
15299,3735.107421875,2.5975254
15300,3735.3515625,2.439742
15301,3735.595703125,2.2533367
15302,3735.83984375,2.0047965
15303,3736.083984375,1.7839221
15304,3736.328125,1.551239
15305,3736.572265625,1.310515
15306,3736.81640625,1.0430251
15307,3737.060546875,0.7534365
15308,3737.3046875,0.50855136
15309,3737.548828125,0.25697476
15310,3737.79296875,-0.009356805
15311,3738.037109375,-0.31678182
15312,3738.28125,-0.6067528
15313,3738.525390625,-0.90068245
15314,3738.76953125,-1.2068479
15315,3739.013671875,-1.4951094
15316,3739.2578125,-1.7298393
15317,3739.501953125,-1.921204
15318,3739.74609375,-2.1650207
15319,3739.990234375,-2.3238165
15320,3740.234375,-2.462999
15321,3740.478515625,-2.6813545
15322,3740.72265625,-2.808481
15323,3740.966796875,-2.9217525
15324,3741.2109375,-3.042221
15325,3741.455078125,-3.1958888
15326,3741.69921875,-3.3339016
15327,3741.943359375,-3.4303486
15328,3742.1875,-3.5267057
15329,3742.431640625,-3.6511333
15330,3742.67578125,-3.665888
15331,3742.919921875,-3.6247723
15332,3743.1640625,-3.5625136
15333,3743.408203125,-3.5599942
15334,3743.65234375,-3.5099714
15335,3743.896484375,-3.3357008
15336,3744.140625,-3.2664247
15337,3744.384765625,-3.186802
15338,3744.62890625,-3.0206285
15339,3744.873046875,-2.8568845
15340,3745.1171875,-2.673077
15341,3745.361328125,-2.5119421
15342,3745.60546875,-2.3561153
15343,3745.849609375,-2.1184168
15344,3746.09375,-1.918505
15345,3746.337890625,-1.6795466
15346,3746.58203125,-1.4066696
15347,3746.826171875,-1.1381114
15348,3747.0703125,-0.91327816
15349,3747.314453125,-0.6574955
15350,3747.55859375,-0.40180278
15351,3747.802734375,-0.10697348
15352,3748.046875,0.16396901
15353,3748.291015625,0.4485531
15354,3748.53515625,0.7827327
15355,3748.779296875,1.1025735
15356,3749.0234375,1.3385742
15357,3749.267578125,1.5338637
15358,3749.51171875,1.8087761
15359,3749.755859375,2.0089014
15360,3750.0,2.22196
15361,3750.244140625,2.3893027
15362,3750.48828125,2.5874603
15363,3750.732421875,2.71561
15364,3750.9765625,2.8077724
15365,3751.220703125,2.968986
15366,3751.46484375,3.0906696
15367,3751.708984375,3.231809
15368,3751.953125,3.3737917
15369,3752.197265625,3.528595
15370,3752.44140625,3.5564294
15371,3752.685546875,3.5708807
15372,3752.9296875,3.5681815
15373,3753.173828125,3.5392227
15374,3753.41796875,3.4768064
15375,3753.662109375,3.4053934
15376,3753.90625,3.371374
15377,3754.150390625,3.2763438
15378,3754.39453125,3.1350355
15379,3754.638671875,2.9950209
15380,3754.8828125,2.7698166
15381,3755.126953125,2.6189497
15382,3755.37109375,2.4698255
15383,3755.615234375,2.2781909
15384,3755.859375,2.085263
15385,3756.103515625,1.8065269
15386,3756.34765625,1.589251
15387,3756.591796875,1.3044983
15388,3756.8359375,1.0674855
15389,3757.080078125,0.8044378
15390,3757.32421875,0.5537609
15391,3757.568359375,0.26614037
15392,3757.8125,0.0041048485
15393,3758.056640625,-0.29590896
15394,3758.30078125,-0.5341476
15395,3758.544921875,-0.8883567
15396,3758.7890625,-1.1746389
15397,3759.033203125,-1.4534537
15398,3759.27734375,-1.7023088
15399,3759.521484375,-1.9104977
15400,3759.765625,-2.1028519
15401,3760.009765625,-2.331194
15402,3760.25390625,-2.5335348
15403,3760.498046875,-2.6530142
15404,3760.7421875,-2.7817602
15405,3760.986328125,-2.9425354
15406,3761.23046875,-3.0363731
15407,3761.474609375,-3.1845527
15408,3761.71875,-3.3373206
15409,3761.962890625,-3.481631
15410,3762.20703125,-3.5852757
15411,3762.451171875,-3.66013
15412,3762.6953125,-3.7411025
15413,3762.939453125,-3.6861312
15414,3763.18359375,-3.646185
15415,3763.427734375,-3.5958922
15416,3763.671875,-3.5910337
15417,3763.916015625,-3.4906282
15418,3764.16015625,-3.3571136
15419,3764.404296875,-3.261836
15420,3764.6484375,-3.1395679
15421,3764.892578125,-2.940646
15422,3765.13671875,-2.7715936
15423,3765.380859375,-2.6078494
15424,3765.625,-2.4454548
15425,3765.869140625,-2.231598
15426,3766.11328125,-2.009734
15427,3766.357421875,-1.759979
15428,3766.6015625,-1.5334363
15429,3766.845703125,-1.238427
15430,3767.08984375,-1.0154833
15431,3767.333984375,-0.73109037
15432,3767.578125,-0.46496123
15433,3767.822265625,-0.22213416
15434,3768.06640625,0.060897958
15435,3768.310546875,0.34261426
15436,3768.5546875,0.68444127
15437,3768.798828125,0.97639155
15438,3769.04296875,1.264687
15439,3769.287109375,1.4890478
15440,3769.53125,1.7079543
15441,3769.775390625,1.951996
15442,3770.01953125,2.1570697
15443,3770.263671875,2.3059125
15444,3770.5078125,2.5049696
15445,3770.751953125,2.6374495
15446,3770.99609375,2.7416449
15447,3771.240234375,2.8980792
15448,3771.484375,3.0109906
15449,3771.728515625,3.1769838
15450,3771.97265625,3.3015351
15451,3772.216796875,3.3931913
15452,3772.4609375,3.504697
15453,3772.705078125,3.5797088
15454,3772.94921875,3.5125692
15455,3773.193359375,3.4950254
15456,3773.4375,3.46258
15457,3773.681640625,3.4063494
15458,3773.92578125,3.3077204
15459,3774.169921875,3.230853
15460,3774.4140625,3.1399841
15461,3774.658203125,3.0048614
15462,3774.90234375,2.8323455
15463,3775.146484375,2.6747303
15464,3775.390625,2.5168905
15465,3775.634765625,2.3101861
15466,3775.87890625,2.1775377
15467,3776.123046875,1.9372073
15468,3776.3671875,1.6705046
15469,3776.611328125,1.4203337
15470,3776.85546875,1.1505383
15471,3777.099609375,0.9254465
15472,3777.34375,0.67679393
15473,3777.587890625,0.38388768
15474,3777.83203125,0.14440069
15475,3778.076171875,-0.12811626
15476,3778.3203125,-0.42474496
15477,3778.564453125,-0.7463851
15478,3778.80859375,-1.0243902
15479,3779.052734375,-1.3534979
15480,3779.296875,-1.5797706
15481,3779.541015625,-1.81567
15482,3779.78515625,-2.0459013
15483,3780.029296875,-2.228089
15484,3780.2734375,-2.4235923
15485,3780.517578125,-2.5670936
15486,3780.76171875,-2.7168922
15487,3781.005859375,-2.8188276
15488,3781.25,-3.0029945
15489,3781.494140625,-3.1440663
15490,3781.73828125,-3.2059653
15491,3781.982421875,-3.3843741
15492,3782.2265625,-3.5041234
15493,3782.470703125,-3.584196
15494,3782.71484375,-3.6321497
15495,3782.958984375,-3.6493337
15496,3783.203125,-3.6657083
15497,3783.447265625,-3.6025498
15498,3783.69140625,-3.555226
15499,3783.935546875,-3.5149198
15500,3784.1796875,-3.368
15501,3784.423828125,-3.25059
15502,3784.66796875,-3.1671886
15503,3784.912109375,-3.0173898
15504,3785.15625,-2.8379009
15505,3785.400390625,-2.6552634
15506,3785.64453125,-2.4872906
15507,3785.888671875,-2.2918775
15508,3786.1328125,-2.026828
15509,3786.376953125,-1.8435605
15510,3786.62109375,-1.5892173
15511,3786.865234375,-1.34684
15512,3787.109375,-1.0725237
15513,3787.353515625,-0.8393234
15514,3787.59765625,-0.5618581
15515,3787.841796875,-0.26891816
15516,3788.0859375,0.024123013
15517,3788.330078125,0.30713263
15518,3788.57421875,0.5953717
15519,3788.818359375,0.8950256
15520,3789.0625,1.217453
15521,3789.306640625,1.4607637
15522,3789.55078125,1.6671307
15523,3789.794921875,1.898408
15524,3790.0390625,2.1276047
15525,3790.283203125,2.3002894
15526,3790.52734375,2.4401917
15527,3790.771484375,2.6196804
15528,3791.015625,2.760651
15529,3791.259765625,2.850283
15530,3791.50390625,3.0283096
15531,3791.748046875,3.16287
15532,3791.9921875,3.2514899
15533,3792.236328125,3.3902674
15534,3792.48046875,3.51077
15535,3792.724609375,3.6305416
15536,3792.96875,3.5384917
15537,3793.212890625,3.4967685
15538,3793.45703125,3.4623551
15539,3793.701171875,3.4126472
15540,3793.9453125,3.3267267
15541,3794.189453125,3.2713392
15542,3794.43359375,3.233271
15543,3794.677734375,3.0682337
15544,3794.921875,2.8869455
15545,3795.166015625,2.7168472
15546,3795.41015625,2.5516975
15547,3795.654296875,2.3734457
15548,3795.8984375,2.1592064
15549,3796.142578125,2.008283
15550,3796.38671875,1.7593492
15551,3796.630859375,1.4983821
15552,3796.875,1.2222327
15553,3797.119140625,0.947489
15554,3797.36328125,0.7117132
15555,3797.607421875,0.40958515
15556,3797.8515625,0.17195378
15557,3798.095703125,-0.09221851
15558,3798.33984375,-0.37958038
15559,3798.583984375,-0.71291655
15560,3798.828125,-1.0135939
15561,3799.072265625,-1.2812525
15562,3799.31640625,-1.5298376
15563,3799.560546875,-1.7794124
15564,3799.8046875,-2.0121627
15565,3800.048828125,-2.1990292
15566,3800.29296875,-2.410007
15567,3800.537109375,-2.5999322
15568,3800.78125,-2.7598977
15569,3801.025390625,-2.832053
15570,3801.26953125,-2.9672768
15571,3801.513671875,-3.1267924
15572,3801.7578125,-3.2335858
15573,3802.001953125,-3.3583732
15574,3802.24609375,-3.4961162
15575,3802.490234375,-3.6251323
15576,3802.734375,-3.69009
15577,3802.978515625,-3.669037
15578,3803.22265625,-3.6938686
15579,3803.466796875,-3.66031
15580,3803.7109375,-3.563503
15581,3803.955078125,-3.5509975
15582,3804.19921875,-3.4536507
15583,3804.443359375,-3.379696
15584,3804.6875,-3.216042
15585,3804.931640625,-3.051848
15586,3805.17578125,-2.8743386
15587,3805.419921875,-2.714913
15588,3805.6640625,-2.5540478
15589,3805.908203125,-2.3562055
15590,3806.15234375,-2.126154
15591,3806.396484375,-1.9195845
15592,3806.640625,-1.6330323
15593,3806.884765625,-1.3818381
15594,3807.12890625,-1.1471083
15595,3807.373046875,-0.8571373
15596,3807.6171875,-0.6363527
15597,3807.861328125,-0.35339934
15598,3808.10546875,-0.07269518
15599,3808.349609375,0.2366192
15600,3808.59375,0.52519566
15601,3808.837890625,0.8045503
15602,3809.08203125,1.1111768
15603,3809.326171875,1.397954
15604,3809.5703125,1.6163543
15605,3809.814453125,1.8293567
15606,3810.05859375,2.0608587
15607,3810.302734375,2.2619963
15608,3810.546875,2.4423847
15609,3810.791015625,2.6068597
15610,3811.03515625,2.7391148
15611,3811.279296875,2.8574243
15612,3811.5234375,2.9543662
15613,3811.767578125,3.1470692
15614,3812.01171875,3.2813482
15615,3812.255859375,3.3870058
15616,3812.5,3.4604435
15617,3812.744140625,3.6044505
15618,3812.98828125,3.5795403
15619,3813.232421875,3.547095
15620,3813.4765625,3.490808
15621,3813.720703125,3.5004797
15622,3813.96484375,3.4310908
15623,3814.208984375,3.3252082
15624,3814.453125,3.1884549
15625,3814.697265625,3.100735
15626,3814.94140625,2.9667368
15627,3815.185546875,2.7686923
15628,3815.4296875,2.614957
15629,3815.673828125,2.4969287
15630,3815.91796875,2.2564297
15631,3816.162109375,2.0515244
15632,3816.40625,1.8019722
15633,3816.650390625,1.5610794
15634,3816.89453125,1.2640121
15635,3817.138671875,1.0201954
15636,3817.3828125,0.7771659
15637,3817.626953125,0.51771694
15638,3817.87109375,0.22998397
15639,3818.115234375,-0.045974303
15640,3818.359375,-0.27845493
15641,3818.603515625,-0.6195284
15642,3818.84765625,-0.89753354
15643,3819.091796875,-1.2428356
15644,3819.3359375,-1.4904311
15645,3819.580078125,-1.713105
15646,3819.82421875,-1.9537729
15647,3820.068359375,-2.1917417
15648,3820.3125,-2.3741994
15649,3820.556640625,-2.5317354
15650,3820.80078125,-2.7083452
15651,3821.044921875,-2.8406901
15652,3821.2890625,-2.9383066
15653,3821.533203125,-3.1196847
15654,3821.77734375,-3.25041
15655,3822.021484375,-3.3254445
15656,3822.265625,-3.4807315
15657,3822.509765625,-3.6060586
15658,3822.75390625,-3.740203
15659,3822.998046875,-3.7146516
15660,3823.2421875,-3.676055
15661,3823.486328125,-3.680913
15662,3823.73046875,-3.6065085
15663,3823.974609375,-3.5921133
15664,3824.21875,-3.481631
15665,3824.462890625,-3.405877
15666,3824.70703125,-3.2282777
15667,3824.951171875,-3.092964
15668,3825.1953125,-2.9441547
15669,3825.439453125,-2.7688944
15670,3825.68359375,-2.565114
15671,3825.927734375,-2.4141457
15672,3826.171875,-2.1866133
15673,3826.416015625,-1.938658
15674,3826.66015625,-1.6833252
15675,3826.904296875,-1.4383389
15676,3827.1484375,-1.221153
15677,3827.392578125,-0.9130982
15678,3827.63671875,-0.64391017
15679,3827.880859375,-0.39937362
15680,3828.125,-0.10211513
15681,3828.369140625,0.19101603
15682,3828.61328125,0.45344517
15683,3828.857421875,0.76102763
15684,3829.1015625,1.0572515
15685,3829.345703125,1.3711319
15686,3829.58984375,1.5907131
15687,3829.833984375,1.8268262
15688,3830.078125,2.0506248
15689,3830.322265625,2.2224097
15690,3830.56640625,2.4272025
15691,3830.810546875,2.5325227
15692,3831.0546875,2.7207835
15693,3831.298828125,2.8421857
15694,3831.54296875,2.9973826
15695,3831.787109375,3.1042213
15696,3832.03125,3.2701583
15697,3832.275390625,3.3806517
15698,3832.51953125,3.5002549
15699,3832.763671875,3.553955
15700,3833.0078125,3.6188455
15701,3833.251953125,3.5955098
15702,3833.49609375,3.5488381
15703,3833.740234375,3.5035725
15704,3833.984375,3.4669662
15705,3834.228515625,3.335611
15706,3834.47265625,3.2707205
15707,3834.716796875,3.157303
15708,3834.9609375,3.0147018
15709,3835.205078125,2.841792
15710,3835.44921875,2.6661832
15711,3835.693359375,2.4918678
15712,3835.9375,2.3209825
15713,3836.181640625,2.1068554
15714,3836.42578125,1.8566285
15715,3836.669921875,1.6387341
15716,3836.9140625,1.3907564
15717,3837.158203125,1.0917209
15718,3837.40234375,0.82513076
15719,3837.646484375,0.6166832
15720,3837.890625,0.3107314
15721,3838.134765625,0.05117003
15722,3838.37890625,-0.24147755
15723,3838.623046875,-0.5402655
15724,3838.8671875,-0.87872994
15725,3839.111328125,-1.1507971
15726,3839.35546875,-1.4331206
15727,3839.599609375,-1.6699197
15728,3839.84375,-1.9023105
15729,3840.087890625,-2.1273236
15730,3840.33203125,-2.3402808
15731,3840.576171875,-2.486301
15732,3840.8203125,-2.66453
15733,3841.064453125,-2.8476176
15734,3841.30859375,-2.9148247
15735,3841.552734375,-3.0755098
15736,3841.796875,-3.218741
15737,3842.041015625,-3.3598127
15738,3842.28515625,-3.4481626
15739,3842.529296875,-3.5808673
15740,3842.7734375,-3.6829824
15741,3843.017578125,-3.7348046
15742,3843.26171875,-3.686491
15743,3843.505859375,-3.6741655
15744,3843.75,-3.622703
15745,3843.994140625,-3.574839
15746,3844.23828125,-3.496926
15747,3844.482421875,-3.36809
15748,3844.7265625,-3.2851384
15749,3844.970703125,-3.148295
15750,3845.21484375,-2.9573803
15751,3845.458984375,-2.8301637
15752,3845.703125,-2.644107
15753,3845.947265625,-2.4502234
15754,3846.19140625,-2.2484224
15755,3846.435546875,-2.0421226
15756,3846.6796875,-1.8348335
15757,3846.923828125,-1.5522399
15758,3847.16796875,-1.2846713
15759,3847.412109375,-1.0383354
15760,3847.65625,-0.7471049
15761,3847.900390625,-0.46586093
15762,3848.14453125,-0.18965524
15763,3848.388671875,0.0629785
15764,3848.6328125,0.31061894
15765,3848.876953125,0.66734713
15766,3849.12109375,0.9460832
15767,3849.365234375,1.2442751
15768,3849.609375,1.5313333
15769,3849.853515625,1.7797048
15770,3850.09765625,1.9842725
15771,3850.341796875,2.1525712
15772,3850.5859375,2.3769321
15773,3850.830078125,2.53331
15774,3851.07421875,2.6842334
15775,3851.318359375,2.781625
15776,3851.5625,2.9549847
15777,3851.806640625,3.0943246
15778,3852.05078125,3.1788394
15779,3852.294921875,3.3323498
15780,3852.5390625,3.4855223
15781,3852.783203125,3.5472076
15782,3853.02734375,3.5923047
15783,3853.271484375,3.6201952
15784,3853.515625,3.550019
15785,3853.759765625,3.4940693
15786,3854.00390625,3.4719143
15787,3854.248046875,3.4186637
15788,3854.4921875,3.3284695
15789,3854.736328125,3.1474628
15790,3854.98046875,3.0577183
15791,3855.224609375,2.8988664
15792,3855.46875,2.6715252
15793,3855.712890625,2.5081184
15794,3855.95703125,2.3723211
15795,3856.201171875,2.150097
15796,3856.4453125,1.9341708
15797,3856.689453125,1.7044117
15798,3856.93359375,1.400653
15799,3857.177734375,1.1937236
15800,3857.421875,0.9309571
15801,3857.666015625,0.6671222
15802,3857.91015625,0.43663216
15803,3858.154296875,0.13399799
15804,3858.3984375,-0.16149485
15805,3858.642578125,-0.44237894
15806,3858.88671875,-0.73486906
15807,3859.130859375,-1.0236704
15808,3859.375,-1.309143
15809,3859.619140625,-1.5792307
15810,3859.86328125,-1.8078426
15811,3860.107421875,-2.0019963
15812,3860.3515625,-2.2379858
15813,3860.595703125,-2.3694308
15814,3860.83984375,-2.5256176
15815,3861.083984375,-2.7126637
15816,3861.328125,-2.8370013
15817,3861.572265625,-2.9506323
15818,3861.81640625,-3.0857663
15819,3862.060546875,-3.2408733
15820,3862.3046875,-3.3716888
15821,3862.548828125,-3.4920676
15822,3862.79296875,-3.5946326
15823,3863.037109375,-3.6630092
15824,3863.28125,-3.693059
15825,3863.525390625,-3.5890546
15826,3863.76953125,-3.5949023
15827,3864.013671875,-3.5530667
15828,3864.2578125,-3.4729042
15829,3864.501953125,-3.3821251
15830,3864.74609375,-3.3156376
15831,3864.990234375,-3.2081244
15832,3865.234375,-3.04537
15833,3865.478515625,-2.8748784
15834,3865.72265625,-2.7108643
15835,3865.966796875,-2.5478399
15836,3866.2109375,-2.3534164
15837,3866.455078125,-2.114098
15838,3866.69921875,-1.8927736
15839,3866.943359375,-1.6088307
15840,3867.1875,-1.4034308
15841,3867.431640625,-1.1217369
15842,3867.67578125,-0.9067104
15843,3867.919921875,-0.64723897
15844,3868.1640625,-0.34836105
15845,3868.408203125,-0.0931182
15846,3868.65234375,0.19832602
15847,3868.896484375,0.5077641
15848,3869.140625,0.83047265
15849,3869.384765625,1.10904
15850,3869.62890625,1.3537003
15851,3869.873046875,1.5912753
15852,3870.1171875,1.847013
15853,3870.361328125,2.0308313
15854,3870.60546875,2.1984556
15855,3870.849609375,2.4036417
15856,3871.09375,2.5271246
15857,3871.337890625,2.654206
15858,3871.58203125,2.807885
15859,3871.826171875,2.9390714
15860,3872.0703125,3.0631728
15861,3872.314453125,3.22478
15862,3872.55859375,3.3329682
15863,3872.802734375,3.46601
15864,3873.046875,3.49182
15865,3873.291015625,3.4845665
15866,3873.53515625,3.4807427
15867,3873.779296875,3.4548202
15868,3874.0234375,3.3786275
15869,3874.267578125,3.3334742
15870,3874.51171875,3.2567756
15871,3874.755859375,3.142627
15872,3875.0,3.011834
15873,3875.244140625,2.8891947
15874,3875.48828125,2.7366967
15875,3875.732421875,2.5718281
15876,3875.9765625,2.4075217
15877,3876.220703125,2.1955876
15878,3876.46484375,2.0255458
15879,3876.708984375,1.7292657
15880,3876.953125,1.4836496
15881,3877.197265625,1.3102338
15882,3877.44140625,1.0034386
15883,3877.685546875,0.74432707
15884,3877.9296875,0.5245771
15885,3878.173828125,0.2622042
15886,3878.41796875,-0.010886283
15887,3878.662109375,-0.31291315
15888,3878.90625,-0.56725633
15889,3879.150390625,-0.9014922
15890,3879.39453125,-1.1658219
15891,3879.638671875,-1.4541734
15892,3879.8828125,-1.6908827
15893,3880.126953125,-1.8696516
15894,3880.37109375,-2.1308324
15895,3880.615234375,-2.3201277
15896,3880.859375,-2.4567013
15897,3881.103515625,-2.615587
15898,3881.34765625,-2.7775316
15899,3881.591796875,-2.9101462
15900,3881.8359375,-3.0069532
15901,3882.080078125,-3.1392982
15902,3882.32421875,-3.282799
15903,3882.568359375,-3.4038076
15904,3882.8125,-3.467416
15905,3883.056640625,-3.5949924
15906,3883.30078125,-3.646095
15907,3883.544921875,-3.610377
15908,3883.7890625,-3.546679
15909,3884.033203125,-3.5648527
15910,3884.27734375,-3.4549103
15911,3884.521484375,-3.4040775
15912,3884.765625,-3.320496
15913,3885.009765625,-3.2162218
15914,3885.25390625,-3.0548167
15915,3885.498046875,-2.8807263
15916,3885.7421875,-2.7091548
15917,3885.986328125,-2.5640345
15918,3886.23046875,-2.3157194
15919,3886.474609375,-2.111309
15920,3886.71875,-1.944506
15921,3886.962890625,-1.6593934
15922,3887.20703125,-1.4535437
15923,3887.451171875,-1.1818364
15924,3887.6953125,-0.89330494
15925,3887.939453125,-0.66244376
15926,3888.18359375,-0.40405202
15927,3888.427734375,-0.10292485
15928,3888.671875,0.13748431
15929,3888.916015625,0.46952718
15930,3889.16015625,0.75962186
15931,3889.404296875,1.0615813
15932,3889.6484375,1.295895
15933,3889.892578125,1.5419047
15934,3890.13671875,1.8061895
15935,3890.380859375,2.022397
15936,3890.625,2.217068
15937,3890.869140625,2.3270555
15938,3891.11328125,2.553047
15939,3891.357421875,2.6506636
15940,3891.6015625,2.775946
15941,3891.845703125,2.9405334
15942,3892.08984375,3.0555253
15943,3892.333984375,3.185531
15944,3892.578125,3.258912
15945,3892.822265625,3.4568446
15946,3893.06640625,3.5230844
15947,3893.310546875,3.54001
15948,3893.5546875,3.5044158
15949,3893.798828125,3.4667413
15950,3894.04296875,3.4475102
15951,3894.287109375,3.3208222
15952,3894.53125,3.296924
15953,3894.775390625,3.2319214
15954,3895.01953125,3.0754871
15955,3895.263671875,2.9210212
15956,3895.5078125,2.781119
15957,3895.751953125,2.6125953
15958,3895.99609375,2.4665077
15959,3896.240234375,2.2513125
15960,3896.484375,2.0568662
15961,3896.728515625,1.828513
15962,3896.97265625,1.5800292
15963,3897.216796875,1.3439162
15964,3897.4609375,1.0632119
15965,3897.705078125,0.8053937
15966,3897.94921875,0.53863484
15967,3898.193359375,0.26360998
15968,3898.4375,0.012933084
15969,3898.681640625,-0.25551277
15970,3898.92578125,-0.5657268
15971,3899.169921875,-0.88898647
15972,3899.4140625,-1.1588942
15973,3899.658203125,-1.4304215
15974,3899.90234375,-1.6725289
15975,3900.146484375,-1.9289412
15976,3900.390625,-2.1078901
15977,3900.634765625,-2.3730297
15978,3900.87890625,-2.507084
15979,3901.123046875,-2.6443772
15980,3901.3671875,-2.7841892
15981,3901.611328125,-2.9139252
15982,3901.85546875,-3.0446503
15983,3902.099609375,-3.1791544
15984,3902.34375,-3.3190565
15985,3902.587890625,-3.4623778
15986,3902.83203125,-3.5733998
15987,3903.076171875,-3.6450155
15988,3903.3203125,-3.6675975
15989,3903.564453125,-3.6762347
15990,3903.80859375,-3.6218033
15991,3904.052734375,-3.5796976
15992,3904.296875,-3.5765486
15993,3904.541015625,-3.473174
15994,3904.78515625,-3.3375003
15995,3905.029296875,-3.2531092
15996,3905.2734375,-3.1262524
15997,3905.517578125,-2.9042983
15998,3905.76171875,-2.7318273
15999,3906.005859375,-2.5868866
16000,3906.25,-2.4407763
16001,3906.494140625,-2.2297986
16002,3906.73828125,-1.9570117
16003,3906.982421875,-1.7192229
16004,3907.2265625,-1.4973587
16005,3907.470703125,-1.1885842
16006,3907.71484375,-0.9439576
16007,3907.958984375,-0.7019403
16008,3908.203125,-0.43437168
16009,3908.447265625,-0.15429732
16010,3908.69140625,0.12027769
16011,3908.935546875,0.40542406
16012,3909.1796875,0.73369944
16013,3909.423828125,0.9874691
16014,3909.66796875,1.2695789
16015,3909.912109375,1.5228987
16016,3910.15625,1.7603052
16017,3910.400390625,1.9992299
16018,3910.64453125,2.2100391
16019,3910.888671875,2.3528652
16020,3911.1328125,2.5316231
16021,3911.376953125,2.697335
16022,3911.62109375,2.813564
16023,3911.865234375,2.9367096
16024,3912.109375,3.0965738
16025,3912.353515625,3.2423804
16026,3912.59765625,3.3205411
16027,3912.841796875,3.4676971
16028,3913.0859375,3.526852
16029,3913.330078125,3.5805523
16030,3913.57421875,3.5152686
16031,3913.818359375,3.4982305
16032,3914.0625,3.5251088
16033,3914.306640625,3.4033692
16034,3914.55078125,3.3222282
16035,3914.794921875,3.2549198
16036,3915.0390625,3.151399
16037,3915.283203125,2.9759026
16038,3915.52734375,2.824698
16039,3915.771484375,2.6504388
16040,3916.015625,2.5121672
16041,3916.259765625,2.315978
16042,3916.50390625,2.1314847
16043,3916.748046875,1.9203942
16044,3916.9921875,1.6553785
16045,3917.236328125,1.3638219
16046,3917.48046875,1.1431721
16047,3917.724609375,0.930676
16048,3917.96875,0.60813606
16049,3918.212890625,0.3417708
16050,3918.45703125,0.06286603
16051,3918.701171875,-0.15735626
16052,3918.9453125,-0.47368822
16053,3919.189453125,-0.7565516
16054,3919.43359375,-1.0560594
16055,3919.677734375,-1.3342444
16056,3919.921875,-1.5999237
16057,3920.166015625,-1.8521075
16058,3920.41015625,-2.036095
16059,3920.654296875,-2.2134242
16060,3920.8984375,-2.3826563
16061,3921.142578125,-2.5644844
16062,3921.38671875,-2.7255294
16063,3921.630859375,-2.8894532
16064,3921.875,-3.019459
16065,3922.119140625,-3.1318307
16066,3922.36328125,-3.262196
16067,3922.607421875,-3.3882432
16068,3922.8515625,-3.5303044
16069,3923.095703125,-3.6038995
16070,3923.33984375,-3.6736257
16071,3923.583984375,-3.6702068
16072,3923.828125,-3.6342192
16073,3924.072265625,-3.5986812
16074,3924.31640625,-3.5509975
16075,3924.560546875,-3.5122206
16076,3924.8046875,-3.3975098
16077,3925.048828125,-3.2897267
16078,3925.29296875,-3.1505442
16079,3925.537109375,-3.0128913
16080,3925.78125,-2.8283641
16081,3926.025390625,-2.653554
16082,3926.26953125,-2.5087035
16083,3926.513671875,-2.260928
16084,3926.7578125,-2.029617
16085,3927.001953125,-1.8380723
16086,3927.24609375,-1.5718533
16087,3927.490234375,-1.3224585
16088,3927.734375,-1.0291586
16089,3927.978515625,-0.7628495
16090,3928.22265625,-0.5423348
16091,3928.466796875,-0.2650495
16092,3928.7109375,-0.009266836
16093,3928.955078125,0.31590462
16094,3929.19921875,0.61443394
16095,3929.443359375,0.9199359
16096,3929.6875,1.1734805
16097,3929.931640625,1.461551
16098,3930.17578125,1.6725851
16099,3930.419921875,1.8855873
16100,3930.6640625,2.0934727
16101,3930.908203125,2.2812274
16102,3931.15234375,2.4458148
16103,3931.396484375,2.6121454
16104,3931.640625,2.763013
16105,3931.884765625,2.8664775
16106,3932.12890625,3.030053
16107,3932.373046875,3.149768
16108,3932.6171875,3.2417054
16109,3932.861328125,3.368
16110,3933.10546875,3.474782
16111,3933.349609375,3.556879
16112,3933.59375,3.5795403
16113,3933.837890625,3.5001986
16114,3934.08203125,3.4899082
16115,3934.326171875,3.4166958
16116,3934.5703125,3.310757
16117,3934.814453125,3.2461476
16118,3935.05859375,3.1591587
16119,3935.302734375,3.016389
16120,3935.546875,2.8577616
16121,3935.791015625,2.673662
16122,3936.03515625,2.519421
16123,3936.279296875,2.3394823
16124,3936.5234375,2.169328
16125,3936.767578125,1.9626799
16126,3937.01171875,1.7350013
16127,3937.255859375,1.4410267
16128,3937.5,1.2220078
16129,3937.744140625,0.951144
16130,3937.98828125,0.6867468
16131,3938.232421875,0.44557285
16132,3938.4765625,0.1772957
16133,3938.720703125,-0.08133223
16134,3938.96484375,-0.37454212
16135,3939.208984375,-0.6902443
16136,3939.453125,-0.9956
16137,3939.697265625,-1.2705461
16138,3939.94140625,-1.4882718
16139,3940.185546875,-1.7272302
16140,3940.4296875,-2.0124328
16141,3940.673828125,-2.181755
16142,3940.91796875,-2.3756387
16143,3941.162109375,-2.5903955
16144,3941.40625,-2.7307477
16145,3941.650390625,-2.8012834
16146,3941.89453125,-2.9365072
16147,3942.138671875,-3.086576
16148,3942.3828125,-3.2203603
16149,3942.626953125,-3.3348012
16150,3942.87109375,-3.496926
16151,3943.115234375,-3.5865352
16152,3943.359375,-3.6798334
16153,3943.603515625,-3.6507735
16154,3943.84765625,-3.6289108
16155,3944.091796875,-3.6074982
16156,3944.3359375,-3.5575652
16157,3944.580078125,-3.528775
16158,3944.82421875,-3.4882889
16159,3945.068359375,-3.33804
16160,3945.3125,-3.2024565
16161,3945.556640625,-3.0540073
16162,3945.80078125,-2.8540053
16163,3946.044921875,-2.686123
16164,3946.2890625,-2.4828823
16165,3946.533203125,-2.3474784
16166,3946.77734375,-2.149456
16167,3947.021484375,-1.8774788
16168,3947.265625,-1.6559745
16169,3947.509765625,-1.367893
16170,3947.75390625,-1.1188579
16171,3947.998046875,-0.8438218
16172,3948.2421875,-0.58435047
16173,3948.486328125,-0.32550886
16174,3948.73046875,-0.02249232
16175,3948.974609375,0.2548942
16176,3949.21875,0.5778277
16177,3949.462890625,0.8680911
16178,3949.70703125,1.1608287
16179,3949.951171875,1.436247
16180,3950.1953125,1.6648252
16181,3950.439453125,1.8278384
16182,3950.68359375,2.1092172
16183,3950.927734375,2.290899
16184,3951.171875,2.4540246
16185,3951.416015625,2.5828493
16186,3951.66015625,2.7264066
16187,3951.904296875,2.90657
16188,3952.1484375,3.0046928
16189,3952.392578125,3.104671
16190,3952.63671875,3.273251
16191,3952.880859375,3.4119723
16192,3953.125,3.4972744
16193,3953.369140625,3.5752666
16194,3953.61328125,3.5613778
16195,3953.857421875,3.5262334
16196,3954.1015625,3.4949691
16197,3954.345703125,3.4763567
16198,3954.58984375,3.3893116
16199,3954.833984375,3.2635794
16200,3955.078125,3.1988578
16201,3955.322265625,3.1047273
16202,3955.56640625,2.9180973
16203,3955.810546875,2.6961544
16204,3956.0546875,2.5607505
16205,3956.298828125,2.4155626
16206,3956.54296875,2.2337685
16207,3956.787109375,1.9749382
16208,3957.03125,1.7800984
16209,3957.275390625,1.491803
16210,3957.51953125,1.2251567
16211,3957.763671875,1.0067562
16212,3958.0078125,0.75973433
16213,3958.251953125,0.5327306
16214,3958.49609375,0.23268305
16215,3958.740234375,-0.035267957
16216,3958.984375,-0.33522552
16217,3959.228515625,-0.5824611
16218,3959.47265625,-0.9347808
16219,3959.716796875,-1.2471541
16220,3959.9609375,-1.5062656
16221,3960.205078125,-1.7342478
16222,3960.44921875,-1.9986675
16223,3960.693359375,-2.2001987
16224,3960.9375,-2.3994808
16225,3961.181640625,-2.5673633
16226,3961.42578125,-2.7284985
16227,3961.669921875,-2.8416798
16228,3961.9140625,-2.9733949
16229,3962.158203125,-3.1172554
16230,3962.40234375,-3.3146482
16231,3962.646484375,-3.4025483
16232,3962.890625,-3.5154595
16233,3963.134765625,-3.6506834
16234,3963.37890625,-3.7149215
16235,3963.623046875,-3.7448812
16236,3963.8671875,-3.6673276
16237,3964.111328125,-3.698547
16238,3964.35546875,-3.6771345
16239,3964.599609375,-3.5947225
16240,3964.84375,-3.4900882
16241,3965.087890625,-3.3814054
16242,3965.33203125,-3.265795
16243,3965.576171875,-3.1143765
16244,3965.8203125,-2.9393864
16245,3966.064453125,-2.7628665
16246,3966.30859375,-2.6086593
16247,3966.552734375,-2.389494
16248,3966.796875,-2.208386
16249,3967.041015625,-1.9423467
16250,3967.28515625,-1.6584936
16251,3967.529296875,-1.408739
16252,3967.7734375,-1.2054983
16253,3968.017578125,-0.8912357
16254,3968.26171875,-0.63392353
16255,3968.505859375,-0.40837055
16256,3968.75,-0.0755742
16257,3968.994140625,0.19945064
16258,3969.23828125,0.49994805
16259,3969.482421875,0.8223192
16260,3969.7265625,1.1133698
16261,3969.970703125,1.3928932
16262,3970.21484375,1.6584712
16263,3970.458984375,1.9027379
16264,3970.703125,2.080371
16265,3970.947265625,2.2851074
16266,3971.19140625,2.4510443
16267,3971.435546875,2.5807688
16268,3971.6796875,2.7408016
16269,3971.923828125,2.8997097
16270,3972.16796875,3.0248234
16271,3972.412109375,3.12975
16272,3972.65625,3.2473285
16273,3972.900390625,3.3994892
16274,3973.14453125,3.4838915
16275,3973.388671875,3.5301135
16276,3973.6328125,3.6221633
16277,3973.876953125,3.6139534
16278,3974.12109375,3.5418093
16279,3974.365234375,3.4592063
16280,3974.609375,3.4185514
16281,3974.853515625,3.3416276
16282,3975.09765625,3.1968334
16283,3975.341796875,3.1288502
16284,3975.5859375,2.9658372
16285,3975.830078125,2.79349
16286,3976.07421875,2.6443095
16287,3976.318359375,2.4525626
16288,3976.5625,2.286738
16289,3976.806640625,2.0876248
16290,3977.05078125,1.8524113
16291,3977.294921875,1.5917814
16292,3977.5390625,1.3513386
16293,3977.783203125,1.0889657
16294,3978.02734375,0.8283359
16295,3978.271484375,0.5924477
16296,3978.515625,0.3034214
16297,3978.759765625,0.042735405
16298,3979.00390625,-0.21997489
16299,3979.248046875,-0.530099
16300,3979.4921875,-0.8539884
16301,3979.736328125,-1.08341
16302,3979.98046875,-1.3901153
16303,3980.224609375,-1.6593934
16304,3980.46875,-1.8642534
16305,3980.712890625,-2.1280434
16306,3980.95703125,-2.3215673
16307,3981.201171875,-2.4985368
16308,3981.4453125,-2.644737
16309,3981.689453125,-2.834842
16310,3981.93359375,-2.9178836
16311,3982.177734375,-3.0427608
16312,3982.421875,-3.2030861
16313,3982.666015625,-3.3453279
16314,3982.91015625,-3.434847
16315,3983.154296875,-3.611007
16316,3983.3984375,-3.687481
16317,3983.642578125,-3.7170808
16318,3983.88671875,-3.71924
16319,3984.130859375,-3.7061045
16320,3984.375,-3.6638188
16321,3984.619140625,-3.6081278
16322,3984.86328125,-3.546589
16323,3985.107421875,-3.441145
16324,3985.3515625,-3.3458676
16325,3985.595703125,-3.1438866
16326,3985.83984375,-3.0014653
16327,3986.083984375,-2.8478875
16328,3986.328125,-2.6696582
16329,3986.572265625,-2.4710064
16330,3986.81640625,-2.2482424
16331,3987.060546875,-2.008834
16332,3987.3046875,-1.8226876
16333,3987.548828125,-1.5052761
16334,3987.79296875,-1.2819722
16335,3988.037109375,-1.0052267
16336,3988.28125,-0.71057737
16337,3988.525390625,-0.43743062
16338,3988.76953125,-0.1768796
16339,3989.013671875,0.09604221
16340,3989.2578125,0.36634365
16341,3989.501953125,0.65829396
16342,3989.74609375,1.0203078
16343,3989.990234375,1.2398891
16344,3990.234375,1.5234047
16345,3990.478515625,1.7528265
16346,3990.72265625,1.9574504
16347,3990.966796875,2.1296854
16348,3991.2109375,2.360119
16349,3991.455078125,2.5247629
16350,3991.69921875,2.650551
16351,3991.943359375,2.7788699
16352,3992.1875,2.9196718
16353,3992.431640625,3.061767
16354,3992.67578125,3.1519613
16355,3992.919921875,3.2813482
16356,3993.1640625,3.4023569
16357,3993.408203125,3.475457
16358,3993.65234375,3.5574415
16359,3993.896484375,3.5342743
16360,3994.140625,3.4907517
16361,3994.384765625,3.4159648
16362,3994.62890625,3.407249
16363,3994.873046875,3.3466885
16364,3995.1171875,3.2363636
16365,3995.361328125,3.1504428
16366,3995.60546875,3.003512
16367,3995.849609375,2.8224487
16368,3996.09375,2.6644964
16369,3996.337890625,2.4973223
16370,3996.58203125,2.3385828
16371,3996.826171875,2.141044
16372,3997.0703125,1.9365325
16373,3997.314453125,1.6826504
16374,3997.55859375,1.4584019
16375,3997.802734375,1.158973
16376,3998.046875,0.94057256
16377,3998.291015625,0.6574505
16378,3998.53515625,0.3976642
16379,3998.779296875,0.18117563
16380,3999.0234375,-0.14449066
16381,3999.267578125,-0.40900034
16382,3999.51171875,-0.69042426
16383,3999.755859375,-0.9909217
