,0,1
0,0.0,
1,0.244140625,-3.019459
2,0.48828125,-3.1794243
3,0.732421875,-3.3215759
4,0.9765625,-3.3893228
5,1.220703125,-3.5251763
6,1.46484375,-3.6589606
7,1.708984375,-3.724728
8,1.953125,-3.6628294
9,2.197265625,-3.6978273
10,2.44140625,-3.6691272
11,2.685546875,-3.6032696
12,2.9296875,-3.5146499
13,3.173828125,-3.4331377
14,3.41796875,-3.3574734
15,3.662109375,-3.2041657
16,3.90625,-3.0373628
17,4.150390625,-2.863632
18,4.39453125,-2.6188257
19,4.638671875,-2.4733453
20,4.8828125,-2.2600281
21,5.126953125,-2.0800898
22,5.37109375,-1.8319545
23,5.615234375,-1.5302874
24,5.859375,-1.344141
25,6.103515625,-1.0593883
26,6.34765625,-0.74035716
27,6.591796875,-0.48304504
28,6.8359375,-0.24372678
29,7.080078125,0.0303084
30,7.32421875,0.321359
31,7.568359375,0.6417059
32,7.8125,0.9431029
33,8.056640625,1.1864135
34,8.30078125,1.4828624
35,8.544921875,1.7498462
36,8.7890625,1.9455293
37,9.033203125,2.1703963
38,9.27734375,2.3583758
39,9.521484375,3.0353386
40,9.765625,3.205043
41,10.009765625,3.3210473
42,10.25390625,3.4723644
43,10.498046875,3.5586224
44,10.7421875,3.585894
45,10.986328125,3.613841
46,11.23046875,3.5864005
47,11.474609375,3.5252774
48,11.71875,3.462018
49,11.962890625,3.4222064
50,12.20703125,3.3094075
51,12.451171875,3.1849124
52,12.6953125,3.0534449
53,12.939453125,2.9177036
54,13.18359375,2.743613
55,13.427734375,2.5436003
56,13.671875,2.4013925
57,13.916015625,2.186591
58,14.16015625,1.948847
59,14.404296875,1.6842248
60,14.6484375,1.4468184
61,14.892578125,1.1641462
62,15.13671875,0.88771564
63,15.380859375,0.6273108
64,15.625,0.3950776
65,15.869140625,0.10014705
66,16.11328125,-0.1715714
67,16.357421875,-0.49860975
68,16.6015625,-0.82042986
69,16.845703125,-1.1102209
70,17.08984375,-1.408739
71,17.333984375,-1.6789167
72,17.578125,-1.9268721
73,17.822265625,-2.1060908
74,18.06640625,-2.3696108
75,18.310546875,-2.553868
76,18.5546875,-2.653284
77,18.798828125,-2.8121696
78,19.04296875,-2.9762738
79,19.287109375,-3.1016011
80,19.53125,-3.1901307
81,19.775390625,-3.3862636
82,20.01953125,-3.4776723
83,20.263671875,-3.552257
84,20.5078125,-3.6907198
85,20.751953125,-3.7565773
86,20.99609375,-3.6839721
87,21.240234375,-3.672366
88,21.484375,-3.7118626
89,21.728515625,-3.6244123
90,21.97265625,-3.57367
91,22.216796875,-3.4211717
92,22.4609375,-3.3407393
93,22.705078125,-3.2092042
94,22.94921875,-3.0434806
95,23.193359375,-2.8363714
96,23.4375,-2.6607513
97,23.681640625,-2.4940383
98,23.92578125,-2.261468
99,24.169921875,-2.02062
100,24.4140625,-1.8249367
101,24.658203125,-1.5710436
102,24.90234375,-1.2978069
103,25.146484375,-1.0751328
104,25.390625,-0.8399532
105,25.634765625,-0.5335178
106,25.87890625,-0.2612708
107,26.123046875,0.032164015
108,26.3671875,0.2783987
109,26.611328125,0.6034689
110,26.85546875,0.89974904
111,27.099609375,1.1756173
112,27.34375,1.4260131
113,27.587890625,1.6580213
114,27.83203125,1.9162332
115,28.076171875,2.1241748
116,28.3203125,2.2696438
117,28.564453125,2.430014
118,28.80859375,2.6092777
119,29.052734375,2.7212894
120,29.296875,2.8558497
121,29.541015625,2.9919283
122,29.78515625,3.1479688
123,30.029296875,3.253008
124,30.2734375,3.3566413
125,30.517578125,3.5253901
126,30.76171875,3.5601969
127,31.005859375,3.5474887
128,31.25,3.5391102
129,31.494140625,3.5600843
130,31.73828125,3.5090268
131,31.982421875,3.4076426
132,32.2265625,3.354111
133,32.470703125,3.25835
134,32.71484375,3.1003976
135,32.958984375,2.9590333
136,33.203125,2.8060856
137,33.447265625,2.595389
138,33.69140625,2.439517
139,33.935546875,2.2517061
140,34.1796875,2.026052
141,34.423828125,1.8151302
142,34.66796875,1.5474154
143,34.912109375,1.2797005
144,35.15625,1.0208702
145,35.400390625,0.7325749
146,35.64453125,0.48954535
147,35.888671875,0.25095806
148,36.1328125,-0.06387819
149,36.376953125,-0.3589774
150,36.62109375,-0.6474189
151,36.865234375,-0.9799454
152,37.109375,-1.2596599
153,37.353515625,-1.5281283
154,37.59765625,-1.806673
155,37.841796875,-1.9862518
156,38.0859375,-2.1920114
157,38.330078125,-2.386525
158,38.57421875,-2.5777998
159,38.818359375,-2.712484
160,39.0625,-2.8357418
161,39.306640625,-2.9796927
162,39.55078125,-3.0817177
163,39.794921875,-3.239254
164,40.0390625,-3.3593628
165,40.283203125,-3.4488823
166,40.52734375,-3.5778983
167,40.771484375,-3.60156
168,41.015625,-3.66031
169,41.259765625,-3.633949
170,41.50390625,-3.613976
171,41.748046875,-3.5500977
172,41.9921875,-3.494047
173,42.236328125,-3.4220715
174,42.48046875,-3.2764113
175,42.724609375,-3.1814938
176,42.96875,-3.0888252
177,43.212890625,-2.8906229
178,43.45703125,-2.682344
179,43.701171875,-2.530386
180,43.9453125,-2.328045
181,44.189453125,-2.1272335
182,44.43359375,-1.8850363
183,44.677734375,-1.7133749
184,44.921875,-1.4006417
185,45.166015625,-1.136132
186,45.41015625,-0.92056566
187,45.654296875,-0.66433316
188,45.8984375,-0.39811406
189,46.142578125,-0.08205198
190,46.38671875,0.15058607
191,46.630859375,0.45558193
192,46.875,0.7624896
193,47.119140625,1.0250875
194,47.36328125,1.3227733
195,47.607421875,1.540274
196,47.8515625,1.780267
197,48.095703125,2.004178
198,48.33984375,2.2075648
199,48.583984375,2.3243003
200,48.828125,2.5112112
201,49.072265625,2.663878
202,49.31640625,2.7626753
203,49.560546875,2.8923435
204,49.8046875,3.0439417
205,50.048828125,3.1847436
206,50.29296875,3.273982
207,50.537109375,3.4102855
208,50.78125,3.4986804
209,51.025390625,3.4892898
210,51.26953125,3.44796
211,51.513671875,3.4668536
212,51.7578125,3.420913
213,52.001953125,3.3499498
214,52.24609375,3.3015351
215,52.490234375,3.2486782
216,52.734375,3.1281757
217,52.978515625,3.0122275
218,53.22265625,2.7985506
219,53.466796875,2.635425
220,53.7109375,2.4533498
221,53.955078125,2.2622774
222,54.19921875,2.0659196
223,54.443359375,1.8460572
224,54.6875,1.6064014
225,54.931640625,1.345603
226,55.17578125,1.1241099
227,55.419921875,0.8371079
228,55.6640625,0.5376789
229,55.908203125,0.27429384
230,56.15234375,0.0055106184
231,56.396484375,-0.25497293
232,56.640625,-0.5614983
233,56.884765625,-0.8410328
234,57.12890625,-1.1353223
235,57.373046875,-1.4270027
236,57.6171875,-1.6668608
237,57.861328125,-1.9206642
238,58.10546875,-2.0887268
239,58.349609375,-2.2801814
240,58.59375,-2.5268772
241,58.837890625,-2.638259
242,59.08203125,-2.7162626
243,59.326171875,-2.875328
244,59.5703125,-3.031695
245,59.814453125,-3.101421
246,60.05859375,-3.2262983
247,60.302734375,-3.364941
248,60.546875,-3.5589147
249,60.791015625,-3.5950823
250,61.03515625,-3.608038
251,61.279296875,-3.587885
252,61.5234375,-3.5674617
253,61.767578125,-3.5437999
254,62.01171875,-3.4881089
255,62.255859375,-3.453111
256,62.5,-3.3070905
257,62.744140625,-3.1835628
258,62.98828125,-3.0756898
259,63.232421875,-2.867141
260,63.4765625,-2.711494
261,63.720703125,-2.527237
262,63.96484375,-2.3591745
263,64.208984375,-2.1472068
264,64.453125,-1.9458555
265,64.697265625,-1.6781969
266,64.94140625,-1.4482355
267,65.185546875,-1.1998303
268,65.4296875,-0.9063505
269,65.673828125,-0.6828668
270,65.91796875,-0.4339218
271,66.162109375,-0.13099527
272,66.40625,0.10711967
273,66.650390625,0.4010943
274,66.89453125,0.717505
275,67.138671875,1.0011332
276,67.3828125,1.29224
277,67.626953125,1.5268348
278,67.87109375,1.7528827
279,68.115234375,1.9779184
280,68.359375,2.1529086
281,68.603515625,2.334759
282,68.84765625,2.4778664
283,69.091796875,2.6111896
284,69.3359375,2.7395644
285,69.580078125,2.8800292
286,69.82421875,3.007673
287,70.068359375,3.1457758
288,70.3125,3.2635794
289,70.556640625,3.382901
290,70.80078125,3.4870405
291,71.044921875,3.4767504
292,71.2890625,3.4736576
293,71.533203125,3.4601622
294,71.77734375,3.460612
295,72.021484375,3.424568
296,72.265625,3.3418524
297,72.509765625,3.1741161
298,72.75390625,3.130481
299,72.998046875,3.0150392
300,73.2421875,2.8151386
301,73.486328125,2.6196241
302,73.73046875,2.4548118
303,73.974609375,2.313841
304,74.21875,2.0860503
305,74.462890625,1.8552227
306,74.70703125,1.659427
307,74.951171875,1.3657899
308,75.1953125,1.117812
309,75.439453125,0.88585997
310,75.68359375,0.57479125
311,75.927734375,0.34064618
312,76.171875,0.041048486
313,76.416015625,-0.22186424
314,76.66015625,-0.4739582
315,76.904296875,-0.837614
316,77.1484375,-1.1247059
317,77.392578125,-1.3899354
318,77.63671875,-1.6676705
319,77.880859375,-1.8630838
320,78.125,-2.126514
321,78.369140625,-2.2974555
322,78.61328125,-2.4522924
323,78.857421875,-2.644017
324,79.1015625,-2.7637663
325,79.345703125,-2.844019
326,79.58984375,-2.9773533
327,79.833984375,-3.1517138
328,80.078125,-3.2693934
329,80.322265625,-3.3472168
330,80.56640625,-3.4918876
331,80.810546875,-3.590494
332,81.0546875,-3.5982313
333,81.298828125,-3.6124465
334,81.54296875,-3.629001
335,81.787109375,-3.625672
336,82.03125,-3.5554957
337,82.275390625,-3.4576993
338,82.51953125,-3.3407393
339,82.763671875,-3.247081
340,83.0078125,-3.083877
341,83.251953125,-2.9325485
342,83.49609375,-2.7829297
343,83.740234375,-2.644917
344,83.984375,-2.392373
345,84.228515625,-2.181845
346,84.47265625,-1.9854419
347,84.716796875,-1.751252
348,84.9609375,-1.4960991
349,85.205078125,-1.2439152
350,85.44921875,-1.0386053
351,85.693359375,-0.74656504
352,85.9375,-0.48358485
353,86.181640625,-0.24147755
354,86.42578125,0.05634326
355,86.669921875,0.33389848
356,86.9140625,0.6569444
357,87.158203125,0.9355118
358,87.40234375,1.2015959
359,87.646484375,1.4603701
360,87.890625,1.7501836
361,88.134765625,1.8963836
362,88.37890625,2.1034818
363,88.623046875,2.337233
364,88.8671875,2.4657207
365,89.111328125,2.566261
366,89.35546875,2.7273061
367,89.599609375,2.871032
368,89.84375,2.9963706
369,90.087890625,3.096124
370,90.33203125,3.2555385
371,90.576171875,3.3812704
372,90.8203125,3.4390757
373,91.064453125,3.4726455
374,91.30859375,3.5269082
375,91.552734375,3.4958687
376,91.796875,3.4825983
377,92.041015625,3.4399192
378,92.28515625,3.3649073
379,92.529296875,3.2535703
380,92.7734375,3.1315494
381,93.017578125,3.0565937
382,93.26171875,2.9213026
383,93.505859375,2.674899
384,93.75,2.5478177
385,93.994140625,2.3613
386,94.23828125,2.174445
387,94.482421875,1.9336085
388,94.7265625,1.6833252
389,94.970703125,1.4648124
390,95.21484375,1.1642025
391,95.458984375,0.92482793
392,95.703125,0.61302817
393,95.947265625,0.39519006
394,96.19140625,0.12831868
395,96.435546875,-0.14269127
396,96.6796875,-0.46856
397,96.923828125,-0.7140862
398,97.16796875,-1.05435
399,97.412109375,-1.365014
400,97.65625,-1.5705936
401,97.900390625,-1.8017247
402,98.14453125,-2.0244887
403,98.388671875,-2.2536404
404,98.6328125,-2.4217932
405,98.876953125,-2.585987
406,99.12109375,-2.717612
407,99.365234375,-2.8475277
408,99.609375,-2.9461339
409,99.853515625,-3.0702016
410,100.09765625,-3.2527492
411,100.341796875,-3.344608
412,100.5859375,-3.481631
413,100.830078125,-3.5810473
414,101.07421875,-3.6119068
415,101.318359375,-3.6222532
416,101.5625,-3.589864
417,101.806640625,-3.605249
418,102.05078125,-3.5429
419,102.294921875,-3.4334974
420,102.5390625,-3.3423588
421,102.783203125,-3.3115892
422,103.02734375,-3.1913004
423,103.271484375,-3.0237775
424,103.515625,-2.8133392
425,103.759765625,-2.66471
426,104.00390625,-2.465968
427,104.248046875,-2.2184625
428,104.4921875,-2.0403233
429,104.736328125,-1.8064932
430,104.98046875,-1.5617766
431,105.224609375,-1.2949278
432,105.46875,-1.0817006
433,105.712890625,-0.81989
434,105.95703125,-0.55744964
435,106.201171875,-0.2492149
436,106.4453125,0.040879793
437,106.689453125,0.30347762
438,106.93359375,0.6180327
439,107.177734375,0.91206354
440,107.421875,1.1776979
441,107.666015625,1.4392273
442,107.91015625,1.6765212
443,108.154296875,1.8805828
444,108.3984375,2.0860503
445,108.642578125,2.2567108
446,108.88671875,2.4523938
447,109.130859375,2.6188369
448,109.375,2.7136984
449,109.619140625,2.8678832
450,109.86328125,3.0184693
451,110.107421875,3.0962927
452,110.3515625,3.1998136
453,110.595703125,3.3675501
454,110.83984375,3.5026727
455,111.083984375,3.525615
456,111.328125,3.4787745
457,111.572265625,3.4991865
458,111.81640625,3.4818673
459,112.060546875,3.3931913
460,112.3046875,3.3337553
461,112.548828125,3.2730262
462,112.79296875,3.1357105
463,113.037109375,3.0465846
464,113.28125,2.9119682
465,113.525390625,2.7488987
466,113.76953125,2.5597384
467,114.013671875,2.3614688
468,114.2578125,2.1992989
469,114.501953125,2.00952
470,114.74609375,1.7718887
471,114.990234375,1.5180067
472,115.234375,1.2360654
473,115.478515625,0.96486425
474,115.72265625,0.7178424
475,115.966796875,0.4602491
476,116.2109375,0.20141873
477,116.455078125,-0.08313161
478,116.69921875,-0.37355244
479,116.943359375,-0.6879051
480,117.1875,-0.9823746
481,117.431640625,-1.2257415
482,117.67578125,-1.4958292
483,117.919921875,-1.7423451
484,118.1640625,-1.9255226
485,118.408203125,-2.2013683
486,118.65234375,-2.37231
487,118.896484375,-2.5278668
488,119.140625,-2.6379893
489,119.384765625,-2.7876081
490,119.62890625,-2.9263408
491,119.873046875,-3.0381725
492,120.1171875,-3.1626
493,120.361328125,-3.321126
494,120.60546875,-3.4787521
495,120.849609375,-3.5775385
496,121.09375,-3.5853658
497,121.337890625,-3.6201837
498,121.58203125,-3.6062386
499,121.826171875,-3.5773585
500,122.0703125,-3.5685415
501,122.314453125,-3.534803
502,122.55859375,-3.3863537
503,122.802734375,-3.3251746
504,123.046875,-3.2198205
505,123.291015625,-3.0467196
506,123.53515625,-2.8450086
507,123.779296875,-2.688732
508,124.0234375,-2.5527885
509,124.267578125,-2.346129
510,124.51171875,-2.1275935
511,124.755859375,-1.9050095
512,125.0,-1.6754079
513,125.244140625,-1.358626
514,125.48828125,-1.1546657
515,125.732421875,-0.9099493
516,125.9765625,-0.62384695
517,126.220703125,-0.40369216
518,126.46484375,-0.087720044
519,126.708984375,0.17229116
520,126.953125,0.4756001
521,127.197265625,0.762827
522,127.44140625,1.0773821
523,127.685546875,1.3254724
524,127.9296875,1.5641721
525,128.173828125,1.8072579
526,128.41796875,2.0017602
527,128.662109375,2.2025042
528,128.90625,2.3382452
529,129.150390625,2.503339
530,129.39453125,2.6482458
531,129.638671875,2.8043425
532,129.8828125,2.9001598
533,130.126953125,3.0625544
534,130.37109375,3.1868243
535,130.615234375,3.2864654
536,130.859375,3.4129283
537,131.103515625,3.5094204
538,131.34765625,3.4590375
539,131.591796875,3.4697778
540,131.8359375,3.476694
541,132.080078125,3.4569006
542,132.32421875,3.3377478
543,132.568359375,3.2780867
544,132.8125,3.1927848
545,133.056640625,3.1043336
546,133.30078125,2.9362597
547,133.544921875,2.765768
548,133.7890625,2.588416
549,134.033203125,2.4201174
550,134.27734375,2.2385483
551,134.521484375,2.0208786
552,134.765625,1.7941561
553,135.009765625,1.5447162
554,135.25390625,1.31417
555,135.498046875,1.0639429
556,135.7421875,0.81309736
557,135.986328125,0.5511743
558,136.23046875,0.26608413
559,136.474609375,0.0037674634
560,136.71875,-0.2977983
561,136.962890625,-0.6157498
562,137.20703125,-0.91705686
563,137.451171875,-1.1910133
564,137.6953125,-1.4627205
565,137.939453125,-1.739826
566,138.18359375,-1.9518836
567,138.427734375,-2.1299329
568,138.671875,-2.363313
569,138.916015625,-2.498357
570,139.16015625,-2.6728973
571,139.404296875,-2.7653856
572,139.6484375,-2.9046583
573,139.892578125,-3.0704715
574,140.13671875,-3.141817
575,140.380859375,-3.3025022
576,140.625,-3.4483426
577,140.869140625,-3.5476687
578,141.11328125,-3.622793
579,141.357421875,-3.672636
580,141.6015625,-3.6234229
581,141.845703125,-3.6330495
582,142.08984375,-3.5914836
583,142.333984375,-3.5019643
584,142.578125,-3.4853199
585,142.822265625,-3.329853
586,143.06640625,-3.227288
587,143.310546875,-3.1346197
588,143.5546875,-2.9525218
589,143.798828125,-2.7190516
590,144.04296875,-2.5806787
591,144.287109375,-2.3649325
592,144.53125,-2.1246245
593,144.775390625,-1.9188648
594,145.01953125,-1.6562444
595,145.263671875,-1.4137772
596,145.5078125,-1.1893939
597,145.751953125,-0.9236246
598,145.99609375,-0.63644266
599,146.240234375,-0.3898369
600,146.484375,-0.105354026
601,146.728515625,0.19416495
602,146.97265625,0.45946184
603,147.216796875,0.7829577
604,147.4609375,1.0949824
605,147.705078125,1.3837837
606,147.94921875,1.6508237
607,148.193359375,1.8643322
608,148.4375,2.0783465
609,148.681640625,2.33504
610,148.92578125,2.459254
611,149.169921875,2.5951638
612,149.4140625,2.7415888
613,149.658203125,2.9071884
614,149.90234375,2.970392
615,150.146484375,3.119516
616,150.390625,3.229391
617,150.634765625,3.3491626
618,150.87890625,3.4926074
619,151.123046875,3.5711617
620,151.3671875,3.6018076
621,151.611328125,3.5569355
622,151.85546875,3.5296636
623,152.099609375,3.505147
624,152.34375,3.4682033
625,152.587890625,3.322903
626,152.83203125,3.2230933
627,153.076171875,3.1345296
628,153.3203125,3.0209997
629,153.564453125,2.8372936
630,153.80859375,2.6686573
631,154.052734375,2.4700503
632,154.296875,2.2617152
633,154.541015625,2.0489378
634,154.78515625,1.8210906
635,155.029296875,1.5904882
636,155.2734375,1.3362125
637,155.517578125,1.0654049
638,155.76171875,0.80674326
639,156.005859375,0.49393135
640,156.25,0.24662828
641,156.494140625,-0.033468574
642,156.73828125,-0.25605255
643,156.982421875,-0.5731043
644,157.2265625,-0.9297426
645,157.470703125,-1.25912
646,157.71484375,-1.5182315
647,157.958984375,-1.7446842
648,158.203125,-1.9688876
649,158.447265625,-2.2133343
650,158.69140625,-2.4102771
651,158.935546875,-2.5692527
652,159.1796875,-2.747212
653,159.423828125,-2.8734388
654,159.66796875,-2.9837413
655,159.912109375,-3.0936835
656,160.15625,-3.2803698
657,160.400390625,-3.364851
658,160.64453125,-3.4803717
659,160.888671875,-3.6076782
660,161.1328125,-3.7066443
661,161.376953125,-3.6762347
662,161.62109375,-3.6982772
663,161.865234375,-3.6646287
664,162.109375,-3.6765046
665,162.353515625,-3.5653026
666,162.59765625,-3.4814513
667,162.841796875,-3.449692
668,163.0859375,-3.3246348
669,163.330078125,-3.1522536
670,163.57421875,-2.9994857
671,163.818359375,-2.8143291
672,164.0625,-2.6223345
673,164.306640625,-2.422333
674,164.55078125,-2.217203
675,164.794921875,-2.0113533
676,165.0390625,-1.7400959
677,165.283203125,-1.5179616
678,165.52734375,-1.2079276
679,165.771484375,-1.0188121
680,166.015625,-0.735049
681,166.259765625,-0.4413893
682,166.50390625,-0.17229116
683,166.748046875,0.10442059
684,166.9921875,0.42015654
685,167.236328125,0.73060673
686,167.48046875,1.0211513
687,167.724609375,1.304442
688,167.96875,1.5631038
689,168.212890625,1.810688
690,168.45703125,2.039435
691,168.701171875,2.212963
692,168.9453125,2.4295077
693,169.189453125,2.5836928
694,169.43359375,2.7021148
695,169.677734375,2.847584
696,169.921875,2.988161
697,170.166015625,3.0653658
698,170.41015625,3.198914
699,170.654296875,3.3273451
700,170.8984375,3.4820359
701,171.142578125,3.5768974
702,171.38671875,3.5761101
703,171.630859375,3.5603092
704,171.875,3.5053718
705,172.119140625,3.5292137
706,172.36328125,3.4750633
707,172.607421875,3.4299662
708,172.8515625,3.29102
709,173.095703125,3.183113
710,173.33984375,3.0746439
711,173.583984375,2.9276004
712,173.828125,2.687045
713,174.072265625,2.509918
714,174.31640625,2.3938575
715,174.560546875,2.161062
716,174.8046875,1.9339458
717,175.048828125,1.7071108
718,175.29296875,1.4478868
719,175.537109375,1.1899562
720,175.78125,0.9274708
721,176.025390625,0.6829793
722,176.26953125,0.4166702
723,176.513671875,0.08642674
724,176.7578125,-0.13450406
725,177.001953125,-0.43140268
726,177.24609375,-0.74908423
727,177.490234375,-1.027539
728,177.734375,-1.3278567
729,177.978515625,-1.6106299
730,178.22265625,-1.806763
731,178.466796875,-2.0301569
732,178.7109375,-2.2597585
733,178.955078125,-2.4209833
734,179.19921875,-2.588596
735,179.443359375,-2.7573783
736,179.6875,-2.8647118
737,179.931640625,-2.9889593
738,180.17578125,-3.1173456
739,180.419921875,-3.2836986
740,180.6640625,-3.3894126
741,180.908203125,-3.446903
742,181.15234375,-3.6085777
743,181.396484375,-3.6447453
744,181.640625,-3.6101072
745,181.884765625,-3.6109169
746,182.12890625,-3.6323297
747,182.373046875,-3.5914836
748,182.6171875,-3.5142
749,182.861328125,-3.420722
750,183.10546875,-3.3364208
751,183.349609375,-3.2046156
752,183.59375,-3.0408716
753,183.837890625,-2.81109
754,184.08203125,-2.6864827
755,184.326171875,-2.506184
756,184.5703125,-2.3085217
757,184.814453125,-2.0972738
758,185.05859375,-1.862814
759,185.302734375,-1.6017231
760,185.546875,-1.3539478
761,185.791015625,-1.066046
762,186.03515625,-0.8848478
763,186.279296875,-0.5775128
764,186.5234375,-0.28304335
765,186.767578125,0.019455858
766,187.01171875,0.25686228
767,187.255859375,0.5324494
768,187.5,0.87888736
769,187.744140625,1.1389548
770,187.98828125,1.3770922
771,188.232421875,1.6462692
772,188.4765625,1.8708549
773,188.720703125,2.0665941
774,188.96484375,2.267563
775,189.208984375,2.4158437
776,189.453125,2.5735712
777,189.697265625,2.7115054
778,189.94140625,2.8095155
779,190.185546875,2.9961457
780,190.4296875,3.1051774
781,190.673828125,3.1978457
782,190.91796875,3.3310564
783,191.162109375,3.480855
784,191.40625,3.4960375
785,191.650390625,3.4791121
786,191.89453125,3.5150435
787,192.138671875,3.4751196
788,192.3828125,3.4003327
789,192.626953125,3.3366232
790,192.87109375,3.2527268
791,193.115234375,3.1536481
792,193.359375,3.042255
793,193.603515625,2.9110122
794,193.84765625,2.75261
795,194.091796875,2.5572643
796,194.3359375,2.3348715
797,194.580078125,2.2138627
798,194.82421875,1.9970369
799,195.068359375,1.7412992
800,195.3125,1.4822439
801,195.556640625,1.2852674
802,195.80078125,0.9970283
803,196.044921875,0.7158743
804,196.2890625,0.45721263
805,196.533203125,0.23521344
806,196.77734375,-0.047053933
807,197.021484375,-0.35771787
808,197.265625,-0.6516475
809,197.509765625,-0.910849
810,197.75390625,-1.1998303
811,197.998046875,-1.4681187
812,198.2421875,-1.7457639
813,198.486328125,-1.9161656
814,198.73046875,-2.1195862
815,198.974609375,-2.3229167
816,199.21875,-2.491969
817,199.462890625,-2.620985
818,199.70703125,-2.7514405
819,199.951171875,-2.8941317
820,200.1953125,-3.037273
821,200.439453125,-3.1288617
822,200.68359375,-3.285768
823,200.927734375,-3.4303486
824,201.171875,-3.4917977
825,201.416015625,-3.5526168
826,201.66015625,-3.5770886
827,201.904296875,-3.6072283
828,202.1484375,-3.5595446
829,202.392578125,-3.564493
830,202.63671875,-3.5057428
831,202.880859375,-3.3621519
832,203.125,-3.2434826
833,203.369140625,-3.1934595
834,203.61328125,-3.0890052
835,203.857421875,-2.885135
836,204.1015625,-2.6870224
837,204.345703125,-2.5266972
838,204.58984375,-2.3158994
839,204.833984375,-2.1098697
840,205.078125,-1.921204
841,205.322265625,-1.6949313
842,205.56640625,-1.4167463
843,205.810546875,-1.1559253
844,206.0546875,-0.901942
845,206.298828125,-0.6144002
846,206.54296875,-0.37643147
847,206.787109375,-0.107693225
848,207.03125,0.1847744
849,207.275390625,0.4854967
850,207.51953125,0.81275994
851,207.763671875,1.0651801
852,208.0078125,1.3781044
853,208.251953125,1.5512953
854,208.49609375,1.8103507
855,208.740234375,2.0554044
856,208.984375,2.2111638
857,209.228515625,2.3771572
858,209.47265625,2.5907779
859,209.716796875,2.645153
860,209.9609375,2.8043985
861,210.205078125,2.9070199
862,210.44921875,3.066378
863,210.693359375,3.1908166
864,210.9375,3.2750506
865,211.181640625,3.432328
866,211.42578125,3.5089142
867,211.669921875,3.5009856
868,211.9140625,3.4703963
869,212.158203125,3.4672472
870,212.40234375,3.4531896
871,212.646484375,3.350962
872,212.890625,3.2516022
873,213.134765625,3.194022
874,213.37890625,3.0739129
875,213.623046875,2.9150047
876,213.8671875,2.7802193
877,214.111328125,2.5588949
878,214.35546875,2.3886843
879,214.599609375,2.2085772
880,214.84375,2.0171113
881,215.087890625,1.7928628
882,215.33203125,1.5474154
883,215.576171875,1.2443876
884,215.8203125,1.0681603
885,216.064453125,0.8078117
886,216.30859375,0.51186895
887,216.552734375,0.26793975
888,216.796875,-0.046514116
889,217.041015625,-0.28736186
890,217.28515625,-0.59442705
891,217.529296875,-0.9164271
892,217.7734375,-1.203609
893,218.017578125,-1.4392385
894,218.26171875,-1.710136
895,218.505859375,-1.9287612
896,218.75,-2.0941248
897,218.994140625,-2.321747
898,219.23828125,-2.5073538
899,219.482421875,-2.6163964
900,219.7265625,-2.766915
901,219.970703125,-2.9045682
902,220.21484375,-3.0269263
903,220.458984375,-3.1328201
904,220.703125,-3.242223
905,220.947265625,-3.4024582
906,221.19140625,-3.5745695
907,221.435546875,-3.563503
908,221.6796875,-3.5954423
909,221.923828125,-3.6310701
910,222.16796875,-3.5545962
911,222.412109375,-3.5437999
912,222.65625,-3.5451493
913,222.900390625,-3.458149
914,223.14453125,-3.3394797
915,223.388671875,-3.2074947
916,223.6328125,-3.1194148
917,223.876953125,-2.9495528
918,224.12109375,-2.7393847
919,224.365234375,-2.527417
920,224.609375,-2.3824763
921,224.853515625,-2.158093
922,225.09765625,-1.9330798
923,225.341796875,-1.6977203
924,225.5859375,-1.481704
925,225.830078125,-1.1849854
926,226.07421875,-0.93055224
927,226.318359375,-0.69231355
928,226.5625,-0.45812356
929,226.806640625,-0.14386088
930,227.05078125,0.092499666
931,227.294921875,0.4573813
932,227.5390625,0.75270545
933,227.783203125,1.066361
934,228.02734375,1.3211988
935,228.271484375,1.5607983
936,228.515625,1.796574
937,228.759765625,1.9781996
938,229.00390625,2.2459145
939,229.248046875,2.3674853
940,229.4921875,2.5154285
941,229.736328125,2.6449845
942,229.98046875,2.7968636
943,230.224609375,2.9142735
944,230.46875,3.0545132
945,230.712890625,3.2034686
946,230.95703125,3.293213
947,231.201171875,3.3953843
948,231.4453125,3.4836104
949,231.689453125,3.5143125
950,231.93359375,3.487603
951,232.177734375,3.4407065
952,232.421875,3.4597123
953,232.666015625,3.3956094
954,232.91015625,3.270552
955,233.154296875,3.1747348
956,233.3984375,3.058393
957,233.642578125,2.9518359
958,233.88671875,2.7676237
959,234.130859375,2.5831304
960,234.375,2.449245
961,234.619140625,2.2625024
962,234.86328125,2.0281887
963,235.107421875,1.8171545
964,235.3515625,1.6151736
965,235.595703125,1.3357626
966,235.83984375,1.0808685
967,236.083984375,0.8535835
968,236.328125,0.58125776
969,236.572265625,0.33491066
970,236.81640625,-0.0009896621
971,237.060546875,-0.20566978
972,237.3046875,-0.51408446
973,237.548828125,-0.8339252
974,237.79296875,-1.1497173
975,238.037109375,-1.3953335
976,238.28125,-1.6303333
977,238.525390625,-1.9048295
978,238.76953125,-2.0888166
979,239.013671875,-2.2824306
980,239.2578125,-2.4563413
981,239.501953125,-2.565294
982,239.74609375,-2.6872025
983,239.990234375,-2.8822558
984,240.234375,-2.9673667
985,240.478515625,-3.174296
986,240.72265625,-3.2612963
987,240.966796875,-3.3758273
988,241.2109375,-3.5215776
989,241.455078125,-3.6272013
990,241.69921875,-3.6106472
991,241.943359375,-3.599491
992,242.1875,-3.6187444
993,242.431640625,-3.6303504
994,242.67578125,-3.5325537
995,242.919921875,-3.487749
996,243.1640625,-3.3880632
997,243.408203125,-3.2338557
998,243.65234375,-3.1285915
999,243.896484375,-2.963588
1000,244.140625,-2.7958853
1001,244.384765625,-2.609469
1002,244.62890625,-2.4238622
1003,244.873046875,-2.2217913
1004,245.1171875,-2.012073
1005,245.361328125,-1.7462137
1006,245.60546875,-1.490971
1007,245.849609375,-1.2244818
1008,246.09375,-0.9873228
1009,246.337890625,-0.68898475
1010,246.58203125,-0.48394477
1011,246.826171875,-0.20333056
1012,247.0703125,0.0989662
1013,247.314453125,0.39299703
1014,247.55859375,0.67353255
1015,247.802734375,0.9861195
1016,248.046875,1.2799816
1017,248.291015625,1.5478089
1018,248.53515625,1.7721698
1019,248.779296875,1.9588561
1020,249.0234375,2.1655605
1021,249.267578125,2.3517408
1022,249.51171875,2.5317917
1023,249.755859375,2.613945
1024,250.0,2.7760584
1025,250.244140625,2.8745184
1026,250.48828125,3.0021625
1027,250.732421875,3.1390843
1028,250.9765625,3.2414243
1029,251.220703125,3.3856003
1030,251.46484375,3.4689906
1031,251.708984375,3.5311818
1032,251.953125,3.5257835
1033,252.197265625,3.4935071
1034,252.44140625,3.446948
1035,252.685546875,3.4130971
1036,252.9296875,3.3294818
1037,253.173828125,3.2254548
1038,253.41796875,3.131662
1039,253.662109375,3.0393872
1040,253.90625,2.8445475
1041,254.150390625,2.6868763
1042,254.39453125,2.4970973
1043,254.638671875,2.31356
1044,254.8828125,2.0926855
1045,255.126953125,1.8952029
1046,255.37109375,1.6395214
1047,255.615234375,1.4260131
1048,255.859375,1.1327693
1049,256.103515625,0.86072487
1050,256.34765625,0.6307409
1051,256.591796875,0.417345
1052,256.8359375,0.09041912
1053,257.080078125,-0.14404081
1054,257.32421875,-0.44912663
1055,257.568359375,-0.7069786
1056,257.8125,-1.0258297
1057,258.056640625,-1.31787
1058,258.30078125,-1.5598874
1059,258.544921875,-1.800915
1060,258.7890625,-2.0187306
1061,259.033203125,-2.216753
1062,259.27734375,-2.378248
1063,259.521484375,-2.5312855
1064,259.765625,-2.6928706
1065,260.009765625,-2.8629124
1066,260.25390625,-2.9249911
1067,260.498046875,-3.0851364
1068,260.7421875,-3.2138824
1069,260.986328125,-3.3310227
1070,261.23046875,-3.4223413
1071,261.474609375,-3.5484784
1072,261.71875,-3.592653
1073,261.962890625,-3.5894144
1074,262.20703125,-3.5974216
1075,262.451171875,-3.5943625
1076,262.6953125,-3.5331836
1077,262.939453125,-3.4520311
1078,263.18359375,-3.3761873
1079,263.427734375,-3.2937753
1080,263.671875,-3.1902208
1081,263.916015625,-3.0023649
1082,264.16015625,-2.8498669
1083,264.404296875,-2.6515746
1084,264.6484375,-2.4482439
1085,264.892578125,-2.2809012
1086,265.13671875,-2.07937
1087,265.380859375,-1.8479689
1088,265.625,-1.6082909
1089,265.869140625,-1.3487295
1090,266.11328125,-1.0998745
1091,266.357421875,-0.85272884
1092,266.6015625,-0.54917246
1093,266.845703125,-0.31138366
1094,267.08984375,0.0104589285
1095,267.333984375,0.29751715
1096,267.578125,0.58688086
1097,267.822265625,0.88630986
1098,268.06640625,1.1518316
1099,268.310546875,1.4244949
1100,268.5546875,1.6768024
1101,268.798828125,1.8886802
1102,269.04296875,2.0795274
1103,269.287109375,2.2757168
1104,269.53125,2.4698255
1105,269.775390625,2.5265062
1106,270.01953125,2.7152164
1107,270.263671875,2.8426356
1108,270.5078125,2.9525106
1109,270.751953125,3.0689645
1110,270.99609375,3.1844063
1111,271.240234375,3.3642888
1112,271.484375,3.457688
1113,271.728515625,3.4789994
1114,271.97265625,3.4499283
1115,272.216796875,3.454539
1116,272.4609375,3.4349146
1117,272.705078125,3.3774467
1118,272.94921875,3.3379164
1119,273.193359375,3.2917511
1120,273.4375,3.1144552
1121,273.681640625,3.0071669
1122,273.92578125,2.8460655
1123,274.169921875,2.6903625
1124,274.4140625,2.5005274
1125,274.658203125,2.345218
1126,274.90234375,2.1967685
1127,275.146484375,1.9984987
1128,275.390625,1.7218995
1129,275.634765625,1.4784203
1130,275.87890625,1.2207144
1131,276.123046875,0.9626713
1132,276.3671875,0.69540626
1133,276.611328125,0.46767154
1134,276.85546875,0.18719234
1135,277.099609375,-0.038956698
1136,277.34375,-0.38075
1137,277.587890625,-0.6396816
1138,277.83203125,-0.92434436
1139,278.076171875,-1.2029792
1140,278.3203125,-1.4763058
1141,278.564453125,-1.7135549
1142,278.80859375,-1.9057292
1143,279.052734375,-2.1609719
1144,279.296875,-2.3382118
1145,279.541015625,-2.5335348
1146,279.78515625,-2.6073096
1147,280.029296875,-2.7867084
1148,280.2734375,-2.9271505
1149,280.517578125,-3.037453
1150,280.76171875,-3.1793344
1151,281.005859375,-3.3130288
1152,281.25,-3.4286392
1153,281.494140625,-3.508982
1154,281.73828125,-3.6267517
1155,281.982421875,-3.6332293
1156,282.2265625,-3.619554
1157,282.470703125,-3.5777183
1158,282.71484375,-3.5819468
1159,282.958984375,-3.5164495
1160,283.203125,-3.388783
1161,283.447265625,-3.3342614
1162,283.69140625,-3.215952
1163,283.935546875,-3.0706515
1164,284.1796875,-2.8737087
1165,284.423828125,-2.6921506
1166,284.66796875,-2.533175
1167,284.912109375,-2.3355124
1168,285.15625,-2.0728922
1169,285.400390625,-1.8811678
1170,285.64453125,-1.6259248
1171,285.888671875,-1.3797688
1172,286.1328125,-1.0870088
1173,286.376953125,-0.82798725
1174,286.62109375,-0.5932574
1175,286.865234375,-0.278185
1176,287.109375,-0.035627834
1177,287.353515625,0.26029238
1178,287.59765625,0.5375664
1179,287.841796875,0.8825424
1180,288.0859375,1.1311387
1181,288.330078125,1.4469872
1182,288.57421875,1.6778709
1183,288.818359375,1.9040872
1184,289.0625,2.1362643
1185,289.306640625,2.2915175
1186,289.55078125,2.4537997
1187,289.794921875,2.6175437
1188,290.0390625,2.736528
1189,290.283203125,2.8627663
1190,290.52734375,2.9926593
1191,290.771484375,3.1094508
1192,291.015625,3.258181
1193,291.259765625,3.3267267
1194,291.50390625,3.4483535
1195,291.748046875,3.518867
1196,291.9921875,3.5067215
1197,292.236328125,3.506215
1198,292.48046875,3.494013
1199,292.724609375,3.4497032
1200,292.96875,3.3574286
1201,293.212890625,3.262792
1202,293.45703125,3.1762528
1203,293.701171875,3.0503523
1204,293.9453125,2.9268694
1205,294.189453125,2.7183094
1206,294.43359375,2.5666547
1207,294.677734375,2.383511
1208,294.921875,2.1630864
1209,295.166015625,1.9821357
1210,295.41015625,1.8001728
1211,295.654296875,1.4888228
1212,295.8984375,1.2560275
1213,296.142578125,1.0026515
1214,296.38671875,0.7333058
1215,296.630859375,0.48898304
1216,296.875,0.19495219
1217,297.119140625,-0.12109865
1218,297.36328125,-0.36743453
1219,297.607421875,-0.6566857
1220,297.8515625,-0.97130835
1221,298.095703125,-1.2709961
1222,298.33984375,-1.5239896
1223,298.583984375,-1.8035241
1224,298.828125,-2.0187306
1225,299.072265625,-2.1898522
1226,299.31640625,-2.3975012
1227,299.560546875,-2.57663
1228,299.8046875,-2.69422
1229,300.048828125,-2.8476176
1230,300.29296875,-2.9862602
1231,300.537109375,-3.1361492
1232,300.78125,-3.2352953
1233,301.025390625,-3.347577
1234,301.26953125,-3.540561
1235,301.513671875,-3.6157753
1236,301.7578125,-3.6864014
1237,302.001953125,-3.7126722
1238,302.24609375,-3.7085338
1239,302.490234375,-3.6711965
1240,302.734375,-3.6474447
1241,302.978515625,-3.57349
1242,303.22265625,-3.4963863
1243,303.466796875,-3.3608923
1244,303.7109375,-3.268494
1245,303.955078125,-3.171867
1246,304.19921875,-2.9558506
1247,304.443359375,-2.746582
1248,304.6875,-2.5201294
1249,304.931640625,-2.3766284
1250,305.17578125,-2.1620517
1251,305.419921875,-1.9320902
1252,305.6640625,-1.6735185
1253,305.908203125,-1.4280823
1254,306.15234375,-1.1507071
1255,306.396484375,-0.8842181
1256,306.640625,-0.664693
1257,306.884765625,-0.3593373
1258,307.12890625,-0.051642366
1259,307.373046875,0.20642327
1260,307.6171875,0.5269388
1261,307.861328125,0.80286336
1262,308.10546875,1.1455338
1263,308.349609375,1.43113
1264,308.59375,1.6812447
1265,308.837890625,1.8666377
1266,309.08203125,2.0803146
1267,309.326171875,2.304057
1268,309.5703125,2.4516065
1269,309.814453125,2.626147
1270,310.05859375,2.783312
1271,310.302734375,2.8995974
1272,310.546875,2.971067
1273,310.791015625,3.115805
1274,311.03515625,3.2512085
1275,311.279296875,3.3821137
1276,311.5234375,3.48839
1277,311.767578125,3.568744
1278,312.01171875,3.5866814
1279,312.255859375,3.5596344
1280,312.5,3.5111637
1281,312.744140625,3.5289326
1282,312.98828125,3.4676409
1283,313.232421875,3.3298755
1284,313.4765625,3.2414243
1285,313.720703125,3.1576407
1286,313.96484375,3.0037367
1287,314.208984375,2.813002
1288,314.453125,2.6240103
1289,314.697265625,2.4463208
1290,314.94140625,2.2495694
1291,315.185546875,2.043371
1292,315.4296875,1.8439204
1293,315.673828125,1.5894197
1294,315.91796875,1.3142262
1295,316.162109375,1.0877849
1296,316.40625,0.8224317
1297,316.650390625,0.5459448
1298,316.89453125,0.27789262
1299,317.138671875,0.03610017
1300,317.3828125,-0.2661291
1301,317.626953125,-0.54674333
1302,317.87109375,-0.88187885
1303,318.115234375,-1.1983008
1304,318.359375,-1.4384288
1305,318.603515625,-1.7084267
1306,318.84765625,-1.9521533
1307,319.091796875,-2.1503558
1308,319.3359375,-2.299345
1309,319.580078125,-2.4461746
1310,319.82421875,-2.6725373
1311,320.068359375,-2.8098304
1312,320.3125,-2.905198
1313,320.556640625,-3.048429
1314,320.80078125,-3.2058752
1315,321.044921875,-3.2890968
1316,321.2890625,-3.4461832
1317,321.533203125,-3.5910337
1318,321.77734375,-3.6877508
1319,322.021484375,-3.6529326
1320,322.265625,-3.6532924
1321,322.509765625,-3.6625593
1322,322.75390625,-3.6541922
1323,322.998046875,-3.566472
1324,323.2421875,-3.5236468
1325,323.486328125,-3.4135244
1326,323.73046875,-3.3099697
1327,323.974609375,-3.1581917
1328,324.21875,-3.0121715
1329,324.462890625,-2.826295
1330,324.70703125,-2.6159468
1331,324.951171875,-2.4895399
1332,325.1953125,-2.2454534
1333,325.439453125,-2.005685
1334,325.68359375,-1.7423451
1335,325.927734375,-1.5247093
1336,326.171875,-1.2411262
1337,326.416015625,-0.99047184
1338,326.66015625,-0.72551227
1339,326.904296875,-0.47719705
1340,327.1484375,-0.20414029
1341,327.392578125,0.106219985
1342,327.63671875,0.388836
1343,327.880859375,0.69023305
1344,328.125,0.9998961
1345,328.369140625,1.2773951
1346,328.61328125,1.5735626
1347,328.857421875,1.792919
1348,329.1015625,2.0083954
1349,329.345703125,2.2199357
1350,329.58984375,2.3877285
1351,329.833984375,2.5488858
1352,330.078125,2.6441972
1353,330.322265625,2.7968075
1354,330.56640625,2.9354725
1355,330.810546875,3.0173447
1356,331.0546875,3.1407714
1357,331.298828125,3.2891643
1358,331.54296875,3.4004452
1359,331.787109375,3.503966
1360,332.03125,3.5075088
1361,332.275390625,3.52151
1362,332.51953125,3.4898522
1363,332.763671875,3.4612868
1364,333.0078125,3.4485223
1365,333.251953125,3.3593967
1366,333.49609375,3.2474973
1367,333.740234375,3.1322243
1368,333.984375,3.0239239
1369,334.228515625,2.81109
1370,334.47265625,2.66877
1371,334.716796875,2.5163846
1372,334.9609375,2.3516283
1373,335.205078125,2.1173146
1374,335.44921875,1.8952029
1375,335.693359375,1.66938
1376,335.9375,1.4228642
1377,336.181640625,1.1668453
1378,336.42578125,0.90936446
1379,336.669921875,0.6561572
1380,336.9140625,0.43140268
1381,337.158203125,0.12545091
1382,337.40234375,-0.15096846
1383,337.646484375,-0.44876677
1384,337.890625,-0.7646489
1385,338.134765625,-1.015843
1386,338.37890625,-1.3203892
1387,338.623046875,-1.5526898
1388,338.8671875,-1.8353733
1389,339.111328125,-2.0339353
1390,339.35546875,-2.2046072
1391,339.599609375,-2.3853555
1392,339.84375,-2.57726
1393,340.087890625,-2.7419038
1394,340.33203125,-2.8330426
1395,340.576171875,-2.954591
1396,340.8203125,-3.160081
1397,341.064453125,-3.2565281
1398,341.30859375,-3.3861737
1399,341.552734375,-3.4834304
1400,341.796875,-3.5941827
1401,342.041015625,-3.6148758
1402,342.28515625,-3.6150556
1403,342.529296875,-3.6270213
1404,342.7734375,-3.6761446
1405,343.017578125,-3.6263018
1406,343.26171875,-3.4962962
1407,343.505859375,-3.4114552
1408,343.75,-3.3258944
1409,343.994140625,-3.1497343
1410,344.23828125,-3.0206285
1411,344.482421875,-2.8447385
1412,344.7265625,-2.6828837
1413,344.970703125,-2.4845917
1414,345.21484375,-2.3091514
1415,345.458984375,-2.0748715
1416,345.703125,-1.8609246
1417,345.947265625,-1.587328
1418,346.19140625,-1.3301058
1419,346.435546875,-1.0833201
1420,346.6796875,-0.83212584
1421,346.923828125,-0.55915904
1422,347.16796875,-0.27629566
1423,347.412109375,-0.042105623
1424,347.65625,0.26040483
1425,347.900390625,0.6146027
1426,348.14453125,0.8676975
1427,348.388671875,1.1703879
1428,348.6328125,1.436247
1429,348.876953125,1.6666808
1430,349.12109375,1.9065052
1431,349.365234375,2.0812142
1432,349.609375,2.267788
1433,349.853515625,2.4815214
1434,350.09765625,2.6034298
1435,350.341796875,2.674168
1436,350.5859375,2.8175004
1437,350.830078125,2.958246
1438,351.07421875,3.0699766
1439,351.318359375,3.2038622
1440,351.5625,3.3367918
1441,351.806640625,3.4370513
1442,352.05078125,3.4553826
1443,352.294921875,3.4792807
1444,352.5390625,3.4563386
1445,352.783203125,3.4357018
1446,353.02734375,3.3844194
1447,353.271484375,3.340728
1448,353.515625,3.252502
1449,353.759765625,3.110013
1450,354.00390625,3.0441668
1451,354.248046875,2.898023
1452,354.4921875,2.7173533
1453,354.736328125,2.5116048
1454,354.98046875,2.3797998
1455,355.224609375,2.1985118
1456,355.46875,1.9728575
1457,355.712890625,1.7405682
1458,355.95703125,1.5069854
1459,356.201171875,1.2853799
1460,356.4453125,0.9610968
1461,356.689453125,0.724815
1462,356.93359375,0.50410914
1463,357.177734375,0.2079415
1464,357.421875,-0.053621687
1465,357.666015625,-0.32002074
1466,357.91015625,-0.6479587
1467,358.154296875,-0.93756986
1468,358.3984375,-1.2174643
1469,358.642578125,-1.4886317
1470,358.88671875,-1.7319086
1471,359.130859375,-1.9224634
1472,359.375,-2.1669102
1473,359.619140625,-2.354586
1474,359.86328125,-2.480543
1475,360.107421875,-2.6600316
1476,360.3515625,-2.8092008
1477,360.595703125,-2.9489229
1478,360.83984375,-3.0421312
1479,361.083984375,-3.2198205
1480,361.328125,-3.3157277
1481,361.572265625,-3.440515
1482,361.81640625,-3.5804174
1483,362.060546875,-3.6182046
1484,362.3046875,-3.6525729
1485,362.548828125,-3.5817668
1486,362.79296875,-3.5647628
1487,363.037109375,-3.558375
1488,363.28125,-3.502234
1489,363.525390625,-3.3583732
1490,363.76953125,-3.2979138
1491,364.013671875,-3.227738
1492,364.2578125,-3.060035
1493,364.501953125,-2.853016
1494,364.74609375,-2.6993484
1495,364.990234375,-2.5003362
1496,365.234375,-2.28378
1497,365.478515625,-2.0804496
1498,365.72265625,-1.8647032
1499,365.966796875,-1.6362712
1500,366.2109375,-1.3714917
1501,366.455078125,-1.1148993
1502,366.69921875,-0.8429222
1503,366.943359375,-0.6027042
1504,367.1875,-0.32532892
1505,367.431640625,-0.035897743
1506,367.67578125,0.22818458
1507,367.919921875,0.52609533
1508,368.1640625,0.83924466
1509,368.408203125,1.1042604
1510,368.65234375,1.3296897
1511,368.896484375,1.5918378
1512,369.140625,1.8241833
1513,369.384765625,2.0649636
1514,369.62890625,2.2388854
1515,369.873046875,2.400774
1516,370.1171875,2.5797567
1517,370.361328125,2.6666331
1518,370.60546875,2.7874732
1519,370.849609375,2.9453692
1520,371.09375,3.0926938
1521,371.337890625,3.2015007
1522,371.58203125,3.2928193
1523,371.826171875,3.4606683
1524,372.0703125,3.5009856
1525,372.314453125,3.4466107
1526,372.55859375,3.447454
1527,372.802734375,3.4533021
1528,373.046875,3.4138844
1529,373.291015625,3.344608
1530,373.53515625,3.2518835
1531,373.779296875,3.1856437
1532,374.0234375,3.0436044
1533,374.267578125,2.934573
1534,374.51171875,2.7817376
1535,374.755859375,2.5631123
1536,375.0,2.3733895
1537,375.244140625,2.2076774
1538,375.48828125,2.012725
1539,375.732421875,1.7854403
1540,375.9765625,1.5566372
1541,376.220703125,1.2858297
1542,376.46484375,1.0058004
1543,376.708984375,0.7718802
1544,376.953125,0.52277774
1545,377.197265625,0.25371337
1546,377.44140625,-0.03616765
1547,377.685546875,-0.3010372
1548,377.9296875,-0.63014483
1549,378.173828125,-0.9018521
1550,378.41796875,-1.1596141
1551,378.662109375,-1.4668591
1552,378.90625,-1.709956
1553,379.150390625,-1.8925937
1554,379.39453125,-2.1248944
1555,379.638671875,-2.3444195
1556,379.8828125,-2.5103228
1557,380.126953125,-2.6125278
1558,380.37109375,-2.7522502
1559,380.615234375,-2.914465
1560,380.859375,-3.0248573
1561,381.103515625,-3.1380384
1562,381.34765625,-3.2809997
1563,381.591796875,-3.4031777
1564,381.8359375,-3.5499177
1565,382.080078125,-3.584376
1566,382.32421875,-3.6259418
1567,382.568359375,-3.640157
1568,382.8125,-3.5410109
1569,383.056640625,-3.5433502
1570,383.30078125,-3.517259
1571,383.544921875,-3.414964
1572,383.7890625,-3.3109596
1573,384.033203125,-3.2459116
1574,384.27734375,-3.1059194
1575,384.521484375,-2.885135
1576,384.765625,-2.7181518
1577,385.009765625,-2.5426216
1578,385.25390625,-2.3654723
1579,385.498046875,-2.1391995
1580,385.7421875,-1.9363189
1581,385.986328125,-1.7047379
1582,386.23046875,-1.4545333
1583,386.474609375,-1.1568251
1584,386.71875,-0.9367601
1585,386.962890625,-0.67917806
1586,387.20703125,-0.4260945
1587,387.451171875,-0.1534876
1588,387.6953125,0.20692934
1589,387.939453125,0.44652876
1590,388.18359375,0.697768
1591,388.427734375,1.0252
1592,388.671875,1.3052855
1593,388.916015625,1.6010033
1594,389.16015625,1.8000603
1595,389.404296875,2.017842
1596,389.6484375,2.201267
1597,389.892578125,2.3299232
1598,390.13671875,2.4883816
1599,390.380859375,2.6647775
1600,390.625,2.7775764
1601,390.869140625,2.8798041
1602,391.11328125,3.0274663
1603,391.357421875,3.167537
1604,391.6015625,3.2491841
1605,391.845703125,3.367775
1606,392.08984375,3.4445863
1607,392.333984375,3.4609494
1608,392.578125,3.4396942
1609,392.822265625,3.4343524
1610,393.06640625,3.416471
1611,393.310546875,3.354111
1612,393.5546875,3.2781994
1613,393.798828125,3.1729352
1614,394.04296875,3.0499585
1615,394.287109375,2.9502614
1616,394.53125,2.8095155
1617,394.775390625,2.606916
1618,395.01953125,2.4532373
1619,395.263671875,2.2783594
1620,395.5078125,2.0575411
1621,395.751953125,1.8565724
1622,395.99609375,1.606289
1623,396.240234375,1.3227171
1624,396.484375,1.1108395
1625,396.728515625,0.82333136
1626,396.97265625,0.57181096
1627,397.216796875,0.31719792
1628,397.4609375,0.0998659
1629,397.705078125,-0.2263627
1630,397.94921875,-0.51381457
1631,398.193359375,-0.81116307
1632,398.4375,-1.0909675
1633,398.681640625,-1.3716717
1634,398.92578125,-1.6417594
1635,399.169921875,-1.8772988
1636,399.4140625,-2.0874672
1637,399.658203125,-2.2573292
1638,399.90234375,-2.4562511
1639,400.146484375,-2.5751007
1640,400.390625,-2.756569
1641,400.634765625,-2.8216166
1642,400.87890625,-3.0549967
1643,401.123046875,-3.141817
1644,401.3671875,-3.2311566
1645,401.611328125,-3.3688996
1646,401.85546875,-3.502504
1647,402.099609375,-3.6060586
1648,402.34375,-3.63197
1649,402.587890625,-3.6118166
1650,402.83203125,-3.6029096
1651,403.076171875,-3.6172147
1652,403.3203125,-3.5330036
1653,403.564453125,-3.449692
1654,403.80859375,-3.376367
1655,404.052734375,-3.2182012
1656,404.296875,-3.0954828
1657,404.541015625,-2.9736645
1658,404.78515625,-2.726609
1659,405.029296875,-2.551079
1660,405.2734375,-2.3939924
1661,405.517578125,-2.187513
1662,405.76171875,-1.9538628
1663,406.005859375,-1.7171537
1664,406.25,-1.461551
1665,406.494140625,-1.235638
1666,406.73828125,-0.9659102
1667,406.982421875,-0.68277687
1668,407.2265625,-0.4594731
1669,407.470703125,-0.1713015
1670,407.71484375,0.1292746
1671,407.958984375,0.41633284
1672,408.203125,0.6924823
1673,408.447265625,1.0074872
1674,408.69140625,1.2714908
1675,408.935546875,1.4875858
1676,409.1796875,1.7207186
1677,409.423828125,1.9051557
1678,409.66796875,2.1333964
1679,409.912109375,2.33549
1680,410.15625,2.4544742
1681,410.400390625,2.5854359
1682,410.64453125,2.7244947
1683,410.888671875,2.8331888
1684,411.1328125,2.9550972
1685,411.376953125,3.0876894
1686,411.62109375,3.2446856
1687,411.865234375,3.3442705
1688,412.109375,3.4314845
1689,412.353515625,3.4962063
1690,412.59765625,3.4901333
1691,412.841796875,3.4439116
1692,413.0859375,3.386331
1693,413.330078125,3.370643
1694,413.57421875,3.3113754
1695,413.818359375,3.2061677
1696,414.0625,3.1460006
1697,414.306640625,3.0245984
1698,414.55078125,2.8645093
1699,414.794921875,2.658817
1700,415.0390625,2.5195334
1701,415.283203125,2.303326
1702,415.52734375,2.1259742
1703,415.771484375,1.9287164
1704,416.015625,1.6818632
1705,416.259765625,1.4246073
1706,416.50390625,1.1841081
1707,416.748046875,0.9364115
1708,416.9921875,0.6764565
1709,417.236328125,0.3967083
1710,417.48046875,0.14884293
1711,417.724609375,-0.106703565
1712,417.96875,-0.4085505
1713,418.212890625,-0.7201141
1714,418.45703125,-1.0277191
1715,418.701171875,-1.323808
1716,418.9453125,-1.5736527
1717,419.189453125,-1.806763
1718,419.43359375,-2.0319562
1719,419.677734375,-2.2255702
1720,419.921875,-2.3876047
1721,420.166015625,-2.573841
1722,420.41015625,-2.7072656
1723,420.654296875,-2.802903
1724,420.8984375,-2.9094265
1725,421.142578125,-3.0822575
1726,421.38671875,-3.2194607
1727,421.630859375,-3.326974
1728,421.875,-3.4784822
1729,422.119140625,-3.5942726
1730,422.36328125,-3.5923834
1731,422.607421875,-3.6338592
1732,422.8515625,-3.586895
1733,423.095703125,-3.5958922
1734,423.33984375,-3.5206778
1735,423.583984375,-3.4547303
1736,423.828125,-3.36791
1737,424.072265625,-3.2836087
1738,424.31640625,-3.1343496
1739,424.560546875,-3.007313
1740,424.8046875,-2.8036225
1741,425.048828125,-2.5860767
1742,425.29296875,-2.4270113
1743,425.537109375,-2.257959
1744,425.78125,-2.061736
1745,426.025390625,-1.7885892
1746,426.26953125,-1.5190413
1747,426.513671875,-1.2920488
1748,426.7578125,-1.0522807
1749,427.001953125,-0.7725662
1750,427.24609375,-0.5211021
1751,427.490234375,-0.2698179
1752,427.734375,0.041779485
1753,427.978515625,0.2908257
1754,428.22265625,0.61151
1755,428.466796875,0.9300574
1756,428.7109375,1.1919805
1757,428.955078125,1.4256195
1758,429.19921875,1.701544
1759,429.443359375,1.8823824
1760,429.6875,2.1308663
1761,429.931640625,2.3086116
1762,430.17578125,2.4507632
1763,430.419921875,2.5770013
1764,430.6640625,2.6971667
1765,430.908203125,2.8614166
1766,431.15234375,2.9837186
1767,431.396484375,3.0737443
1768,431.640625,3.260374
1769,431.884765625,3.3754787
1770,432.12890625,3.464998
1771,432.373046875,3.532194
1772,432.6171875,3.4894586
1773,432.861328125,3.4813612
1774,433.10546875,3.4553263
1775,433.349609375,3.452796
1776,433.59375,3.376772
1777,433.837890625,3.2793803
1778,434.08203125,3.1415021
1779,434.326171875,3.0631166
1780,434.5703125,2.8927934
1781,434.814453125,2.7128549
1782,435.05859375,2.5125608
1783,435.302734375,2.3453305
1784,435.546875,2.1992428
1785,435.791015625,1.9459794
1786,436.03515625,1.6756778
1787,436.279296875,1.4564339
1788,436.5234375,1.1726933
1789,436.767578125,0.9273583
1790,437.01171875,0.6573943
1791,437.255859375,0.43556377
1792,437.5,0.14125176
1793,437.744140625,-0.13198492
1794,437.98828125,-0.4331121
1795,438.232421875,-0.723443
1796,438.4765625,-0.9844438
1797,438.720703125,-1.3484596
1798,438.96484375,-1.5687044
1799,439.208984375,-1.7902986
1800,439.453125,-2.0526493
1801,439.697265625,-2.2682154
1802,439.94140625,-2.4034393
1803,440.185546875,-2.57645
1804,440.4296875,-2.7343462
1805,440.673828125,-2.8718193
1806,440.91796875,-2.9823017
1807,441.162109375,-3.0950332
1808,441.40625,-3.2668746
1809,441.650390625,-3.39706
1810,441.89453125,-3.5037637
1811,442.138671875,-3.6526628
1812,442.3828125,-3.6867611
1813,442.626953125,-3.66094
1814,442.87109375,-3.5997608
1815,443.115234375,-3.6394374
1816,443.359375,-3.668857
1817,443.603515625,-3.57304
1818,443.84765625,-3.420542
1819,444.091796875,-3.3455076
1820,444.3359375,-3.2282777
1821,444.580078125,-3.0536473
1822,444.82421875,-2.822606
1823,445.068359375,-2.6812644
1824,445.3125,-2.5018659
1825,445.556640625,-2.2908876
1826,445.80078125,-2.0713627
1827,446.044921875,-1.8556163
1828,446.2890625,-1.5499907
1829,446.533203125,-1.3134615
1830,446.77734375,-1.05426
1831,447.021484375,-0.82132953
1832,447.265625,-0.5376564
1833,447.509765625,-0.28925124
1834,447.75390625,-0.001619447
1835,447.998046875,0.3211903
1836,448.2421875,0.6238807
1837,448.486328125,0.9169556
1838,448.73046875,1.1936674
1839,448.974609375,1.4799384
1840,449.21875,1.6790516
1841,449.462890625,1.9406936
1842,449.70703125,2.176413
1843,449.951171875,2.3124914
1844,450.1953125,2.4978285
1845,450.439453125,2.6517882
1846,450.68359375,2.809909
1847,450.927734375,2.8915563
1848,451.171875,3.042536
1849,451.416015625,3.1846876
1850,451.66015625,3.2753878
1851,451.904296875,3.423331
1852,452.1484375,3.536636
1853,452.392578125,3.5673943
1854,452.63671875,3.5781906
1855,452.880859375,3.535399
1856,453.125,3.5463078
1857,453.369140625,3.4967685
1858,453.61328125,3.3910544
1859,453.857421875,3.3243647
1860,454.1015625,3.206561
1861,454.345703125,3.077793
1862,454.58984375,2.9313116
1863,454.833984375,2.7907908
1864,455.078125,2.602474
1865,455.322265625,2.393689
1866,455.56640625,2.254068
1867,455.810546875,1.9968119
1868,456.0546875,1.7735194
1869,456.298828125,1.4908472
1870,456.54296875,1.2355032
1871,456.787109375,0.9948916
1872,457.03125,0.7485444
1873,457.275390625,0.4745317
1874,457.51953125,0.1395086
1875,457.763671875,-0.05596089
1876,458.0078125,-0.36851418
1877,458.251953125,-0.6828668
1878,458.49609375,-0.99209124
1879,458.740234375,-1.2543517
1880,458.984375,-1.5552089
1881,459.228515625,-1.7803121
1882,459.47265625,-2.0381641
1883,459.716796875,-2.216933
1884,459.9609375,-2.4019997
1885,460.205078125,-2.6375394
1886,460.44921875,-2.735606
1887,460.693359375,-2.858144
1888,460.9375,-3.0455499
1889,461.181640625,-3.1679084
1890,461.42578125,-3.2746117
1891,461.669921875,-3.4154136
1892,461.9140625,-3.5512674
1893,462.158203125,-3.6164052
1894,462.40234375,-3.6705666
1895,462.646484375,-3.739303
1896,462.890625,-3.675335
1897,463.134765625,-3.6865811
1898,463.37890625,-3.6349387
1899,463.623046875,-3.5896842
1900,463.8671875,-3.4879289
1901,464.111328125,-3.3574734
1902,464.35546875,-3.2728124
1903,464.599609375,-3.1656592
1904,464.84375,-2.9201329
1905,465.087890625,-2.7189615
1906,465.33203125,-2.5660138
1907,465.576171875,-2.37213
1908,465.8203125,-2.143878
1909,466.064453125,-1.9114872
1910,466.30859375,-1.6809859
1911,466.552734375,-1.4344702
1912,466.796875,-1.1590742
1913,467.041015625,-0.9207456
1914,467.28515625,-0.63122445
1915,467.529296875,-0.34386256
1916,467.7734375,-0.071525574
1917,468.017578125,0.16666809
1918,468.26171875,0.48712742
1919,468.505859375,0.7834075
1920,468.75,1.0877286
1921,468.994140625,1.3355939
1922,469.23828125,1.5895323
1923,469.482421875,1.8015785
1924,469.7265625,2.0565853
1925,469.970703125,2.2279768
1926,470.21484375,2.360063
1927,470.458984375,2.5832992
1928,470.703125,2.702171
1929,470.947265625,2.8078287
1930,471.19140625,2.9352477
1931,471.435546875,3.1015785
1932,471.6796875,3.2095976
1933,471.923828125,3.3094075
1934,472.16796875,3.4418874
1935,472.412109375,3.5264583
1936,472.65625,3.5562043
1937,472.900390625,3.531969
1938,473.14453125,3.5379858
1939,473.388671875,3.4824295
1940,473.6328125,3.4274359
1941,473.876953125,3.3284695
1942,474.12109375,3.2899516
1943,474.365234375,3.1714172
1944,474.609375,3.023811
1945,474.853515625,2.8750808
1946,475.09765625,2.664384
1947,475.341796875,2.5008085
1948,475.5859375,2.3198016
1949,475.830078125,2.100839
1950,476.07421875,1.8646694
1951,476.318359375,1.6306369
1952,476.5625,1.391375
1953,476.806640625,1.1203424
1954,477.05078125,0.89339495
1955,477.294921875,0.6004887
1956,477.5390625,0.32703835
1957,477.783203125,0.043297715
1958,478.02734375,-0.21655606
1959,478.271484375,-0.5482728
1960,478.515625,-0.8331155
1961,478.759765625,-1.1276749
1962,479.00390625,-1.3571866
1963,479.248046875,-1.6391503
1964,479.4921875,-1.8925937
1965,479.736328125,-2.117967
1966,479.98046875,-2.3097813
1967,480.224609375,-2.45985
1968,480.46875,-2.647706
1969,480.712890625,-2.7671852
1970,480.95703125,-2.9135652
1971,481.201171875,-3.0718212
1972,481.4453125,-3.1582813
1973,481.689453125,-3.2614763
1974,481.93359375,-3.4281895
1975,482.177734375,-3.5727699
1976,482.421875,-3.6483443
1977,482.666015625,-3.6340392
1978,482.91015625,-3.6301703
1979,483.154296875,-3.646275
1980,483.3984375,-3.5705209
1981,483.642578125,-3.5223873
1982,483.88671875,-3.502594
1983,484.130859375,-3.3833847
1984,484.375,-3.264805
1985,484.619140625,-3.1143765
1986,484.86328125,-2.9646678
1987,485.107421875,-2.7717736
1988,485.3515625,-2.6097388
1989,485.595703125,-2.4234126
1990,485.83984375,-2.1747372
1991,486.083984375,-1.9864317
1992,486.328125,-1.7406356
1993,486.572265625,-1.4900712
1994,486.81640625,-1.2383372
1995,487.060546875,-0.9935308
1996,487.3046875,-0.73100036
1997,487.548828125,-0.46945965
1998,487.79296875,-0.21601625
1999,488.037109375,0.14243262
2000,488.28125,0.3563908
2001,488.525390625,0.7116008
2002,488.76953125,0.9843201
2003,489.013671875,1.2835804
2004,489.2578125,1.4841557
2005,489.501953125,1.7139148
2006,489.74609375,1.9316965
2007,489.990234375,2.1665165
2008,490.234375,2.2695312
2009,490.478515625,2.4194427
2010,490.72265625,2.6020238
2011,490.966796875,2.7470994
2012,491.2109375,2.8312771
2013,491.455078125,3.0058174
2014,491.69921875,3.1307058
2015,491.943359375,3.2495217
2016,492.1875,3.3588905
2017,492.431640625,3.4918764
2018,492.67578125,3.523422
2019,492.919921875,3.4775376
2020,493.1640625,3.4615116
2021,493.408203125,3.4621863
2022,493.65234375,3.4252992
2023,493.896484375,3.3578222
2024,494.140625,3.2211251
2025,494.384765625,3.1474628
2026,494.62890625,3.029884
2027,494.873046875,2.8291402
2028,495.1171875,2.68682
2029,495.361328125,2.5401702
2030,495.60546875,2.3365583
2031,495.849609375,2.1210818
2032,496.09375,1.940075
2033,496.337890625,1.6600456
2034,496.58203125,1.4039706
2035,496.826171875,1.1382238
2036,497.0703125,0.93084466
2037,497.314453125,0.6842726
2038,497.55859375,0.39254722
2039,497.802734375,0.12258314
2040,498.046875,-0.1455703
2041,498.291015625,-0.46721047
2042,498.53515625,-0.7520532
2043,498.779296875,-1.0831401
2044,499.0234375,-1.3364037
2045,499.267578125,-1.6131492
2046,499.51171875,-1.847609
2047,499.755859375,-2.064255
2048,500.0,-2.2250302
2049,500.244140625,-2.4151351
2050,500.48828125,-2.5954337
2051,500.732421875,-2.727059
2052,500.9765625,-2.866871
2053,501.220703125,-2.9702458
2054,501.46484375,-3.1233735
2055,501.708984375,-3.2899964
2056,501.953125,-3.3420887
2057,502.197265625,-3.4804614
2058,502.44140625,-3.5988612
2059,502.685546875,-3.6315198
2060,502.9296875,-3.614156
2061,503.173828125,-3.625312
2062,503.41796875,-3.6440258
2063,503.662109375,-3.5218475
2064,503.90625,-3.464087
2065,504.150390625,-3.370969
2066,504.39453125,-3.2409632
2067,504.638671875,-3.122114
2068,504.8828125,-2.984191
2069,505.126953125,-2.820447
2070,505.37109375,-2.6399684
2071,505.615234375,-2.4135158
2072,505.859375,-2.2179227
2073,506.103515625,-2.0249386
2074,506.34765625,-1.7534112
2075,506.591796875,-1.5382947
2076,506.8359375,-1.2969972
2077,507.080078125,-1.0592084
2078,507.32421875,-0.8037855
2079,507.568359375,-0.53981566
2080,507.8125,-0.27179718
2081,508.056640625,0.03879925
2082,508.30078125,0.313318
2083,508.544921875,0.6121285
2084,508.7890625,0.8594315
2085,509.033203125,1.1979971
2086,509.27734375,1.4303428
2087,509.521484375,1.6744969
2088,509.765625,1.9066176
2089,510.009765625,2.06159
2090,510.25390625,2.2583976
2091,510.498046875,2.4295077
2092,510.7421875,2.5462992
2093,510.986328125,2.692668
2094,511.23046875,2.8722692
2095,511.474609375,2.920909
2096,511.71875,3.0998352
2097,511.962890625,3.1993637
2098,512.20703125,3.3192477
2099,512.451171875,3.4127035
2100,512.6953125,3.4598248
2101,512.939453125,3.5043597
2102,513.18359375,3.467191
2103,513.427734375,3.432778
2104,513.671875,3.417989
2105,513.916015625,3.3562477
2106,514.16015625,3.2707767
2107,514.404296875,3.169674
2108,514.6484375,3.0641289
2109,514.892578125,2.90657
2110,515.13671875,2.693624
2111,515.380859375,2.5621562
2112,515.625,2.4060597
2113,515.869140625,2.1968813
2114,516.11328125,1.9580688
2115,516.357421875,1.7522079
2116,516.6015625,1.5123836
2117,516.845703125,1.2799255
2118,517.08984375,0.97144324
2119,517.333984375,0.74517053
2120,517.578125,0.458281
2121,517.822265625,0.20445518
2122,518.06640625,-0.111831814
2123,518.310546875,-0.36185643
2124,518.5546875,-0.6627137
2125,518.798828125,-0.9795855
2126,519.04296875,-1.2694665
2127,519.287109375,-1.5366753
2128,519.53125,-1.7642975
2129,519.775390625,-1.9699674
2130,520.01953125,-2.187243
2131,520.263671875,-2.3777082
2132,520.5078125,-2.5610654
2133,520.751953125,-2.700338
2134,520.99609375,-2.855535
2135,521.240234375,-2.9379468
2136,521.484375,-3.065613
2137,521.728515625,-3.1899507
2138,521.97265625,-3.3262541
2139,522.216796875,-3.4370964
2140,522.4609375,-3.5498278
2141,522.705078125,-3.654462
2142,522.94921875,-3.6011105
2143,523.193359375,-3.5747495
2144,523.4375,-3.596432
2145,523.681640625,-3.5652125
2146,523.92578125,-3.4607582
2147,524.169921875,-3.3752873
2148,524.4140625,-3.3130288
2149,524.658203125,-3.1737561
2150,524.90234375,-3.04537
2151,525.146484375,-2.8423095
2152,525.390625,-2.644917
2153,525.634765625,-2.4726257
2154,525.87890625,-2.2845001
2155,526.123046875,-2.0611062
2156,526.3671875,-1.8579556
2157,526.611328125,-1.6040622
2158,526.85546875,-1.3534979
2159,527.099609375,-1.0864689
2160,527.34375,-0.87639076
2161,527.587890625,-0.5913681
2162,527.83203125,-0.29815817
2163,528.076171875,-0.061988834
2164,528.3203125,0.2256542
2165,528.564453125,0.5332367
2166,528.80859375,0.84891635
2167,529.052734375,1.1109519
2168,529.296875,1.3278903
2169,529.541015625,1.6188285
2170,529.78515625,1.8047837
2171,530.029296875,2.030944
2172,530.2734375,2.2094204
2173,530.517578125,2.4098835
2174,530.76171875,2.565924
2175,531.005859375,2.6506073
2176,531.25,2.8002937
2177,531.494140625,2.9670744
2178,531.73828125,3.039331
2179,531.982421875,3.13751
2180,532.2265625,3.2935505
2181,532.470703125,3.4222627
2182,532.71484375,3.4945755
2183,532.958984375,3.4676971
2184,533.203125,3.4740512
2185,533.447265625,3.4782686
2186,533.69140625,3.3897052
2187,533.935546875,3.3561914
2188,534.1796875,3.316324
2189,534.423828125,3.1902542
2190,534.66796875,3.0596867
2191,534.912109375,2.9458754
2192,535.15625,2.783031
2193,535.400390625,2.5587826
2194,535.64453125,2.4196115
2195,535.888671875,2.256598
2196,536.1328125,2.028976
2197,536.376953125,1.8071454
2198,536.62109375,1.4952894
2199,536.865234375,1.2913966
2200,537.109375,1.0346467
2201,537.353515625,0.78458834
2202,537.59765625,0.5230589
2203,537.841796875,0.2514079
2204,538.0859375,-0.034008387
2205,538.330078125,-0.3004974
2206,538.57421875,-0.64642924
2207,538.818359375,-0.96204156
2208,539.0625,-1.2041488
2209,539.306640625,-1.4919605
2210,539.55078125,-1.7638477
2211,539.794921875,-1.9429766
2212,540.0390625,-2.1717684
2213,540.283203125,-2.3683512
2214,540.52734375,-2.5609753
2215,540.771484375,-2.6395187
2216,541.015625,-2.7893174
2217,541.259765625,-2.9625084
2218,541.50390625,-3.0444703
2219,541.748046875,-3.200657
2220,541.9921875,-3.3233752
2221,542.236328125,-3.4116352
2222,542.48046875,-3.570701
2223,542.724609375,-3.5917535
2224,542.96875,-3.6145158
2225,543.212890625,-3.5914836
2226,543.45703125,-3.5395713
2227,543.701171875,-3.5705209
2228,543.9453125,-3.5516272
2229,544.189453125,-3.4272897
2230,544.43359375,-3.2937753
2231,544.677734375,-3.1888711
2232,544.921875,-3.0533774
2233,545.166015625,-2.9159043
2234,545.41015625,-2.6838737
2235,545.654296875,-2.551169
2236,545.8984375,-2.3683512
2237,546.142578125,-2.106001
2238,546.38671875,-1.9208441
2239,546.630859375,-1.6536354
2240,546.875,-1.3957833
2241,547.119140625,-1.1325333
2242,547.36328125,-0.9216453
2243,547.607421875,-0.6508377
2244,547.8515625,-0.3722029
2245,548.095703125,-0.111471936
2246,548.33984375,0.14468184
2247,548.583984375,0.46069893
2248,548.828125,0.72914475
2249,549.072265625,1.0677104
2250,549.31640625,1.364103
2251,549.560546875,1.5871142
2252,549.8046875,1.7820103
2253,550.048828125,2.0015914
2254,550.29296875,2.1986241
2255,550.537109375,2.3175523
2256,550.78125,2.5393267
2257,551.025390625,2.6908689
2258,551.26953125,2.8174443
2259,551.513671875,2.9164104
2260,551.7578125,3.0572686
2261,552.001953125,3.1735537
2262,552.24609375,3.2531204
2263,552.490234375,3.4332278
2264,552.734375,3.5389416
2265,552.978515625,3.4933946
2266,553.22265625,3.4763005
2267,553.466796875,3.4819798
2268,553.7109375,3.49227
2269,553.955078125,3.3839695
2270,554.19921875,3.3026597
2271,554.443359375,3.2205064
2272,554.6875,3.1259265
2273,554.931640625,2.9595957
2274,555.17578125,2.8080535
2275,555.419921875,2.6402047
2276,555.6640625,2.4678574
2277,555.908203125,2.2559795
2278,556.15234375,2.0749164
2279,556.396484375,1.8619705
2280,556.640625,1.588745
2281,556.884765625,1.3551623
2282,557.12890625,1.1168561
2283,557.373046875,0.7986461
2284,557.6171875,0.5769842
2285,557.861328125,0.3178727
2286,558.10546875,0.01484493
2287,558.349609375,-0.24012801
2288,558.59375,-0.5696855
2289,558.837890625,-0.8610959
2290,559.08203125,-1.1460286
2291,559.326171875,-1.3974029
2292,559.5703125,-1.6753179
2293,559.814453125,-1.8745099
2294,560.05859375,-2.0961044
2295,560.302734375,-2.272984
2296,560.546875,-2.4754148
2297,560.791015625,-2.6181958
2298,561.03515625,-2.7543194
2299,561.279296875,-2.890893
2300,561.5234375,-3.042221
2301,561.767578125,-3.1587315
2302,562.01171875,-3.262196
2303,562.255859375,-3.4046175
2304,562.5,-3.54389
2305,562.744140625,-3.608398
2306,562.98828125,-3.6315198
2307,563.232421875,-3.6390774
2308,563.4765625,-3.6402469
2309,563.720703125,-3.590584
2310,563.96484375,-3.5472188
2311,564.208984375,-3.4276497
2312,564.453125,-3.3469472
2313,564.697265625,-3.224949
2314,564.94140625,-3.1265223
2315,565.185546875,-2.9317389
2316,565.4296875,-2.728588
2317,565.673828125,-2.5820284
2318,565.91796875,-2.3904836
2319,566.162109375,-2.1996589
2320,566.40625,-1.970597
2321,566.650390625,-1.7477431
2322,566.89453125,-1.502667
2323,567.138671875,-1.2435553
2324,567.3828125,-0.9891223
2325,567.626953125,-0.7276715
2326,567.87109375,-0.46604085
2327,568.115234375,-0.20144121
2328,568.359375,0.08923828
2329,568.603515625,0.3671871
2330,568.84765625,0.6637483
2331,569.091796875,0.9746485
2332,569.3359375,1.2435441
2333,569.580078125,1.4934337
2334,569.82421875,1.7023875
2335,570.068359375,1.9170767
2336,570.3125,2.1184955
2337,570.556640625,2.2793155
2338,570.80078125,2.4525626
2339,571.044921875,2.6130452
2340,571.2890625,2.7224703
2341,571.533203125,2.8487084
2342,571.77734375,2.9879923
2343,572.021484375,3.147519
2344,572.265625,3.239344
2345,572.509765625,3.331
2346,572.75390625,3.4940693
2347,572.998046875,3.5169554
2348,573.2421875,3.4825983
2349,573.486328125,3.451615
2350,573.73046875,3.4779313
2351,573.974609375,3.440144
2352,574.21875,3.3172796
2353,574.462890625,3.2465413
2354,574.70703125,3.1583152
2355,574.951171875,3.003343
2356,575.1953125,2.8361127
2357,575.439453125,2.7163973
2358,575.68359375,2.492599
2359,575.927734375,2.3246937
2360,576.171875,2.0773907
2361,576.416015625,1.9105538
2362,576.66015625,1.6683116
2363,576.904296875,1.4069508
2364,577.1484375,1.1726371
2365,577.392578125,0.8985119
2366,577.63671875,0.65969974
2367,577.880859375,0.39743927
2368,578.125,0.0828842
2369,578.369140625,-0.16293436
2370,578.61328125,-0.4577637
2371,578.857421875,-0.8027959
2372,579.1015625,-1.1540359
2373,579.345703125,-1.3656437
2374,579.58984375,-1.6254749
2375,579.833984375,-1.8952929
2376,580.078125,-2.0638053
2377,580.322265625,-2.2705548
2378,580.56640625,-2.4315097
2379,580.810546875,-2.656343
2380,581.0546875,-2.7553992
2381,581.298828125,-2.8708298
2382,581.54296875,-3.0375428
2383,581.787109375,-3.1503642
2384,582.03125,-3.2464514
2385,582.275390625,-3.3807757
2386,582.51953125,-3.537952
2387,582.763671875,-3.6245923
2388,583.0078125,-3.6316998
2389,583.251953125,-3.60138
2390,583.49609375,-3.63134
2391,583.740234375,-3.6420465
2392,583.984375,-3.5331836
2393,584.228515625,-3.4571595
2394,584.47265625,-3.3799658
2395,584.716796875,-3.2678642
2396,584.9609375,-3.1361492
2397,585.205078125,-2.960799
2398,585.44921875,-2.7685347
2399,585.693359375,-2.5851772
2400,585.9375,-2.3934526
2401,586.181640625,-2.219722
2402,586.42578125,-1.9996573
2403,586.669921875,-1.7316387
2404,586.9140625,-1.511304
2405,587.158203125,-1.2587601
2406,587.40234375,-1.0116146
2407,587.646484375,-0.6995111
2408,587.890625,-0.509496
2409,588.134765625,-0.26019114
2410,588.37890625,0.054150257
2411,588.623046875,0.35194856
2412,588.8671875,0.6917513
2413,589.111328125,0.95637345
2414,589.35546875,1.2308922
2415,589.599609375,1.5171069
2416,589.84375,1.7303342
2417,590.087890625,1.9779184
2418,590.33203125,2.1877718
2419,590.576171875,2.3980186
2420,590.8203125,2.4918115
2421,591.064453125,2.5944328
2422,591.30859375,2.7766206
2423,591.552734375,2.9229894
2424,591.796875,3.0443354
2425,592.041015625,3.178221
2426,592.28515625,3.3331368
2427,592.529296875,3.4241743
2428,592.7734375,3.4950814
2429,593.017578125,3.5661573
2430,593.26171875,3.5703745
2431,593.505859375,3.5204978
2432,593.75,3.5224097
2433,593.994140625,3.4506593
2434,594.23828125,3.422319
2435,594.482421875,3.2977114
2436,594.7265625,3.1640508
2437,594.970703125,3.068065
2438,595.21484375,2.9058952
2439,595.458984375,2.7112803
2440,595.703125,2.530892
2441,595.947265625,2.3804185
2442,596.19140625,2.1684284
2443,596.435546875,1.9357454
2444,596.6796875,1.6740471
2445,596.923828125,1.4417014
2446,597.16796875,1.1682512
2447,597.412109375,0.92775196
2448,597.65625,0.68888354
2449,597.900390625,0.42583582
2450,598.14453125,0.10470175
2451,598.388671875,-0.18650632
2452,598.6328125,-0.41871703
2453,598.876953125,-0.7846221
2454,599.12109375,-1.0686551
2455,599.365234375,-1.3844472
2456,599.609375,-1.6626323
2457,599.853515625,-1.862814
2458,600.09765625,-2.1275935
2459,600.341796875,-2.3179684
2460,600.5859375,-2.4986267
2461,600.830078125,-2.652564
2462,601.07421875,-2.7561188
2463,601.318359375,-2.8833354
2464,601.5625,-3.0038042
2465,601.806640625,-3.145236
2466,602.05078125,-3.288197
2467,602.294921875,-3.391662
2468,602.5390625,-3.5391216
2469,602.783203125,-3.6496038
2470,603.02734375,-3.6684074
2471,603.271484375,-3.6684074
2472,603.515625,-3.6450155
2473,603.759765625,-3.6621096
2474,604.00390625,-3.5941827
2475,604.248046875,-3.5095217
2476,604.4921875,-3.405877
2477,604.736328125,-3.3289533
2478,604.98046875,-3.1967883
2479,605.224609375,-3.028186
2480,605.46875,-2.8714595
2481,605.712890625,-2.7033968
2482,605.95703125,-2.5119421
2483,606.201171875,-2.2529209
2484,606.4453125,-2.0917857
2485,606.689453125,-1.8518376
2486,606.93359375,-1.5839992
2487,607.177734375,-1.3326249
2488,607.421875,-1.0654162
2489,607.666015625,-0.8314061
2490,607.91015625,-0.5752636
2491,608.154296875,-0.28871143
2492,608.3984375,-0.0287002
2493,608.642578125,0.25534406
2494,608.88671875,0.56731254
2495,609.130859375,0.92522156
2496,609.375,1.177754
2497,609.619140625,1.4037457
2498,609.86328125,1.7260606
2499,610.107421875,1.9289412
2500,610.3515625,2.119395
2501,610.595703125,2.2874126
2502,610.83984375,2.4919243
2503,611.083984375,2.6244602
2504,611.328125,2.7354035
2505,611.572265625,2.870751
2506,611.81640625,3.0323021
2507,612.060546875,3.131437
2508,612.3046875,3.2460916
2509,612.548828125,3.4002204
2510,612.79296875,3.4787185
2511,613.037109375,3.5199356
2512,613.28125,3.5389416
2513,613.525390625,3.5542364
2514,613.76953125,3.541978
2515,614.013671875,3.487603
2516,614.2578125,3.3805957
2517,614.501953125,3.309576
2518,614.74609375,3.224836
2519,614.990234375,3.0851028
2520,615.234375,2.9942338
2521,615.478515625,2.8143513
2522,615.72265625,2.6154633
2523,615.966796875,2.4370427
2524,616.2109375,2.2165618
2525,616.455078125,2.015087
2526,616.69921875,1.7974174
2527,616.943359375,1.5628226
2528,617.1875,1.2520912
2529,617.431640625,1.0264932
2530,617.67578125,0.70923907
2531,617.919921875,0.456088
2532,618.1640625,0.22537304
2533,618.408203125,-0.08295167
2534,618.65234375,-0.371843
2535,618.896484375,-0.6594748
2536,619.140625,-0.93226165
2537,619.384765625,-1.2342886
2538,619.62890625,-1.4996979
2539,619.873046875,-1.7588093
2540,620.1171875,-1.9917397
2541,620.361328125,-2.1687994
2542,620.60546875,-2.3735695
2543,620.849609375,-2.5288563
2544,621.09375,-2.6615613
2545,621.337890625,-2.822426
2546,621.58203125,-2.9528816
2547,621.826171875,-3.0392523
2548,622.0703125,-3.1862621
2549,622.314453125,-3.3282335
2550,622.55859375,-3.447083
2551,622.802734375,-3.5213075
2552,623.046875,-3.60219
2553,623.291015625,-3.663099
2554,623.53515625,-3.6314301
2555,623.779296875,-3.6071382
2556,624.0234375,-3.5634131
2557,624.267578125,-3.5251763
2558,624.51171875,-3.4276497
2559,624.755859375,-3.2918859
2560,625.0,-3.2237792
2561,625.244140625,-3.080998
2562,625.48828125,-2.8858547
2563,625.732421875,-2.720851
2564,625.9765625,-2.553508
2565,626.220703125,-2.3781579
2566,626.46484375,-2.1239948
2567,626.708984375,-1.9316404
2568,626.953125,-1.7214721
2569,627.197265625,-1.4384288
2570,627.44140625,-1.1696906
2571,627.685546875,-0.9167869
2572,627.9296875,-0.6493982
2573,628.173828125,-0.40072316
2574,628.41796875,-0.14682986
2575,628.662109375,0.16098878
2576,628.90625,0.45597556
2577,629.150390625,0.7947661
2578,629.39453125,1.0952635
2579,629.638671875,1.3508887
2580,629.8828125,1.5624852
2581,630.126953125,1.7996666
2582,630.37109375,2.0132313
2583,630.615234375,2.1879966
2584,630.859375,2.369116
2585,631.103515625,2.565699
2586,631.34765625,2.6903625
2587,631.591796875,2.7604263
2588,631.8359375,2.9274316
2589,632.080078125,3.084878
2590,632.32421875,3.1819322
2591,632.568359375,3.3109818
2592,632.8125,3.4168081
2593,633.056640625,3.5314066
2594,633.30078125,3.4655604
2595,633.544921875,3.4979491
2596,633.7890625,3.5210602
2597,634.033203125,3.4778185
2598,634.27734375,3.3880181
2599,634.521484375,3.340053
2600,634.765625,3.2776933
2601,635.009765625,3.131662
2602,635.25390625,2.9812446
2603,635.498046875,2.81109
2604,635.7421875,2.6004496
2605,635.986328125,2.4337814
2606,636.23046875,2.2469265
2607,636.474609375,2.0860503
2608,636.71875,1.8300313
2609,636.962890625,1.568052
2610,637.20703125,1.3143387
2611,637.451171875,1.0522469
2612,637.6953125,0.803988
2613,637.939453125,0.5521302
2614,638.18359375,0.26720876
2615,638.427734375,0.024010552
2616,638.671875,-0.24102768
2617,638.916015625,-0.5785924
2618,639.16015625,-0.88772684
2619,639.404296875,-1.1558353
2620,639.6484375,-1.40586
2621,639.892578125,-1.6921422
2622,640.13671875,-1.9189547
2623,640.380859375,-2.0790102
2624,640.625,-2.2945764
2625,640.869140625,-2.4884603
2626,641.11328125,-2.5984027
2627,641.357421875,-2.7197714
2628,641.6015625,-2.879197
2629,641.845703125,-3.0209882
2630,642.08984375,-3.1266124
2631,642.333984375,-3.209294
2632,642.578125,-3.3748376
2633,642.822265625,-3.516539
2634,643.06640625,-3.6074083
2635,643.310546875,-3.6061487
2636,643.5546875,-3.5917535
2637,643.798828125,-3.5518072
2638,644.04296875,-3.5497377
2639,644.287109375,-3.5250862
2640,644.53125,-3.4425845
2641,644.775390625,-3.3510857
2642,645.01953125,-3.2351153
2643,645.263671875,-3.1266124
2644,645.5078125,-2.9461339
2645,645.751953125,-2.7167122
2646,645.99609375,-2.5804088
2647,646.240234375,-2.398671
2648,646.484375,-2.2288089
2649,646.728515625,-1.9836427
2650,646.97265625,-1.7419851
2651,647.216796875,-1.4885417
2652,647.4609375,-1.2404064
2653,647.705078125,-1.016293
2654,647.94921875,-0.74701494
2655,648.193359375,-0.45965305
2656,648.4375,-0.21043815
2657,648.681640625,0.076305196
2658,648.92578125,0.37196672
2659,649.169921875,0.68511605
2660,649.4140625,0.959916
2661,649.658203125,1.27374
2662,649.90234375,1.482019
2663,650.146484375,1.7323022
2664,650.390625,1.9690901
2665,650.634765625,2.1651669
2666,650.87890625,2.3000646
2667,651.123046875,2.4394045
2668,651.3671875,2.62834
2669,651.611328125,2.7600887
2670,651.85546875,2.887789
2671,652.099609375,3.0286472
2672,652.34375,3.172429
2673,652.587890625,3.2724638
2674,652.83203125,3.3943722
2675,653.076171875,3.4917638
2676,653.3203125,3.496656
2677,653.564453125,3.4892337
2678,653.80859375,3.4721956
2679,654.052734375,3.4543705
2680,654.296875,3.396509
2681,654.541015625,3.288827
2682,654.78515625,3.218145
2683,655.029296875,3.1478565
2684,655.2734375,2.987205
2685,655.517578125,2.8218863
2686,655.76171875,2.6689386
2687,656.005859375,2.4684758
2688,656.25,2.2938793
2689,656.494140625,2.058947
2690,656.73828125,1.9064488
2691,656.982421875,1.6422766
2692,657.2265625,1.3898004
2693,657.470703125,1.1368743
2694,657.71484375,0.9097581
2695,657.958984375,0.6483973
2696,658.203125,0.34677535
2697,658.447265625,0.09789782
2698,658.69140625,-0.16698298
2699,658.935546875,-0.50661695
2700,659.1796875,-0.7734659
2701,659.423828125,-1.089618
2702,659.66796875,-1.3223685
2703,659.912109375,-1.6023529
2704,660.15625,-1.8433806
2705,660.400390625,-2.0498602
2706,660.64453125,-2.2250302
2707,660.888671875,-2.416395
2708,661.1328125,-2.612258
2709,661.376953125,-2.7005177
2710,661.62109375,-2.8100104
2711,661.865234375,-2.9868
2712,662.109375,-3.092964
2713,662.353515625,-3.180414
2714,662.59765625,-3.3497362
2715,662.841796875,-3.4960263
2716,663.0859375,-3.5635931
2717,663.330078125,-3.5665622
2718,663.57421875,-3.6228828
2719,663.818359375,-3.6033597
2720,664.0625,-3.5584648
2721,664.306640625,-3.5221174
2722,664.55078125,-3.4684057
2723,664.794921875,-3.3808656
2724,665.0390625,-3.239434
2725,665.283203125,-3.1060095
2726,665.52734375,-3.0100124
2727,665.771484375,-2.8312433
2728,666.015625,-2.623594
2729,666.259765625,-2.4558015
2730,666.50390625,-2.2335773
2731,666.748046875,-1.9894907
2732,666.9921875,-1.8147703
2733,667.236328125,-1.5376649
2734,667.48046875,-1.2847612
2735,667.724609375,-1.0634369
2736,667.96875,-0.77589506
2737,668.212890625,-0.5455737
2738,668.45703125,-0.2501146
2739,668.701171875,0.013776545
2740,668.9453125,0.30960676
2741,669.189453125,0.6328214
2742,669.43359375,0.9150438
2743,669.677734375,1.2254379
2744,669.921875,1.4716724
2745,670.166015625,1.6612265
2746,670.41015625,1.908136
2747,670.654296875,2.1453736
2748,670.8984375,2.273861
2749,671.142578125,2.4490764
2750,671.38671875,2.5741897
2751,671.630859375,2.717016
2752,671.875,2.8811536
2753,672.119140625,2.9899602
2754,672.36328125,3.1221588
2755,672.607421875,3.2410307
2756,672.8515625,3.365301
2757,673.095703125,3.4658978
2758,673.33984375,3.4897957
2759,673.583984375,3.5136378
2760,673.828125,3.4563947
2761,674.072265625,3.406012
2762,674.31640625,3.4309223
2763,674.560546875,3.3281324
2764,674.8046875,3.22956
2765,675.048828125,3.1606207
2766,675.29296875,3.043717
2767,675.537109375,2.8726628
2768,675.78125,2.6712441
2769,676.025390625,2.517228
2770,676.26953125,2.352022
2771,676.513671875,2.1381762
2772,676.7578125,1.9454169
2773,677.001953125,1.7374192
2774,677.24609375,1.4381027
2775,677.490234375,1.2185776
2776,677.734375,0.96868795
2777,677.978515625,0.67409486
2778,678.22265625,0.46519738
2779,678.466796875,0.14563778
2780,678.7109375,-0.12235821
2781,678.955078125,-0.37589166
2782,679.19921875,-0.6856559
2783,679.443359375,-0.9660901
2784,679.6875,-1.2727054
2785,679.931640625,-1.5081551
2786,680.17578125,-1.7294794
2787,680.419921875,-1.9778847
2788,680.6640625,-2.208296
2789,680.908203125,-2.363313
2790,681.15234375,-2.5067239
2791,681.396484375,-2.6284523
2792,681.640625,-2.8177478
2793,681.884765625,-2.9221122
2794,682.12890625,-3.0804582
2795,682.373046875,-3.1827533
2796,682.6171875,-3.2833388
2797,682.861328125,-3.4088461
2798,683.10546875,-3.5861754
2799,683.349609375,-3.6182046
2800,683.59375,-3.5830264
2801,683.837890625,-3.625672
2802,684.08203125,-3.6357484
2803,684.326171875,-3.5750191
2804,684.5703125,-3.5007946
2805,684.814453125,-3.452841
2806,685.05859375,-3.3308427
2807,685.302734375,-3.212443
2808,685.546875,-3.0201788
2809,685.791015625,-2.8627324
2810,686.03515625,-2.6773057
2811,686.279296875,-2.4609296
2812,686.5234375,-2.319768
2813,686.767578125,-2.0957444
2814,687.01171875,-1.8639835
2815,687.255859375,-1.6049619
2816,687.5,-1.4034308
2817,687.744140625,-1.1121103
2818,687.98828125,-0.8494899
2819,688.232421875,-0.6005449
2820,688.4765625,-0.31480253
2821,688.720703125,-0.07143561
2822,688.96484375,0.25388205
2823,689.208984375,0.58525014
2824,689.453125,0.8435182
2825,689.697265625,1.1166874
2826,689.94140625,1.3904752
2827,690.185546875,1.6091567
2828,690.4296875,1.886487
2829,690.673828125,2.100389
2830,690.91796875,2.263852
2831,691.162109375,2.4610534
2832,691.40625,2.5402827
2833,691.650390625,2.6770358
2834,691.89453125,2.8176692
2835,692.138671875,2.9517796
2836,692.3828125,3.0612047
2837,692.626953125,3.2302907
2838,692.87109375,3.3702493
2839,693.115234375,3.464492
2840,693.359375,3.4855223
2841,693.603515625,3.4619615
2842,693.84765625,3.499355
2843,694.091796875,3.4751196
2844,694.3359375,3.3800895
2845,694.580078125,3.3791337
2846,694.82421875,3.286409
2847,695.068359375,3.1542106
2848,695.3125,3.0531638
2849,695.556640625,2.947056
2850,695.80078125,2.716791
2851,696.044921875,2.5006397
2852,696.2890625,2.3848608
2853,696.533203125,2.209814
2854,696.77734375,1.9822481
2855,697.021484375,1.7522079
2856,697.265625,1.4992818
2857,697.509765625,1.2113801
2858,697.75390625,0.9712746
2859,697.998046875,0.7180673
2860,698.2421875,0.45749378
2861,698.486328125,0.22458582
2862,698.73046875,-0.06657727
2863,698.974609375,-0.33747476
2864,699.21875,-0.6544365
2865,699.462890625,-0.93127203
2866,699.70703125,-1.2090971
2867,699.951171875,-1.5247992
2868,700.1953125,-1.7565602
2869,700.439453125,-1.9364088
2870,700.68359375,-2.187693
2871,700.927734375,-2.3809469
2872,701.171875,-2.541722
2873,701.416015625,-2.6762261
2874,701.66015625,-2.8156786
2875,701.904296875,-2.9526117
2876,702.1484375,-3.0233276
2877,702.392578125,-3.171327
2878,702.63671875,-3.3339016
2879,702.880859375,-3.4200022
2880,703.125,-3.5626936
2881,703.369140625,-3.6302605
2882,703.61328125,-3.6482542
2883,703.857421875,-3.5881548
2884,704.1015625,-3.587615
2885,704.345703125,-3.596342
2886,704.58984375,-3.5618837
2887,704.833984375,-3.4463632
2888,705.078125,-3.3401096
2889,705.322265625,-3.2196405
2890,705.56640625,-3.0803683
2891,705.810546875,-2.910686
2892,706.0546875,-2.7412739
2893,706.298828125,-2.5784297
2894,706.54296875,-2.3606138
2895,706.787109375,-2.1230052
2896,707.03125,-1.9327201
2897,707.275390625,-1.6594834
2898,707.51953125,-1.4279925
2899,707.763671875,-1.1969513
2900,708.0078125,-0.9466567
2901,708.251953125,-0.6512876
2902,708.49609375,-0.39262593
2903,708.740234375,-0.11714
2904,708.984375,0.18370602
2905,709.228515625,0.4593494
2906,709.47265625,0.80027676
2907,709.716796875,1.0658548
2908,709.9609375,1.3225484
2909,710.205078125,1.5885763
2910,710.44921875,1.8254204
2911,710.693359375,2.0193043
2912,710.9375,2.1946318
2913,711.181640625,2.384017
2914,711.42578125,2.547649
2915,711.669921875,2.632726
2916,711.9140625,2.7836494
2917,712.158203125,2.9437385
2918,712.40234375,3.0526576
2919,712.646484375,3.1784458
2920,712.890625,3.2945626
2921,713.134765625,3.445992
2922,713.37890625,3.489346
2923,713.623046875,3.4797866
2924,713.8671875,3.4863658
2925,714.111328125,3.515212
2926,714.35546875,3.4605558
2927,714.599609375,3.364064
2928,714.84375,3.2997358
2929,715.087890625,3.1893547
2930,715.33203125,3.0673337
2931,715.576171875,2.947
2932,715.8203125,2.8186812
2933,716.064453125,2.6030924
2934,716.30859375,2.4505944
2935,716.552734375,2.261209
2936,716.796875,2.044327
2937,717.041015625,1.7880269
2938,717.28515625,1.5394306
2939,717.529296875,1.3313766
2940,717.7734375,1.073952
2941,718.017578125,0.7791902
2942,718.26171875,0.5254206
2943,718.505859375,0.27136984
2944,718.75,0.0317704
2945,718.994140625,-0.23014142
2946,719.23828125,-0.5349573
2947,719.482421875,-0.83887357
2948,719.7265625,-1.1159788
2949,719.970703125,-1.4117979
2950,720.21484375,-1.6646116
2951,720.458984375,-1.871271
2952,720.703125,-2.062456
2953,720.947265625,-2.281351
2954,721.19140625,-2.433399
2955,721.435546875,-2.568713
2956,721.6796875,-2.7221105
2957,721.923828125,-2.8816261
2958,722.16796875,-2.998766
2959,722.412109375,-3.1238234
2960,722.65625,-3.253559
2961,722.900390625,-3.3934612
2962,723.14453125,-3.51438
2963,723.388671875,-3.57349
2964,723.6328125,-3.6307104
2965,723.876953125,-3.607588
2966,724.12109375,-3.60282
2967,724.365234375,-3.5856357
2968,724.609375,-3.5608041
2969,724.853515625,-3.4299889
2970,725.09765625,-3.3419988
2971,725.341796875,-3.2488806
2972,725.5859375,-3.1546829
2973,725.830078125,-2.9589097
2974,726.07421875,-2.7702441
2975,726.318359375,-2.568713
2976,726.5625,-2.40155
2977,726.806640625,-2.2073061
2978,727.05078125,-1.9993873
2979,727.294921875,-1.751162
2980,727.5390625,-1.4684786
2981,727.783203125,-1.2232223
2982,728.02734375,-0.9599722
2983,728.271484375,-0.71129715
2984,728.515625,-0.42681426
2985,728.759765625,-0.15465719
2986,729.00390625,0.10858168
2987,729.248046875,0.417345
2988,729.4921875,0.7082832
2989,729.736328125,1.0029325
2990,729.98046875,1.3283402
2991,730.224609375,1.5454472
2992,730.46875,1.7592368
2993,730.712890625,1.9717894
2994,730.95703125,2.215606
2995,731.201171875,2.3547773
2996,731.4453125,2.542307
2997,731.689453125,2.7062757
2998,731.93359375,2.807154
2999,732.177734375,2.9417143
3000,732.421875,3.0649722
3001,732.666015625,3.1803014
3002,732.91015625,3.292313
3003,733.154296875,3.392404
3004,733.3984375,3.5067775
3005,733.642578125,3.5365236
3006,733.88671875,3.4892898
3007,734.130859375,3.4699464
3008,734.375,3.4667413
3009,734.619140625,3.388918
3010,734.86328125,3.284441
3011,735.107421875,3.254301
3012,735.3515625,3.1634884
3013,735.595703125,2.997889
3014,735.83984375,2.8047361
3015,736.083984375,2.6348066
3016,736.328125,2.4450839
3017,736.572265625,2.2958474
3018,736.81640625,2.1010077
3019,737.060546875,1.8982394
3020,737.3046875,1.6204592
3021,737.548828125,1.3289025
3022,737.79296875,1.1256281
3023,738.037109375,0.8446991
3024,738.28125,0.54127765
3025,738.525390625,0.3028591
3026,738.76953125,0.06252865
3027,739.013671875,-0.21394695
3028,739.2578125,-0.5276698
3029,739.501953125,-0.8465209
3030,739.74609375,-1.1222768
3031,739.990234375,-1.3875061
3032,740.234375,-1.6684803
3033,740.478515625,-1.9245328
3034,740.72265625,-2.1065407
3035,740.966796875,-2.2882786
3036,741.2109375,-2.4610195
3037,741.455078125,-2.6283627
3038,741.69921875,-2.75216
3039,741.943359375,-2.896651
3040,742.1875,-3.0652533
3041,742.431640625,-3.1706073
3042,742.67578125,-3.2734423
3043,742.919921875,-3.4289093
3044,743.1640625,-3.5913937
3045,743.408203125,-3.6379077
3046,743.65234375,-3.6830723
3047,743.896484375,-3.6783938
3048,744.140625,-3.6379976
3049,744.384765625,-3.6036294
3050,744.62890625,-3.549378
3051,744.873046875,-3.5161793
3052,745.1171875,-3.4129846
3053,745.361328125,-3.2920659
3054,745.60546875,-3.180054
3055,745.849609375,-3.001285
3056,746.09375,-2.825395
3057,746.337890625,-2.6631806
3058,746.58203125,-2.4754148
3059,746.826171875,-2.2498617
3060,747.0703125,-1.9810336
3061,747.314453125,-1.7589893
3062,747.55859375,-1.5455823
3063,747.802734375,-1.2960974
3064,748.046875,-0.99946874
3065,748.291015625,-0.73109037
3066,748.53515625,-0.4782767
3067,748.779296875,-0.18497685
3068,749.0234375,0.114542134
3069,749.267578125,0.4197629
3070,749.51171875,0.7149184
3071,749.755859375,0.9880876
3072,750.0,1.3092216
3073,750.244140625,1.5433668
3074,750.48828125,1.7640727
3075,750.732421875,2.0212162
3076,750.9765625,2.221004
3077,751.220703125,2.4155626
3078,751.46484375,2.5632246
3079,751.708984375,2.7020586
3080,751.953125,2.8593361
3081,752.197265625,2.9615638
3082,752.44140625,3.0610359
3083,752.685546875,3.1756907
3084,752.9296875,3.3362296
3085,753.173828125,3.450322
3086,753.41796875,3.5257835
3087,753.662109375,3.5619962
3088,753.90625,3.5717804
3089,754.150390625,3.5348928
3090,754.39453125,3.5265708
3091,754.638671875,3.5005922
3092,754.8828125,3.405056
3093,755.126953125,3.296868
3094,755.37109375,3.1756344
3095,755.615234375,3.0703142
3096,755.859375,2.8537693
3097,756.103515625,2.6751802
3098,756.34765625,2.5262249
3099,756.591796875,2.3687224
3100,756.8359375,2.1311474
3101,757.080078125,1.9084172
3102,757.32421875,1.6827629
3103,757.568359375,1.4029021
3104,757.8125,1.1499199
3105,758.056640625,0.89929914
3106,758.30078125,0.667572
3107,758.544921875,0.36988622
3108,758.7890625,0.09992213
3109,759.033203125,-0.1812881
3110,759.27734375,-0.47449797
3111,759.521484375,-0.80441535
3112,759.765625,-1.0772022
3113,760.009765625,-1.3564669
3114,760.25390625,-1.6452682
3115,760.498046875,-1.8431107
3116,760.7421875,-2.1077104
3117,760.986328125,-2.3326335
3118,761.23046875,-2.4671376
3119,761.474609375,-2.6248538
3120,761.71875,-2.770064
3121,761.962890625,-2.8960211
3122,762.20703125,-3.0035343
3123,762.451171875,-3.1823034
3124,762.6953125,-3.2751515
3125,762.939453125,-3.4045274
3126,763.18359375,-3.5166292
3127,763.427734375,-3.610557
3128,763.671875,-3.7006164
3129,763.916015625,-3.6550019
3130,764.16015625,-3.6864014
3131,764.404296875,-3.6861312
3132,764.6484375,-3.6445656
3133,764.892578125,-3.5303946
3134,765.13671875,-3.4316082
3135,765.380859375,-3.3520753
3136,765.625,-3.2034461
3137,765.869140625,-3.0388024
3138,766.11328125,-2.9216623
3139,766.357421875,-2.7018673
3140,766.6015625,-2.5259776
3141,766.845703125,-2.3584547
3142,767.08984375,-2.0804496
3143,767.333984375,-1.912297
3144,767.578125,-1.6120695
3145,767.822265625,-1.382378
3146,768.06640625,-1.1156191
3147,768.310546875,-0.8402231
3148,768.5546875,-0.58291095
3149,768.798828125,-0.28871143
3150,769.04296875,-0.055241134
3151,769.287109375,0.25573766
3152,769.53125,0.5755222
3153,769.775390625,0.86061233
3154,770.01953125,1.1340066
3155,770.263671875,1.4414766
3156,770.5078125,1.6958647
3157,770.751953125,1.8649507
3158,770.99609375,2.1353645
3159,771.240234375,2.3142347
3160,771.484375,2.508175
3161,771.728515625,2.6432972
3162,771.97265625,2.7179158
3163,772.216796875,2.9135425
3164,772.4609375,3.0277472
3165,772.705078125,3.142402
3166,772.94921875,3.2638042
3167,773.193359375,3.3980834
3168,773.4375,3.5035162
3169,773.681640625,3.534218
3170,773.92578125,3.5608716
3171,774.169921875,3.6023138
3172,774.4140625,3.530507
3173,774.658203125,3.450828
3174,774.90234375,3.381664
3175,775.146484375,3.312725
3176,775.390625,3.176759
3177,775.634765625,3.0709326
3178,775.87890625,2.9512734
3179,776.123046875,2.7429385
3180,776.3671875,2.5507977
3181,776.611328125,2.414438
3182,776.85546875,2.2217913
3183,777.099609375,1.9594746
3184,777.34375,1.7668842
3185,777.587890625,1.5428044
3186,777.83203125,1.2658677
3187,778.076171875,0.98550105
3188,778.3203125,0.74117815
3189,778.564453125,0.47829917
3190,778.80859375,0.23110859
3191,779.052734375,-0.04984298
3192,779.296875,-0.30238673
3193,779.541015625,-0.6314944
3194,779.78515625,-0.95394427
3195,780.029296875,-1.2249317
3196,780.2734375,-1.4929502
3197,780.517578125,-1.7210224
3198,780.76171875,-1.945046
3199,781.005859375,-2.1721282
3200,781.25,-2.3498175
3201,781.494140625,-2.526607
3202,781.73828125,-2.667859
3203,781.982421875,-2.8009236
3204,782.2265625,-2.925621
3205,782.470703125,-3.0352037
3206,782.71484375,-3.1672785
3207,782.958984375,-3.3452377
3208,783.203125,-3.4360168
3209,783.447265625,-3.5640428
3210,783.69140625,-3.6719162
3211,783.935546875,-3.6325996
3212,784.1796875,-3.6324196
3213,784.423828125,-3.60138
3214,784.66796875,-3.6124465
3215,784.912109375,-3.5183384
3216,785.15625,-3.4139743
3217,785.400390625,-3.352615
3218,785.64453125,-3.2363749
3219,785.888671875,-3.10475
3220,786.1328125,-2.9032185
3221,786.376953125,-2.7417238
3222,786.62109375,-2.5460405
3223,786.865234375,-2.3436096
3224,787.109375,-2.1785161
3225,787.353515625,-1.9481047
3226,787.59765625,-1.6688402
3227,787.841796875,-1.4413078
3228,788.0859375,-1.1517867
3229,788.330078125,-0.9089596
3230,788.57421875,-0.6592049
3231,788.818359375,-0.38021016
3232,789.0625,-0.12577705
3233,789.306640625,0.14243262
3234,789.55078125,0.45293906
3235,789.794921875,0.7872874
3236,790.0390625,1.0624247
3237,790.283203125,1.3557807
3238,790.52734375,1.5815475
3239,790.771484375,1.8359919
3240,791.015625,2.00564
3241,791.259765625,2.2228034
3242,791.50390625,2.3917208
3243,791.748046875,2.5554087
3244,791.9921875,2.6758552
3245,792.236328125,2.7802193
3246,792.48046875,2.9430075
3247,792.724609375,3.0438857
3248,792.96875,3.1631513
3249,793.212890625,3.2810109
3250,793.45703125,3.4136593
3251,793.701171875,3.460106
3252,793.9453125,3.4973307
3253,794.189453125,3.476919
3254,794.43359375,3.4700027
3255,794.677734375,3.4224875
3256,794.921875,3.339716
3257,795.166015625,3.2846098
3258,795.41015625,3.207686
3259,795.654296875,3.0953367
3260,795.8984375,2.9579089
3261,796.142578125,2.7698166
3262,796.38671875,2.606466
3263,796.630859375,2.434625
3264,796.875,2.268294
3265,797.119140625,2.077784
3266,797.36328125,1.8196287
3267,797.607421875,1.5832343
3268,797.8515625,1.3224922
3269,798.095703125,1.0661922
3270,798.33984375,0.7809896
3271,798.583984375,0.56781864
3272,798.828125,0.31129372
3273,799.072265625,0.0006747696
3274,799.31640625,-0.24282709
3275,799.560546875,-0.5511518
3276,799.8046875,-0.84058297
3277,800.048828125,-1.133433
3278,800.29296875,-1.3956034
3279,800.537109375,-1.6356415
3280,800.78125,-1.8469793
3281,801.025390625,-2.0782003
3282,801.26953125,-2.3099613
3283,801.513671875,-2.4500434
3284,801.7578125,-2.5964234
3285,802.001953125,-2.728948
3286,802.24609375,-2.9000697
3287,802.490234375,-3.018829
3288,802.734375,-3.0966525
3289,802.978515625,-3.2462716
3290,803.22265625,-3.3878832
3291,803.466796875,-3.4986353
3292,803.7109375,-3.5689914
3293,803.955078125,-3.5946326
3294,804.19921875,-3.6243224
3295,804.443359375,-3.5800574
3296,804.6875,-3.5896842
3297,804.931640625,-3.5594544
3298,805.17578125,-3.4551802
3299,805.419921875,-3.3276038
3300,805.6640625,-3.2325063
3301,805.908203125,-3.1410975
3302,806.15234375,-2.914105
3303,806.396484375,-2.7306576
3304,806.640625,-2.6105487
3305,806.884765625,-2.4326794
3306,807.12890625,-2.1687095
3307,807.373046875,-1.9900305
3308,807.6171875,-1.7283999
3309,807.861328125,-1.5012274
3310,808.10546875,-1.2216928
3311,808.349609375,-0.9902918
3312,808.59375,-0.74422586
3313,808.837890625,-0.42951334
3314,809.08203125,-0.14718974
3315,809.326171875,0.11965914
3316,809.5703125,0.4127903
3317,809.814453125,0.7256585
3318,810.05859375,1.0005146
3319,810.302734375,1.2736276
3320,810.546875,1.5236859
3321,810.791015625,1.7180758
3322,811.03515625,1.984385
3323,811.279296875,2.161793
3324,811.5234375,2.3380766
3325,811.767578125,2.4939485
3326,812.01171875,2.6350877
3327,812.255859375,2.7487864
3328,812.5,2.9146671
3329,812.744140625,3.0475407
3330,812.98828125,3.1469004
3331,813.232421875,3.2399063
3332,813.4765625,3.372667
3333,813.720703125,3.4877715
3334,813.96484375,3.479056
3335,814.208984375,3.4561698
3336,814.453125,3.4483535
3337,814.697265625,3.439863
3338,814.94140625,3.3638387
3339,815.185546875,3.2989485
3340,815.4296875,3.20285
3341,815.673828125,3.0836408
3342,815.91796875,2.9480681
3343,816.162109375,2.8016996
3344,816.40625,2.651001
3345,816.650390625,2.4390671
3346,816.89453125,2.2875814
3347,817.138671875,2.0579348
3348,817.3828125,1.852355
3349,817.626953125,1.5831219
3350,817.87109375,1.3510574
3351,818.115234375,1.1248409
3352,818.359375,0.8677537
3353,818.603515625,0.6392317
3354,818.84765625,0.33474195
3355,819.091796875,0.07096326
3356,819.3359375,-0.19109476
3357,819.580078125,-0.51246506
3358,819.82421875,-0.8185405
3359,820.068359375,-1.0891681
3360,820.3125,-1.3673531
3361,820.556640625,-1.6439186
3362,820.80078125,-1.8375325
3363,821.044921875,-2.0462613
3364,821.2890625,-2.2540004
3365,821.533203125,-2.4226928
3366,821.77734375,-2.6054204
3367,822.021484375,-2.738125
3368,822.265625,-2.8496869
3369,822.509765625,-3.0063233
3370,822.75390625,-3.095393
3371,822.998046875,-3.2184708
3372,823.2421875,-3.4110053
3373,823.486328125,-3.4868493
3374,823.73046875,-3.575829
3375,823.974609375,-3.6260319
3376,824.21875,-3.6211734
3377,824.462890625,-3.6630092
3378,824.70703125,-3.598411
3379,824.951171875,-3.5444298
3380,825.1953125,-3.4829807
3381,825.439453125,-3.3889627
3382,825.68359375,-3.2629158
3383,825.927734375,-3.19175
3384,826.171875,-3.0235076
3385,826.416015625,-2.8361914
3386,826.66015625,-2.6136975
3387,826.904296875,-2.4467144
3388,827.1484375,-2.267046
3389,827.392578125,-2.0057752
3390,827.63671875,-1.7918282
3391,827.880859375,-1.5921863
3392,828.125,-1.3405422
3393,828.369140625,-1.0556995
3394,828.61328125,-0.77301604
3395,828.857421875,-0.51786315
3396,829.1015625,-0.21538645
3397,829.345703125,0.04931441
3398,829.58984375,0.31607333
3399,829.833984375,0.6165707
3400,830.078125,0.906553
3401,830.322265625,1.2468617
3402,830.56640625,1.4595828
3403,830.810546875,1.6883298
3404,831.0546875,1.9089233
3405,831.298828125,2.1297977
3406,831.54296875,2.3203638
3407,831.787109375,2.4607723
3408,832.03125,2.603711
3409,832.275390625,2.7339978
3410,832.51953125,2.8883512
3411,832.763671875,2.9996881
3412,833.0078125,3.1683242
3413,833.251953125,3.2632418
3414,833.49609375,3.354392
3415,833.740234375,3.4885025
3416,833.984375,3.5445647
3417,834.228515625,3.4944067
3418,834.47265625,3.4789433
3419,834.716796875,3.4594874
3420,834.9609375,3.40067
3421,835.205078125,3.3120503
3422,835.44921875,3.2497466
3423,835.693359375,3.1457195
3424,835.9375,3.0201
3425,836.181640625,2.851295
3426,836.42578125,2.6695573
3427,836.669921875,2.496591
3428,836.9140625,2.2893808
3429,837.158203125,2.120351
3430,837.40234375,1.9133654
3431,837.646484375,1.6890608
3432,837.890625,1.4729096
3433,838.134765625,1.1561615
3434,838.37890625,0.92662734
3435,838.623046875,0.7001297
3436,838.8671875,0.3927159
3437,839.111328125,0.1360223
3438,839.35546875,-0.12235821
3439,839.599609375,-0.38848734
3440,839.84375,-0.71318644
3441,840.087890625,-1.0379755
3442,840.33203125,-1.3209289
3443,840.576171875,-1.5574582
3444,840.8203125,-1.7796824
3445,841.064453125,-2.0334857
3446,841.30859375,-2.234657
3447,841.552734375,-2.3741994
3448,841.796875,-2.5636747
3449,842.041015625,-2.7383049
3450,842.28515625,-2.828724
3451,842.529296875,-2.9569302
3452,842.7734375,-3.1287715
3453,843.017578125,-3.2138824
3454,843.26171875,-3.33894
3455,843.505859375,-3.481631
3456,843.75,-3.6300805
3457,843.994140625,-3.6471746
3458,844.23828125,-3.598591
3459,844.482421875,-3.6556315
3460,844.7265625,-3.6543722
3461,844.970703125,-3.6035395
3462,845.21484375,-3.499445
3463,845.458984375,-3.4574294
3464,845.703125,-3.3394797
3465,845.947265625,-3.2113636
3466,846.19140625,-3.07497
3467,846.435546875,-2.888104
3468,846.6796875,-2.6782055
3469,846.923828125,-2.5034852
3470,847.16796875,-2.3084319
3471,847.412109375,-2.0883667
3472,847.65625,-1.8255666
3473,847.900390625,-1.5804904
3474,848.14453125,-1.3493593
3475,848.388671875,-1.0875486
3476,848.6328125,-0.79631805
3477,848.876953125,-0.5514217
3478,849.12109375,-0.295729
3479,849.365234375,0.0033738478
3480,849.609375,0.280423
3481,849.853515625,0.6029066
3482,850.09765625,0.88754696
3483,850.341796875,1.1833209
3484,850.5859375,1.4727409
3485,850.830078125,1.7067734
3486,851.07421875,1.8830009
3487,851.318359375,2.1003327
3488,851.5625,2.3065312
3489,851.806640625,2.4608283
3490,852.05078125,2.5704224
3491,852.294921875,2.723145
3492,852.5390625,2.836169
3493,852.783203125,2.9769711
3494,853.02734375,3.0394433
3495,853.271484375,3.2002635
3496,853.515625,3.368
3497,853.759765625,3.4775376
3498,854.00390625,3.4726455
3499,854.248046875,3.496431
3500,854.4921875,3.4931698
3501,854.736328125,3.4315407
3502,854.98046875,3.401176
3503,855.224609375,3.3824513
3504,855.46875,3.2838786
3505,855.712890625,3.1714733
3506,855.95703125,3.044673
3507,856.201171875,2.9383967
3508,856.4453125,2.711899
3509,856.689453125,2.6018553
3510,856.93359375,2.4198363
3511,857.177734375,2.2003112
3512,857.421875,1.9889395
3513,857.666015625,1.7720574
3514,857.91015625,1.5050173
3515,858.154296875,1.2895972
3516,858.3984375,1.0191832
3517,858.642578125,0.7722738
3518,858.88671875,0.5316622
3519,859.130859375,0.24741551
3520,859.375,-0.042915344
3521,859.619140625,-0.29833812
3522,859.86328125,-0.611971
3523,860.107421875,-0.913728
3524,860.3515625,-1.2047786
3525,860.595703125,-1.5003277
3526,860.83984375,-1.7225518
3527,861.083984375,-1.9305608
3528,861.328125,-2.1643012
3529,861.572265625,-2.3474784
3530,861.81640625,-2.4551716
3531,862.060546875,-2.679375
3532,862.3046875,-2.7954354
3533,862.548828125,-2.8917925
3534,862.79296875,-3.057336
3535,863.037109375,-3.203896
3536,863.28125,-3.300433
3537,863.525390625,-3.4334974
3538,863.76953125,-3.561074
3539,864.013671875,-3.6709266
3540,864.2578125,-3.6479845
3541,864.501953125,-3.6029997
3542,864.74609375,-3.6406968
3543,864.990234375,-3.6211734
3544,865.234375,-3.5554059
3545,865.478515625,-3.4184728
3546,865.72265625,-3.3397496
3547,865.966796875,-3.2113636
3548,866.2109375,-3.0607548
3549,866.455078125,-2.9007893
3550,866.69921875,-2.738035
3551,866.943359375,-2.5444212
3552,867.1875,-2.3626833
3553,867.431640625,-2.1654706
3554,867.67578125,-1.9175153
3555,867.919921875,-1.6572342
3556,868.1640625,-1.4034308
3557,868.408203125,-1.1640224
3558,868.65234375,-0.93172187
3559,868.896484375,-0.6440001
3560,869.140625,-0.40927026
3561,869.384765625,-0.09122885
3562,869.62890625,0.16363162
3563,869.873046875,0.46232963
3564,870.1171875,0.7929667
3565,870.361328125,1.0753016
3566,870.60546875,1.3535315
3567,870.849609375,1.5862145
3568,871.09375,1.8242395
3569,871.337890625,2.0320685
3570,871.58203125,2.2019982
3571,871.826171875,2.382499
3572,872.0703125,2.5293176
3573,872.314453125,2.6478522
3574,872.55859375,2.79647
3575,872.802734375,2.9224832
3576,873.046875,3.0346637
3577,873.291015625,3.1683807
3578,873.53515625,3.2616675
3579,873.779296875,3.4226563
3580,874.0234375,3.4587564
3581,874.267578125,3.5100389
3582,874.51171875,3.4806302
3583,874.755859375,3.4936194
3584,875.0,3.4441366
3585,875.244140625,3.3770533
3586,875.48828125,3.3279636
3587,875.732421875,3.1433578
3588,875.9765625,3.080548
3589,876.220703125,2.9616199
3590,876.46484375,2.8031616
3591,876.708984375,2.5725029
3592,876.953125,2.4422722
3593,877.197265625,2.2486696
3594,877.44140625,2.045508
3595,877.685546875,1.7964053
3596,877.9296875,1.5586053
3597,878.173828125,1.2947704
3598,878.41796875,1.0523031
3599,878.662109375,0.76985586
3600,878.90625,0.51372457
3601,879.150390625,0.25000215
3602,879.39453125,-0.041205928
3603,879.638671875,-0.32784805
3604,879.8828125,-0.6317643
3605,880.126953125,-0.89483446
3606,880.37109375,-1.1897538
3607,880.615234375,-1.469918
3608,880.859375,-1.7697856
3609,881.103515625,-1.956112
3610,881.34765625,-2.1598024
3611,881.591796875,-2.3975914
3612,881.8359375,-2.5235484
3613,882.080078125,-2.653104
3614,882.32421875,-2.8252153
3615,882.568359375,-2.9684463
3616,882.8125,-3.0767694
3617,883.056640625,-3.180054
3618,883.30078125,-3.3283234
3619,883.544921875,-3.4480727
3620,883.7890625,-3.5533366
3621,884.033203125,-3.666068
3622,884.27734375,-3.672636
3623,884.521484375,-3.6498735
3624,884.765625,-3.625312
3625,885.009765625,-3.6258519
3626,885.25390625,-3.5826666
3627,885.498046875,-3.4191027
3628,885.7421875,-3.3635914
3629,885.986328125,-3.2876573
3630,886.23046875,-3.1417272
3631,886.474609375,-2.9560306
3632,886.71875,-2.7104144
3633,886.962890625,-2.5611553
3634,887.20703125,-2.3694308
3635,887.451171875,-2.160612
3636,887.6953125,-1.9770749
3637,887.939453125,-1.6971805
3638,888.18359375,-1.4490452
3639,888.427734375,-1.177248
3640,888.671875,-0.9209255
3641,888.916015625,-0.6741398
3642,889.16015625,-0.35303944
3643,889.404296875,-0.15366752
3644,889.6484375,0.1256196
3645,889.892578125,0.45957434
3646,890.13671875,0.789368
3647,890.380859375,1.0589384
3648,890.625,1.3707944
3649,890.869140625,1.5832343
3650,891.11328125,1.8793459
3651,891.357421875,2.076716
3652,891.6015625,2.2701497
3653,891.845703125,2.4279897
3654,892.08984375,2.5858858
3655,892.333984375,2.7416449
3656,892.578125,2.8122709
3657,892.822265625,2.937497
3658,893.06640625,3.0907822
3659,893.310546875,3.206561
3660,893.5546875,3.2938876
3661,893.798828125,3.4675846
3662,894.04296875,3.5459704
3663,894.287109375,3.5760539
3664,894.53125,3.550469
3665,894.775390625,3.5113885
3666,895.01953125,3.4958127
3667,895.263671875,3.3905485
3668,895.5078125,3.353436
3669,895.751953125,3.2746005
3670,895.99609375,3.1588216
3671,896.240234375,3.0026124
3672,896.484375,2.8384182
3673,896.728515625,2.6729875
3674,896.97265625,2.5043511
3675,897.216796875,2.2862318
3676,897.4609375,2.1258616
3677,897.705078125,1.882832
3678,897.94921875,1.6383406
3679,898.193359375,1.3649465
3680,898.4375,1.1359184
3681,898.681640625,0.8506595
3682,898.92578125,0.5551667
3683,899.169921875,0.3191098
3684,899.4140625,0.081984505
3685,899.658203125,-0.22717243
3686,899.90234375,-0.52533066
3687,900.146484375,-0.83455503
3688,900.390625,-1.1168786
3689,900.634765625,-1.4349201
3690,900.87890625,-1.7168838
3691,901.123046875,-1.9400076
3692,901.3671875,-2.1174269
3693,901.611328125,-2.339921
3694,901.85546875,-2.523818
3695,902.099609375,-2.688912
3696,902.34375,-2.846628
3697,902.587890625,-2.9364173
3698,902.83203125,-3.1046598
3699,903.076171875,-3.1946292
3700,903.3203125,-3.317887
3701,903.564453125,-3.4519413
3702,903.80859375,-3.625762
3703,904.052734375,-3.6732657
3704,904.296875,-3.710963
3705,904.541015625,-3.6850517
3706,904.78515625,-3.6597703
3707,905.029296875,-3.665888
3708,905.2734375,-3.6402469
3709,905.517578125,-3.5706108
3710,905.76171875,-3.447713
3711,906.005859375,-3.2934153
3712,906.25,-3.2109137
3713,906.494140625,-3.039882
3714,906.73828125,-2.8399704
3715,906.982421875,-2.6603017
3716,907.2265625,-2.440147
3717,907.470703125,-2.2888184
3718,907.71484375,-2.0270977
3719,907.958984375,-1.777613
3720,908.203125,-1.502577
3721,908.447265625,-1.2245718
3722,908.69140625,-0.9764366
3723,908.935546875,-0.7253324
3724,909.1796875,-0.44822693
3725,909.423828125,-0.20378041
3726,909.66796875,0.11195552
3727,909.912109375,0.35616586
3728,910.15625,0.71396244
3729,910.400390625,1.0037761
3730,910.64453125,1.2617629
3731,910.888671875,1.518063
3732,911.1328125,1.7414116
3733,911.376953125,1.9369823
3734,911.62109375,2.1688783
3735,911.865234375,2.33504
3736,912.109375,2.5054195
3737,912.353515625,2.6367183
3738,912.59765625,2.7929838
3739,912.841796875,2.861979
3740,913.0859375,3.0345514
3741,913.330078125,3.1779962
3742,913.57421875,3.3089576
3743,913.818359375,3.3900423
3744,914.0625,3.5248277
3745,914.306640625,3.5384355
3746,914.55078125,3.5028977
3747,914.794921875,3.501267
3748,915.0390625,3.5001423
3749,915.283203125,3.4662352
3750,915.52734375,3.396509
3751,915.771484375,3.290964
3752,916.015625,3.1559534
3753,916.259765625,3.076612
3754,916.50390625,2.9028587
3755,916.748046875,2.7604823
3756,916.9921875,2.559626
3757,917.236328125,2.3993683
3758,917.48046875,2.2008173
3759,917.724609375,1.972239
3760,917.96875,1.72786
3761,918.212890625,1.4924216
3762,918.45703125,1.2197585
3763,918.701171875,0.9429343
3764,918.9453125,0.7317876
3765,919.189453125,0.41346505
3766,919.43359375,0.15800855
3767,919.677734375,-0.14215146
3768,919.921875,-0.4223158
3769,920.166015625,-0.7324399
3770,920.41015625,-1.0006382
3771,920.654296875,-1.3229983
3772,920.8984375,-1.6214263
3773,921.142578125,-1.8162998
3774,921.38671875,-2.076131
3775,921.630859375,-2.2549899
3776,921.875,-2.4400568
3777,922.119140625,-2.6073997
3778,922.36328125,-2.7730331
3779,922.607421875,-2.8629124
3780,922.8515625,-3.0026345
3781,923.095703125,-3.1635897
3782,923.33984375,-3.2993534
3783,923.583984375,-3.3839245
3784,923.828125,-3.531474
3785,924.072265625,-3.6454651
3786,924.31640625,-3.6777642
3787,924.560546875,-3.6436658
3788,924.8046875,-3.669487
3789,925.048828125,-3.6913495
3790,925.29296875,-3.599311
3791,925.537109375,-3.5631433
3792,925.78125,-3.45581
3793,926.025390625,-3.30916
3794,926.26953125,-3.151084
3795,926.513671875,-3.0449204
3796,926.7578125,-2.8273747
3797,927.001953125,-2.676946
3798,927.24609375,-2.4837818
3799,927.490234375,-2.2655165
3800,927.734375,-2.0804496
3801,927.978515625,-1.8058634
3802,928.22265625,-1.5729328
3803,928.466796875,-1.3350542
3804,928.7109375,-1.0977151
3805,928.955078125,-0.80783415
3806,929.19921875,-0.52865946
3807,929.443359375,-0.29123056
3808,929.6875,0.025078937
3809,929.931640625,0.27778015
3810,930.17578125,0.5897486
3811,930.419921875,0.8661792
3812,930.6640625,1.1613909
3813,930.908203125,1.4215145
3814,931.15234375,1.6486309
3815,931.396484375,1.8788396
3816,931.640625,2.037973
3817,931.884765625,2.239954
3818,932.12890625,2.4437907
3819,932.373046875,2.531848
3820,932.6171875,2.6851895
3821,932.861328125,2.817613
3822,933.10546875,2.9457629
3823,933.349609375,3.0852716
3824,933.59375,3.1980705
3825,933.837890625,3.3146932
3826,934.08203125,3.419676
3827,934.326171875,3.5217912
3828,934.5703125,3.544677
3829,934.814453125,3.465729
3830,935.05859375,3.472252
3831,935.302734375,3.4527397
3832,935.546875,3.3702493
3833,935.791015625,3.2537951
3834,936.03515625,3.170911
3835,936.279296875,3.1015222
3836,936.5234375,2.956728
3837,936.767578125,2.7542408
3838,937.01171875,2.5619876
3839,937.255859375,2.4260216
3840,937.5,2.2509751
3841,937.744140625,2.0207663
3842,937.98828125,1.8224964
3843,938.232421875,1.542467
3844,938.4765625,1.2976944
3845,938.720703125,1.0185084
3846,938.96484375,0.7899303
3847,939.208984375,0.5490937
3848,939.453125,0.24505383
3849,939.697265625,-0.03832691
3850,939.94140625,-0.31561223
3851,940.185546875,-0.62987494
3852,940.4296875,-0.9360404
3853,940.673828125,-1.218184
3854,940.91796875,-1.4890815
3855,941.162109375,-1.6934017
3856,941.40625,-1.9194046
3857,941.650390625,-2.1831946
3858,941.89453125,-2.3508074
3859,942.138671875,-2.5001564
3860,942.3828125,-2.6522944
3861,942.626953125,-2.778881
3862,942.87109375,-2.8998897
3863,943.115234375,-3.0532875
3864,943.359375,-3.1760955
3865,943.603515625,-3.3313825
3866,943.84765625,-3.3839245
3867,944.091796875,-3.5565755
3868,944.3359375,-3.6614797
3869,944.580078125,-3.5945425
3870,944.82421875,-3.6095674
3871,945.068359375,-3.5981414
3872,945.3125,-3.561524
3873,945.556640625,-3.4857697
3874,945.80078125,-3.3727684
3875,946.044921875,-3.3222957
3876,946.2890625,-3.1884212
3877,946.533203125,-3.0887353
3878,946.77734375,-2.8913426
3879,947.021484375,-2.6803648
3880,947.265625,-2.4737954
3881,947.509765625,-2.3139198
3882,947.75390625,-2.1356008
3883,947.998046875,-1.9252526
3884,948.2421875,-1.6232257
3885,948.486328125,-1.3869663
3886,948.73046875,-1.1470183
3887,948.974609375,-0.9040113
3888,949.21875,-0.6073826
3889,949.462890625,-0.35159993
3890,949.70703125,-0.1068835
3891,949.951171875,0.1982698
3892,950.1953125,0.4790302
3893,950.439453125,0.8160214
3894,950.68359375,1.0365024
3895,950.927734375,1.3240104
3896,951.171875,1.5567496
3897,951.416015625,1.7895452
3898,951.66015625,1.9777496
3899,951.904296875,2.1343524
3900,952.1484375,2.3686101
3901,952.392578125,2.508006
3902,952.63671875,2.6165316
3903,952.880859375,2.7315235
3904,953.125,2.8719318
3905,953.369140625,3.0311773
3906,953.61328125,3.1152987
3907,953.857421875,3.2972054
3908,954.1015625,3.388918
3909,954.345703125,3.4758506
3910,954.58984375,3.450322
3911,954.833984375,3.4383447
3912,955.078125,3.4210818
3913,955.322265625,3.4094982
3914,955.56640625,3.3352737
3915,955.810546875,3.2857904
3916,956.0546875,3.1792893
3917,956.298828125,3.0620482
3918,956.54296875,2.9493618
3919,956.787109375,2.789891
3920,957.03125,2.609784
3921,957.275390625,2.4354684
3922,957.51953125,2.2451832
3923,957.763671875,2.060184
3924,958.0078125,1.8276134
3925,958.251953125,1.5571432
3926,958.49609375,1.3323888
3927,958.740234375,1.0899777
3928,958.984375,0.798871
3929,959.228515625,0.56298274
3930,959.47265625,0.3100004
3931,959.716796875,0.037674636
3932,959.9609375,-0.29231018
3933,960.205078125,-0.56617665
3934,960.44921875,-0.87396157
3935,960.693359375,-1.1671714
3936,960.9375,-1.458312
3937,961.181640625,-1.6983501
3938,961.42578125,-1.8916941
3939,961.669921875,-2.1230052
3940,961.9140625,-2.3346128
3941,962.158203125,-2.492239
3942,962.40234375,-2.6203554
3943,962.646484375,-2.7554889
3944,962.890625,-2.9056478
3945,963.134765625,-3.001825
3946,963.37890625,-3.1317406
3947,963.623046875,-3.2605767
3948,963.8671875,-3.3961604
3949,964.111328125,-3.523107
3950,964.35546875,-3.6321497
3951,964.599609375,-3.6513133
3952,964.84375,-3.5977814
3953,965.087890625,-3.5725002
3954,965.33203125,-3.551987
3955,965.576171875,-3.528955
3956,965.8203125,-3.3674603
3957,966.064453125,-3.3397496
3958,966.30859375,-3.2191908
3959,966.552734375,-3.0496886
3960,966.796875,-2.8712795
3961,967.041015625,-2.7216606
3962,967.28515625,-2.5388432
3963,967.529296875,-2.330924
3964,967.7734375,-2.1391096
3965,968.017578125,-1.9296612
3966,968.26171875,-1.6685703
3967,968.505859375,-1.3985724
3968,968.75,-1.1579945
3969,968.994140625,-0.9245243
3970,969.23828125,-0.64975816
3971,969.482421875,-0.3435027
3972,969.7265625,-0.11345126
3973,969.970703125,0.14709978
3974,970.21484375,0.43488902
3975,970.458984375,0.69922996
3976,970.703125,0.989887
3977,970.947265625,1.302699
3978,971.19140625,1.5202558
3979,971.435546875,1.7704829
3980,971.6796875,1.9781432
3981,971.923828125,2.1828234
3982,972.16796875,2.32863
3983,972.412109375,2.5118299
3984,972.65625,2.6792288
3985,972.900390625,2.7159476
3986,973.14453125,2.8925686
3987,973.388671875,3.0506332
3988,973.6328125,3.1759717
3989,973.876953125,3.245979
3990,974.12109375,3.3768845
3991,974.365234375,3.4740512
3992,974.609375,3.4431243
3993,974.853515625,3.500311
3994,975.09765625,3.4996924
3995,975.341796875,3.4426744
3996,975.5859375,3.3656945
3997,975.830078125,3.2988923
3998,976.07421875,3.2216313
3999,976.318359375,3.1413336
4000,976.5625,2.974722
4001,976.806640625,2.8533194
4002,977.05078125,2.6481333
4003,977.294921875,2.4330504
4004,977.5390625,2.2853322
4005,977.783203125,2.1487477
4006,978.02734375,1.857978
4007,978.271484375,1.6102252
4008,978.515625,1.4088627
4009,978.759765625,1.1428347
4010,979.00390625,0.8823175
4011,979.248046875,0.6051559
4012,979.4921875,0.32158396
4013,979.736328125,0.042510483
4014,979.98046875,-0.17400059
4015,980.224609375,-0.52551055
4016,980.46875,-0.8406729
4017,980.712890625,-1.1193978
4018,980.95703125,-1.3939841
4019,981.201171875,-1.6727087
4020,981.4453125,-1.891874
4021,981.689453125,-2.123545
4022,981.93359375,-2.3293045
4023,982.177734375,-2.5138316
4024,982.421875,-2.653464
4025,982.666015625,-2.7636762
4026,982.91015625,-2.922202
4027,983.154296875,-3.0906248
4028,983.3984375,-3.2030861
4029,983.642578125,-3.2960246
4030,983.88671875,-3.458149
4031,984.130859375,-3.5714204
4032,984.375,-3.6088476
4033,984.619140625,-3.6501436
4034,984.86328125,-3.6689472
4035,985.107421875,-3.6577911
4036,985.3515625,-3.5880647
4037,985.595703125,-3.5819468
4038,985.83984375,-3.473354
4039,986.083984375,-3.3967903
4040,986.328125,-3.2303472
4041,986.572265625,-3.1371386
4042,986.81640625,-2.9740243
4043,987.060546875,-2.7544994
4044,987.3046875,-2.611988
4045,987.548828125,-2.4140556
4046,987.79296875,-2.240055
4047,988.037109375,-2.0010068
4048,988.28125,-1.7389262
4049,988.525390625,-1.540274
4050,988.76953125,-1.241576
4051,989.013671875,-0.9656403
4052,989.2578125,-0.7136363
4053,989.501953125,-0.47656724
4054,989.74609375,-0.19991173
4055,989.990234375,0.08277173
4056,990.234375,0.37562174
4057,990.478515625,0.6881525
4058,990.72265625,0.96351475
4059,990.966796875,1.3039923
4060,991.2109375,1.480557
4061,991.455078125,1.7174011
4062,991.69921875,1.9639168
4063,991.943359375,2.1587567
4064,992.1875,2.342575
4065,992.431640625,2.5147538
4066,992.67578125,2.6400359
4067,992.919921875,2.816713
4068,993.1640625,2.8930748
4069,993.408203125,3.021056
4070,993.65234375,3.1792893
4071,993.896484375,3.2741506
4072,994.140625,3.4028068
4073,994.384765625,3.5208914
4074,994.62890625,3.581227
4075,994.873046875,3.512232
4076,995.1171875,3.5114448
4077,995.361328125,3.5009296
4078,995.60546875,3.4125907
4079,995.849609375,3.3547857
4080,996.09375,3.2961934
4081,996.337890625,3.218651
4082,996.58203125,3.0533323
4083,996.826171875,2.907582
4084,997.0703125,2.6891255
4085,997.314453125,2.5599072
4086,997.55859375,2.3733335
4087,997.802734375,2.1522338
4088,998.046875,1.9704397
4089,998.291015625,1.7133524
4090,998.53515625,1.4562091
4091,998.779296875,1.170894
4092,999.0234375,0.94068503
4093,999.267578125,0.7064837
4094,999.51171875,0.41582674
4095,999.755859375,0.17313464
4096,1000.0,-0.14017212
4097,1000.244140625,-0.40000343
4098,1000.48828125,-0.720474
4099,1000.732421875,-1.0522807
4100,1000.9765625,-1.3068937
4101,1001.220703125,-1.5406339
4102,1001.46484375,-1.7931776
4103,1001.708984375,-2.0020864
4104,1001.953125,-2.1774366
4105,1002.197265625,-2.3537762
4106,1002.44140625,-2.583108
4107,1002.685546875,-2.7063658
4108,1002.9296875,-2.8177478
4109,1003.173828125,-2.9681766
4110,1003.41796875,-3.1053796
4111,1003.662109375,-3.236015
4112,1003.90625,-3.3542347
4113,1004.150390625,-3.502864
4114,1004.39453125,-3.5566654
4115,1004.638671875,-3.6074982
4116,1004.8828125,-3.637548
4117,1005.126953125,-3.63116
4118,1005.37109375,-3.5851858
4119,1005.615234375,-3.5223873
4120,1005.859375,-3.473174
4121,1006.103515625,-3.3811355
4122,1006.34765625,-3.2985435
4123,1006.591796875,-3.1469452
4124,1006.8359375,-3.0348437
4125,1007.080078125,-2.8527458
4126,1007.32421875,-2.656433
4127,1007.568359375,-2.4633589
4128,1007.8125,-2.310771
4129,1008.056640625,-2.0889966
4130,1008.30078125,-1.8105417
4131,1008.544921875,-1.5807602
4132,1008.7890625,-1.3663634
4133,1009.033203125,-1.0984349
4134,1009.27734375,-0.79946697
4135,1009.521484375,-0.5514217
4136,1009.765625,-0.2951892
4137,1010.009765625,-0.034458235
4138,1010.25390625,0.2864397
4139,1010.498046875,0.540378
4140,1010.7421875,0.8349149
4141,1010.986328125,1.1535748
4142,1011.23046875,1.4180845
4143,1011.474609375,1.6407584
4144,1011.71875,1.8445389
4145,1011.962890625,2.074129
4146,1012.20703125,2.2483885
4147,1012.451171875,2.410839
4148,1012.6953125,2.523076
4149,1012.939453125,2.6745617
4150,1013.18359375,2.8267784
4151,1013.427734375,2.926982
4152,1013.671875,3.0979235
4153,1013.916015625,3.2463164
4154,1014.16015625,3.323971
4155,1014.404296875,3.41574
4156,1014.6484375,3.508352
4157,1014.892578125,3.5276392
4158,1015.13671875,3.4851286
4159,1015.380859375,3.4368265
4160,1015.625,3.49272
4161,1015.869140625,3.4336214
4162,1016.11328125,3.2752755
4163,1016.357421875,3.1827195
4164,1016.6015625,3.043717
4165,1016.845703125,2.9702795
4166,1017.08984375,2.7494612
4167,1017.333984375,2.5901594
4168,1017.578125,2.4199486
4169,1017.822265625,2.2287078
4170,1018.06640625,2.005865
4171,1018.310546875,1.7898825
4172,1018.5546875,1.513958
4173,1018.798828125,1.3019117
4174,1019.04296875,1.0141786
4175,1019.287109375,0.7433711
4176,1019.53125,0.51378083
4177,1019.775390625,0.21170896
4178,1020.01953125,-0.053711656
4179,1020.263671875,-0.31957087
4180,1020.5078125,-0.6434603
4181,1020.751953125,-0.96168154
4182,1020.99609375,-1.2331189
4183,1021.240234375,-1.4777454
4184,1021.484375,-1.7459438
4185,1021.728515625,-1.9463953
4186,1021.97265625,-2.1925514
4187,1022.216796875,-2.386615
4188,1022.4609375,-2.513022
4189,1022.705078125,-2.6906214
4190,1022.94921875,-2.8213465
4191,1023.193359375,-2.9263408
4192,1023.4375,-3.0942233
4193,1023.681640625,-3.2225196
4194,1023.92578125,-3.329583
4195,1024.169921875,-3.4567096
4196,1024.4140625,-3.587255
4197,1024.658203125,-3.654462
4198,1024.90234375,-3.6151454
4199,1025.146484375,-3.5873451
4200,1025.390625,-3.6250422
4201,1025.634765625,-3.6061487
4202,1025.87890625,-3.4953964
4203,1026.123046875,-3.3988595
4204,1026.3671875,-3.350546
4205,1026.611328125,-3.1741161
4206,1026.85546875,-3.0361934
4207,1027.099609375,-2.8763177
4208,1027.34375,-2.6626408
4209,1027.587890625,-2.5251677
4210,1027.83203125,-2.3084319
4211,1028.076171875,-2.1038415
4212,1028.3203125,-1.8562461
4213,1028.564453125,-1.6235856
4214,1028.80859375,-1.3743707
4215,1029.052734375,-1.1294743
4216,1029.296875,-0.8618157
4217,1029.541015625,-0.58641976
4218,1029.78515625,-0.29905787
4219,1030.029296875,-0.07485444
4220,1030.2734375,0.20597342
4221,1030.517578125,0.529413
4222,1030.76171875,0.8533586
4223,1031.005859375,1.1432283
4224,1031.25,1.3984599
4225,1031.494140625,1.6498679
4226,1031.73828125,1.873329
4227,1031.982421875,2.0575411
4228,1032.2265625,2.2614903
4229,1032.470703125,2.429789
4230,1032.71484375,2.5646868
4231,1032.958984375,2.6995845
4232,1033.203125,2.8548377
4233,1033.447265625,2.9733722
4234,1033.69140625,3.091288
4235,1033.935546875,3.243055
4236,1034.1796875,3.3865
4237,1034.423828125,3.5289886
4238,1034.66796875,3.5625021
4239,1034.912109375,3.582408
4240,1035.15625,3.5876374
4241,1035.400390625,3.5186422
4242,1035.64453125,3.500086
4243,1035.888671875,3.4481287
4244,1036.1328125,3.3671565
4245,1036.376953125,3.1496556
4246,1036.62109375,3.1018596
4247,1036.865234375,3.0060425
4248,1037.109375,2.8103592
4249,1037.353515625,2.5849862
4250,1037.59765625,2.4428346
4251,1037.841796875,2.2454646
4252,1038.0859375,2.0352738
4253,1038.330078125,1.7763871
4254,1038.57421875,1.5361129
4255,1038.818359375,1.3168129
4256,1039.0625,1.0302045
4257,1039.306640625,0.756248
4258,1039.55078125,0.49072617
4259,1039.794921875,0.23735021
4260,1040.0390625,-0.021952504
4261,1040.283203125,-0.3431428
4262,1040.52734375,-0.6141303
4263,1040.771484375,-0.9562835
4264,1041.015625,-1.2770239
4265,1041.259765625,-1.5133731
4266,1041.50390625,-1.7945273
4267,1041.748046875,-2.009554
4268,1041.9921875,-2.246173
4269,1042.236328125,-2.4142356
4270,1042.48046875,-2.5892258
4271,1042.724609375,-2.7426236
4272,1042.96875,-2.861383
4273,1043.212890625,-3.0002956
4274,1043.45703125,-3.1317406
4275,1043.701171875,-3.2617464
4276,1043.9453125,-3.4204519
4277,1044.189453125,-3.5014243
4278,1044.43359375,-3.6175747
4279,1044.677734375,-3.7061045
4280,1044.921875,-3.7252681
4281,1045.166015625,-3.692429
4282,1045.41015625,-3.6453753
4283,1045.654296875,-3.6733556
4284,1045.8984375,-3.5912137
4285,1046.142578125,-3.4695752
4286,1046.38671875,-3.350906
4287,1046.630859375,-3.2827091
4288,1046.875,-3.1383083
4289,1047.119140625,-2.911136
4290,1047.36328125,-2.7513506
4291,1047.607421875,-2.571502
4292,1047.8515625,-2.365922
4293,1048.095703125,-2.1225553
4294,1048.33984375,-1.9551222
4295,1048.583984375,-1.6912426
4296,1048.828125,-1.402711
4297,1049.072265625,-1.1681612
4298,1049.31640625,-0.90590066
4299,1049.560546875,-0.6790881
4300,1049.8046875,-0.35807773
4301,1050.048828125,-0.08313161
4302,1050.29296875,0.20698556
4303,1050.537109375,0.47531897
4304,1050.78125,0.77547896
4305,1051.025390625,1.0949261
4306,1051.26953125,1.4014964
4307,1051.513671875,1.5941994
4308,1051.7578125,1.8443701
4309,1052.001953125,2.0739043
4310,1052.24609375,2.2401788
4311,1052.490234375,2.4060035
4312,1052.734375,2.6203554
4313,1052.978515625,2.799563
4314,1053.22265625,2.8590548
4315,1053.466796875,3.0027246
4316,1053.7109375,3.1827195
4317,1053.955078125,3.2575064
4318,1054.19921875,3.3791337
4319,1054.443359375,3.5289886
4320,1054.6875,3.642631
4321,1054.931640625,3.6148531
4322,1055.17578125,3.6076555
4323,1055.419921875,3.5790904
4324,1055.6640625,3.5386043
4325,1055.908203125,3.4608932
4326,1056.15234375,3.410679
4327,1056.396484375,3.3231277
4328,1056.640625,3.1718106
4329,1056.884765625,3.0222366
4330,1057.12890625,2.8996537
4331,1057.373046875,2.677092
4332,1057.6171875,2.5371337
4333,1057.861328125,2.3299232
4334,1058.10546875,2.1635926
4335,1058.349609375,1.9058304
4336,1058.59375,1.6570654
4337,1058.837890625,1.4149919
4338,1059.08203125,1.1629654
4339,1059.326171875,0.850772
4340,1059.5703125,0.5935723
4341,1059.814453125,0.3151174
4342,1060.05859375,0.0591548
4343,1060.302734375,-0.20926854
4344,1060.546875,-0.5473731
4345,1060.791015625,-0.83455503
4346,1061.03515625,-1.1229966
4347,1061.279296875,-1.4227742
4348,1061.5234375,-1.7032983
4349,1061.767578125,-1.8860259
4350,1062.01171875,-2.1129284
4351,1062.255859375,-2.3562055
4352,1062.5,-2.5498195
4353,1062.744140625,-2.6834235
4354,1062.98828125,-2.7714138
4355,1063.232421875,-2.9466736
4356,1063.4765625,-3.0795584
4357,1063.720703125,-3.171777
4358,1063.96484375,-3.2972841
4359,1064.208984375,-3.4504118
4360,1064.453125,-3.5837462
4361,1064.697265625,-3.643126
4362,1064.94140625,-3.6818128
4363,1065.185546875,-3.6817229
4364,1065.4296875,-3.6364684
4365,1065.673828125,-3.6087577
4366,1065.91796875,-3.610377
4367,1066.162109375,-3.5366023
4368,1066.40625,-3.3754673
4369,1066.650390625,-3.303492
4370,1066.89453125,-3.1955287
4371,1067.138671875,-2.992558
4372,1067.3828125,-2.7949855
4373,1067.626953125,-2.5880563
4374,1067.87109375,-2.4830623
4375,1068.115234375,-2.2797315
4376,1068.359375,-2.0104535
4377,1068.603515625,-1.7766234
4378,1068.84765625,-1.5447725
4379,1069.091796875,-1.2786434
4380,1069.3359375,-1.0226808
4381,1069.580078125,-0.75952065
4382,1069.82421875,-0.50274837
4383,1070.068359375,-0.21160774
4384,1070.3125,0.08170335
4385,1070.556640625,0.34491974
4386,1070.80078125,0.65137756
4387,1071.044921875,0.97172445
4388,1071.2890625,1.226956
4389,1071.533203125,1.496639
4390,1071.77734375,1.6987325
4391,1072.021484375,1.9674032
4392,1072.265625,2.1604996
4393,1072.509765625,2.319633
4394,1072.75390625,2.4969287
4395,1072.998046875,2.627103
4396,1073.2421875,2.7530036
4397,1073.486328125,2.8930748
4398,1073.73046875,3.0330894
4399,1073.974609375,3.1967208
4400,1074.21875,3.284441
4401,1074.462890625,3.3989267
4402,1074.70703125,3.5167866
4403,1074.951171875,3.5266833
4404,1075.1953125,3.5006485
4405,1075.439453125,3.494463
4406,1075.68359375,3.5048094
4407,1075.927734375,3.4338462
4408,1076.171875,3.3676064
4409,1076.416015625,3.2590246
4410,1076.66015625,3.1764777
4411,1076.904296875,3.0612047
4412,1077.1484375,2.8805351
4413,1077.392578125,2.725563
4414,1077.63671875,2.5701973
4415,1077.880859375,2.3807557
4416,1078.125,2.1474543
4417,1078.369140625,2.0018728
4418,1078.61328125,1.7504085
4419,1078.857421875,1.4447942
4420,1079.1015625,1.2123361
4421,1079.345703125,0.947489
4422,1079.58984375,0.7122193
4423,1079.833984375,0.42038146
4424,1080.078125,0.110043675
4425,1080.322265625,-0.11354123
4426,1080.56640625,-0.40396205
4427,1080.810546875,-0.72407275
4428,1081.0546875,-1.0432837
4429,1081.298828125,-1.3019453
4430,1081.54296875,-1.5387446
4431,1081.787109375,-1.7699656
4432,1082.03125,-2.0207999
4433,1082.275390625,-2.2147737
4434,1082.51953125,-2.4114466
4435,1082.763671875,-2.5833778
4436,1083.0078125,-2.7096946
4437,1083.251953125,-2.855355
4438,1083.49609375,-2.9915686
4439,1083.740234375,-3.1346197
4440,1083.984375,-3.209474
4441,1084.228515625,-3.3242748
4442,1084.47265625,-3.499535
4443,1084.716796875,-3.5733998
4444,1084.9609375,-3.5940928
4445,1085.205078125,-3.6239626
4446,1085.44921875,-3.6336794
4447,1085.693359375,-3.555136
4448,1085.9375,-3.5419106
4449,1086.181640625,-3.476683
4450,1086.42578125,-3.3917518
4451,1086.669921875,-3.2558084
4452,1086.9140625,-3.1751058
4453,1087.158203125,-3.0395222
4454,1087.40234375,-2.8566146
4455,1087.646484375,-2.6537337
4456,1087.890625,-2.4858513
4457,1088.134765625,-2.3300245
4458,1088.37890625,-2.0431123
4459,1088.623046875,-1.8289855
4460,1088.8671875,-1.6117097
4461,1089.111328125,-1.3548473
4462,1089.35546875,-1.0700946
4463,1089.599609375,-0.82303894
4464,1089.84375,-0.57418394
4465,1090.087890625,-0.31732166
4466,1090.33203125,-0.021952504
4467,1090.576171875,0.27215707
4468,1090.8203125,0.55134296
4469,1091.064453125,0.85459566
4470,1091.30859375,1.1835458
4471,1091.552734375,1.4216833
4472,1091.796875,1.6539165
4473,1092.041015625,1.8429645
4474,1092.28515625,2.0646262
4475,1092.529296875,2.2598033
4476,1092.7734375,2.419049
4477,1093.017578125,2.5563648
4478,1093.26171875,2.6806908
4479,1093.505859375,2.872213
4480,1093.75,2.9458754
4481,1093.994140625,3.085215
4482,1094.23828125,3.2336645
4483,1094.482421875,3.3402781
4484,1094.7265625,3.4204633
4485,1094.970703125,3.4719708
4486,1095.21484375,3.5131316
4487,1095.458984375,3.499074
4488,1095.703125,3.4471729
4489,1095.947265625,3.420126
4490,1096.19140625,3.3610835
4491,1096.435546875,3.2562132
4492,1096.6796875,3.17361
4493,1096.923828125,3.0875769
4494,1097.16796875,2.9782643
4495,1097.412109375,2.714092
4496,1097.65625,2.5685103
4497,1097.900390625,2.4042041
4498,1098.14453125,2.1621866
4499,1098.388671875,1.967572
4500,1098.6328125,1.7590681
4501,1098.876953125,1.5056359
4502,1099.12109375,1.2477614
4503,1099.365234375,0.964808
4504,1099.609375,0.76423275
4505,1099.853515625,0.4764436
4506,1100.09765625,0.20529865
4507,1100.341796875,-0.056590676
4508,1100.5859375,-0.35636833
4509,1100.830078125,-0.6544365
4510,1101.07421875,-0.9360404
4511,1101.318359375,-1.2728853
4512,1101.5625,-1.4944797
4513,1101.806640625,-1.6858444
4514,1102.05078125,-1.9604306
4515,1102.294921875,-2.179236
4516,1102.5390625,-2.3374019
4517,1102.783203125,-2.507084
4518,1103.02734375,-2.6924207
4519,1103.271484375,-2.7886877
4520,1103.515625,-2.8881936
4521,1103.759765625,-3.0524776
4522,1104.00390625,-3.1410074
4523,1104.248046875,-3.306101
4524,1104.4921875,-3.3839245
4525,1104.736328125,-3.545869
4526,1104.98046875,-3.6027298
4527,1105.224609375,-3.5805972
4528,1105.46875,-3.5894144
4529,1105.712890625,-3.5833864
4530,1105.95703125,-3.5453293
4531,1106.201171875,-3.476683
4532,1106.4453125,-3.3804157
4533,1106.689453125,-3.3148282
4534,1106.93359375,-3.1786146
4535,1107.177734375,-3.0302553
4536,1107.421875,-2.8816261
4537,1107.666015625,-2.6773958
4538,1107.91015625,-2.5162606
4539,1108.154296875,-2.348918
4540,1108.3984375,-2.1517951
4541,1108.642578125,-1.9158058
4542,1108.88671875,-1.6579539
4543,1109.130859375,-1.3908352
4544,1109.375,-1.1649222
4545,1109.619140625,-0.92254496
4546,1109.86328125,-0.61844885
4547,1110.107421875,-0.39667454
4548,1110.3515625,-0.108682886
4549,1110.595703125,0.16801763
4550,1110.83984375,0.466322
4551,1111.083984375,0.76530117
4552,1111.328125,1.0710843
4553,1111.572265625,1.3210864
4554,1111.81640625,1.5717071
4555,1112.060546875,1.7879707
4556,1112.3046875,1.9815733
4557,1112.548828125,2.2259524
4558,1112.79296875,2.4281585
4559,1113.037109375,2.533816
4560,1113.28125,2.6578612
4561,1113.525390625,2.8180628
4562,1113.76953125,2.9471686
4563,1114.013671875,3.0721698
4564,1114.2578125,3.2064488
4565,1114.501953125,3.370474
4566,1114.74609375,3.4260864
4567,1114.990234375,3.4941256
4568,1115.234375,3.5140877
4569,1115.478515625,3.4794493
4570,1115.72265625,3.4499843
4571,1115.966796875,3.4281106
4572,1116.2109375,3.371655
4573,1116.455078125,3.3293133
4574,1116.69921875,3.1715856
4575,1116.943359375,3.0716074
4576,1117.1875,2.949924
4577,1117.431640625,2.8185127
4578,1117.67578125,2.5762703
4579,1117.919921875,2.4117389
4580,1118.1640625,2.2552488
4581,1118.408203125,2.051918
4582,1118.65234375,1.7862839
4583,1118.896484375,1.5479215
4584,1119.140625,1.283693
4585,1119.384765625,1.0623684
4586,1119.62890625,0.78262025
4587,1119.873046875,0.5397032
4588,1120.1171875,0.26973915
4589,1120.361328125,0.0051732333
4590,1120.60546875,-0.30499586
4591,1120.849609375,-0.5980258
4592,1121.09375,-0.89645386
4593,1121.337890625,-1.1441393
4594,1121.58203125,-1.4336605
4595,1121.826171875,-1.6559745
4596,1122.0703125,-1.8909743
4597,1122.314453125,-2.1161675
4598,1122.55859375,-2.3230968
4599,1122.802734375,-2.4592202
4600,1123.046875,-2.6406882
4601,1123.291015625,-2.7366855
4602,1123.53515625,-2.851936
4603,1123.779296875,-2.9879696
4604,1124.0234375,-3.1257126
4605,1124.267578125,-3.2733521
4606,1124.51171875,-3.4092958
4607,1124.755859375,-3.5225673
4608,1125.0,-3.5749292
4609,1125.244140625,-3.6263018
4610,1125.48828125,-3.5685415
4611,1125.732421875,-3.561524
4612,1125.9765625,-3.5600843
4613,1126.220703125,-3.488199
4614,1126.46484375,-3.4241407
4615,1126.708984375,-3.3260741
4616,1126.953125,-3.2586873
4617,1127.197265625,-3.0998015
4618,1127.44140625,-2.8984504
4619,1127.685546875,-2.7670052
4620,1127.9296875,-2.5613356
4621,1128.173828125,-2.3535063
4622,1128.41796875,-2.123725
4623,1128.662109375,-1.9892207
4624,1128.90625,-1.6943915
4625,1129.150390625,-1.4412179
4626,1129.39453125,-1.2066679
4627,1129.638671875,-0.9740074
4628,1129.8828125,-0.6650529
4629,1130.126953125,-0.40873045
4630,1130.37109375,-0.14521042
4631,1130.615234375,0.12635061
4632,1130.859375,0.45794362
4633,1131.103515625,0.7685063
4634,1131.34765625,1.0397074
4635,1131.591796875,1.3445346
4636,1131.8359375,1.567546
4637,1132.080078125,1.8384659
4638,1132.32421875,2.0155368
4639,1132.568359375,2.2041912
4640,1132.8125,2.3836236
4641,1133.056640625,2.5348282
4642,1133.30078125,2.6792288
4643,1133.544921875,2.7643623
4644,1133.7890625,2.9405334
4645,1134.033203125,3.07172
4646,1134.27734375,3.184575
4647,1134.521484375,3.3061461
4648,1134.765625,3.4439116
4649,1135.009765625,3.5323064
4650,1135.25390625,3.508858
4651,1135.498046875,3.5049782
4652,1135.7421875,3.5123444
4653,1135.986328125,3.4529085
4654,1136.23046875,3.403088
4655,1136.474609375,3.3620396
4656,1136.71875,3.2167954
4657,1136.962890625,3.0786924
4658,1137.20703125,2.9511611
4659,1137.451171875,2.8365626
4660,1137.6953125,2.5996623
4661,1137.939453125,2.430014
4662,1138.18359375,2.2413595
4663,1138.427734375,2.0894802
4664,1138.671875,1.8045026
4665,1138.916015625,1.580479
4666,1139.16015625,1.3295772
4667,1139.404296875,1.0694536
4668,1139.6484375,0.80685574
4669,1139.892578125,0.5377914
4670,1140.13671875,0.3080323
4671,1140.380859375,-0.017633978
4672,1140.625,-0.27071756
4673,1140.869140625,-0.5677961
4674,1141.11328125,-0.869913
4675,1141.357421875,-1.1431496
4676,1141.6015625,-1.4346502
4677,1141.845703125,-1.7084267
4678,1142.08984375,-1.9015907
4679,1142.333984375,-2.1130185
4680,1142.578125,-2.322737
4681,1142.822265625,-2.509603
4682,1143.06640625,-2.6572425
4683,1143.310546875,-2.7494612
4684,1143.5546875,-2.9137452
4685,1143.798828125,-3.0350237
4686,1144.04296875,-3.1490147
4687,1144.287109375,-3.2901766
4688,1144.53125,-3.4331377
4689,1144.775390625,-3.5471287
4690,1145.01953125,-3.5995808
4691,1145.263671875,-3.6509533
4692,1145.5078125,-3.648704
4693,1145.751953125,-3.622343
4694,1145.99609375,-3.5899541
4695,1146.240234375,-3.5646727
4696,1146.484375,-3.467596
4697,1146.728515625,-3.3573837
4698,1146.97265625,-3.2758715
4699,1147.216796875,-3.1586416
4700,1147.4609375,-2.9510825
4701,1147.705078125,-2.7683547
4702,1147.94921875,-2.6015515
4703,1148.193359375,-2.4203534
4704,1148.4375,-2.2340271
4705,1148.681640625,-2.0057752
4706,1148.92578125,-1.7788725
4707,1149.169921875,-1.5412637
4708,1149.4140625,-1.2745048
4709,1149.658203125,-1.0136839
4710,1149.90234375,-0.7850719
4711,1150.146484375,-0.48628393
4712,1150.390625,-0.2172758
4713,1150.634765625,0.048639644
4714,1150.87890625,0.3427267
4715,1151.123046875,0.61173487
4716,1151.3671875,0.95952237
4717,1151.611328125,1.236459
4718,1151.85546875,1.4750463
4719,1152.099609375,1.6752841
4720,1152.34375,1.943955
4721,1152.587890625,2.1256928
4722,1152.83203125,2.2899432
4723,1153.076171875,2.4902935
4724,1153.3203125,2.6429038
4725,1153.564453125,2.7680173
4726,1153.80859375,2.8703573
4727,1154.052734375,3.044448
4728,1154.296875,3.1600022
4729,1154.541015625,3.2460353
4730,1154.78515625,3.3599026
4731,1155.029296875,3.53225
4732,1155.2734375,3.5204415
4733,1155.517578125,3.5341055
4734,1155.76171875,3.4874904
4735,1156.005859375,3.4841166
4736,1156.25,3.4282794
4737,1156.494140625,3.3367355
4738,1156.73828125,3.2807298
4739,1156.982421875,3.1736665
4740,1157.2265625,3.0614295
4741,1157.470703125,2.8688955
4742,1157.71484375,2.704083
4743,1157.958984375,2.518465
4744,1158.203125,2.3347027
4745,1158.447265625,2.1770318
4746,1158.69140625,1.943955
4747,1158.935546875,1.7045805
4748,1159.1796875,1.4593017
4749,1159.423828125,1.1710064
4750,1159.66796875,0.9295513
4751,1159.912109375,0.6744884
4752,1160.15625,0.40851676
4753,1160.400390625,0.14850554
4754,1160.64453125,-0.14188156
4755,1160.888671875,-0.3845287
4756,1161.1328125,-0.7136363
4757,1161.376953125,-1.0146735
4758,1161.62109375,-1.279813
4759,1161.865234375,-1.5219202
4760,1162.109375,-1.7345177
4761,1162.353515625,-1.9747357
4762,1162.59765625,-2.2032576
4763,1162.841796875,-2.3596241
4764,1163.0859375,-2.5308359
4765,1163.330078125,-2.6643503
4766,1163.57421875,-2.761517
4767,1163.818359375,-2.913835
4768,1164.0625,-3.0550869
4769,1164.306640625,-3.1740263
4770,1164.55078125,-3.3157277
4771,1164.794921875,-3.4469929
4772,1165.0390625,-3.5006146
4773,1165.283203125,-3.5838363
4774,1165.52734375,-3.5446095
4775,1165.771484375,-3.5532467
4776,1166.015625,-3.5354326
4777,1166.259765625,-3.51375
4778,1166.50390625,-3.470475
4779,1166.748046875,-3.3801458
4780,1166.9921875,-3.268494
4781,1167.236328125,-3.1591814
4782,1167.48046875,-3.0404217
4783,1167.724609375,-2.8011036
4784,1167.96875,-2.6164865
4785,1168.212890625,-2.498087
4786,1168.45703125,-2.3014143
4787,1168.701171875,-2.0976336
4788,1168.9453125,-1.8754996
4789,1169.189453125,-1.6033425
4790,1169.43359375,-1.31787
4791,1169.677734375,-1.100954
4792,1169.921875,-0.8363544
4793,1170.166015625,-0.58183134
4794,1170.41015625,-0.30553567
4795,1170.654296875,-0.047953624
4796,1170.8984375,0.25641245
4797,1171.142578125,0.6056057
4798,1171.38671875,0.88467914
4799,1171.630859375,1.1651584
4800,1171.875,1.4563777
4801,1172.119140625,1.6911412
4802,1172.36328125,1.8859248
4803,1172.607421875,2.0917857
4804,1172.8515625,2.3058002
4805,1173.095703125,2.4517753
4806,1173.33984375,2.5880787
4807,1173.583984375,2.7846055
4808,1173.828125,2.8733377
4809,1174.072265625,3.029603
4810,1174.31640625,3.1281192
4811,1174.560546875,3.26611
4812,1174.8046875,3.3652446
4813,1175.048828125,3.5045846
4814,1175.29296875,3.570487
4815,1175.537109375,3.5149872
4816,1175.78125,3.4704523
4817,1176.025390625,3.4356456
4818,1176.26953125,3.4640985
4819,1176.513671875,3.3727794
4820,1176.7578125,3.264985
4821,1177.001953125,3.17361
4822,1177.24609375,3.0908384
4823,1177.490234375,2.8536568
4824,1177.734375,2.6945238
4825,1177.978515625,2.5162718
4826,1178.22265625,2.3604565
4827,1178.466796875,2.15229
4828,1178.7109375,1.9651539
4829,1178.955078125,1.6755654
4830,1179.19921875,1.437934
4831,1179.443359375,1.1783726
4832,1179.6875,0.9225225
4833,1179.931640625,0.6868592
4834,1180.17578125,0.38163844
4835,1180.419921875,0.102564976
4836,1180.6640625,-0.15978543
4837,1180.908203125,-0.45614424
4838,1181.15234375,-0.7753553
4839,1181.396484375,-1.0295185
4840,1181.640625,-1.3547574
4841,1181.884765625,-1.5835493
4842,1182.12890625,-1.8557063
4843,1182.373046875,-2.0772107
4844,1182.6171875,-2.2620077
4845,1182.861328125,-2.4388874
4846,1183.10546875,-2.568713
4847,1183.349609375,-2.7502708
4848,1183.59375,-2.889903
4849,1183.837890625,-3.0187392
4850,1184.08203125,-3.16287
4851,1184.326171875,-3.305921
4852,1184.5703125,-3.4193723
4853,1184.814453125,-3.4860396
4854,1185.05859375,-3.6361084
4855,1185.302734375,-3.6961179
4856,1185.546875,-3.6738057
4857,1185.791015625,-3.6528425
4858,1186.03515625,-3.6827126
4859,1186.279296875,-3.6376379
4860,1186.5234375,-3.5312943
4861,1186.767578125,-3.4630075
4862,1187.01171875,-3.3347113
4863,1187.255859375,-3.1959789
4864,1187.5,-3.081538
4865,1187.744140625,-2.8824358
4866,1187.98828125,-2.7260692
4867,1188.232421875,-2.5117621
4868,1188.4765625,-2.3499076
4869,1188.720703125,-2.1180565
4870,1188.96484375,-1.8526473
4871,1189.208984375,-1.6158482
4872,1189.453125,-1.3816582
4873,1189.697265625,-1.1256956
4874,1189.94140625,-0.8482303
4875,1190.185546875,-0.597306
4876,1190.4296875,-0.30112717
4877,1190.673828125,0.01270816
4878,1190.91796875,0.30319646
4879,1191.162109375,0.5885678
4880,1191.40625,0.89924294
4881,1191.650390625,1.2024394
4882,1191.89453125,1.480557
4883,1192.138671875,1.6902416
4884,1192.3828125,1.9508715
4885,1192.626953125,2.1577444
4886,1192.87109375,2.3570266
4887,1193.115234375,2.5316792
4888,1193.359375,2.680016
4889,1193.603515625,2.8018682
4890,1193.84765625,2.9792764
4891,1194.091796875,3.0792549
4892,1194.3359375,3.1646693
4893,1194.580078125,3.3405592
4894,1194.82421875,3.4775376
4895,1195.068359375,3.5459142
4896,1195.3125,3.6135597
4897,1195.556640625,3.6074307
4898,1195.80078125,3.6331844
4899,1196.044921875,3.579484
4900,1196.2890625,3.5179675
4901,1196.533203125,3.4835544
4902,1196.77734375,3.3942034
4903,1197.021484375,3.2526143
4904,1197.265625,3.1385784
4905,1197.509765625,3.026679
4906,1197.75390625,2.8068166
4907,1197.998046875,2.5962884
4908,1198.2421875,2.4234912
4909,1198.486328125,2.2344995
4910,1198.73046875,1.9956874
4911,1198.974609375,1.7611486
4912,1199.21875,1.5055797
4913,1199.462890625,1.2459621
4914,1199.70703125,0.98049647
4915,1199.951171875,0.6952376
4916,1200.1953125,0.43753186
4917,1200.439453125,0.18674248
4918,1200.68359375,-0.11327132
4919,1200.927734375,-0.3754418
4920,1201.171875,-0.69654214
4921,1201.416015625,-1.0050468
4922,1201.66015625,-1.2927685
4923,1201.904296875,-1.5348759
4924,1202.1484375,-1.7777029
4925,1202.392578125,-2.0347452
4926,1202.63671875,-2.2284489
4927,1202.880859375,-2.4146855
4928,1203.125,-2.5666435
4929,1203.369140625,-2.717612
4930,1203.61328125,-2.8478875
4931,1203.857421875,-3.0032644
4932,1204.1015625,-3.1369588
4933,1204.345703125,-3.2749717
4934,1204.58984375,-3.3686297
4935,1204.833984375,-3.4729042
4936,1205.078125,-3.6361084
4937,1205.322265625,-3.695398
4938,1205.56640625,-3.7263477
4939,1205.810546875,-3.6951282
4940,1206.0546875,-3.6700268
4941,1206.298828125,-3.6615696
4942,1206.54296875,-3.5573852
4943,1206.787109375,-3.4624677
4944,1207.03125,-3.4033577
4945,1207.275390625,-3.2990835
4946,1207.51953125,-3.1376786
4947,1207.763671875,-2.9798725
4948,1208.0078125,-2.8186476
4949,1208.251953125,-2.583198
4950,1208.49609375,-2.425212
4951,1208.740234375,-2.187243
4952,1208.984375,-1.9728463
4953,1209.228515625,-1.736587
4954,1209.47265625,-1.4677588
4955,1209.716796875,-1.1869646
4956,1209.9609375,-1.0026177
4957,1210.205078125,-0.6715307
4958,1210.44921875,-0.41619787
4959,1210.693359375,-0.14907908
4960,1210.9375,0.13332322
4961,1211.181640625,0.4270167
4962,1211.42578125,0.7949911
4963,1211.669921875,1.0776069
4964,1211.9140625,1.362416
4965,1212.158203125,1.6177038
4966,1212.40234375,1.8384098
4967,1212.646484375,2.05771
4968,1212.890625,2.22927
4969,1213.134765625,2.4143257
4970,1213.37890625,2.59522
4971,1213.623046875,2.6989658
4972,1213.8671875,2.8671522
4973,1214.111328125,2.9569528
4974,1214.35546875,3.1183915
4975,1214.599609375,3.2364762
4976,1214.84375,3.3597338
4977,1215.087890625,3.4784935
4978,1215.33203125,3.5774035
4979,1215.576171875,3.5875814
4980,1215.8203125,3.5947225
4981,1216.064453125,3.581677
4982,1216.30859375,3.484454
4983,1216.552734375,3.458138
4984,1216.796875,3.3832946
4985,1217.041015625,3.2865214
4986,1217.28515625,3.1475751
4987,1217.529296875,2.9940088
4988,1217.7734375,2.8873954
4989,1218.017578125,2.6849082
4990,1218.26171875,2.4711747
4991,1218.505859375,2.2819583
4992,1218.75,2.0811582
4993,1218.994140625,1.8891299
4994,1219.23828125,1.6038148
4995,1219.482421875,1.3608415
4996,1219.7265625,1.145084
4997,1219.970703125,0.8480729
4998,1220.21484375,0.5515117
4999,1220.458984375,0.32850033
5000,1220.703125,0.09649205
5001,1220.947265625,-0.24030793
5002,1221.19140625,-0.50436777
5003,1221.435546875,-0.8108031
5004,1221.6796875,-1.1018537
5005,1221.923828125,-1.3695123
5006,1222.16796875,-1.6425692
5007,1222.412109375,-1.8414912
5008,1222.65625,-2.0667744
5009,1222.900390625,-2.307622
5010,1223.14453125,-2.474245
5011,1223.388671875,-2.609289
5012,1223.6328125,-2.78185
5013,1223.876953125,-2.8644419
5014,1224.12109375,-2.9966967
5015,1224.365234375,-3.127872
5016,1224.609375,-3.2909863
5017,1224.853515625,-3.4247706
5018,1225.09765625,-3.5124006
5019,1225.341796875,-3.63134
5020,1225.5859375,-3.6477144
5021,1225.830078125,-3.6730857
5022,1226.07421875,-3.6123564
5023,1226.318359375,-3.5950823
5024,1226.5625,-3.5725899
5025,1226.806640625,-3.5072725
5026,1227.05078125,-3.3833847
5027,1227.294921875,-3.2809997
5028,1227.5390625,-3.171327
5029,1227.783203125,-2.9880598
5030,1228.02734375,-2.8072214
5031,1228.271484375,-2.6630907
5032,1228.515625,-2.4701066
5033,1228.759765625,-2.246713
5034,1229.00390625,-2.0132427
5035,1229.248046875,-1.8374426
5036,1229.4921875,-1.5320868
5037,1229.736328125,-1.2995163
5038,1229.98046875,-1.0417542
5039,1230.224609375,-0.79991686
5040,1230.46875,-0.52479076
5041,1230.712890625,-0.2436368
5042,1230.95703125,0.029015092
5043,1231.201171875,0.3452009
5044,1231.4453125,0.6169081
5045,1231.689453125,0.95181876
5046,1231.93359375,1.1998528
5047,1232.177734375,1.4617196
5048,1232.421875,1.7144771
5049,1232.666015625,1.9329901
5050,1232.91015625,2.1238372
5051,1233.154296875,2.2790344
5052,1233.3984375,2.4542494
5053,1233.642578125,2.6420603
5054,1233.88671875,2.7646434
5055,1234.130859375,2.834707
5056,1234.375,2.999857
5057,1234.619140625,3.130425
5058,1234.86328125,3.2342832
5059,1235.107421875,3.335836
5060,1235.3515625,3.4813612
5061,1235.595703125,3.4687655
5062,1235.83984375,3.4734888
5063,1236.083984375,3.4375575
5064,1236.328125,3.4551015
5065,1236.572265625,3.3904924
5066,1236.81640625,3.3133435
5067,1237.060546875,3.2586873
5068,1237.3046875,3.1595523
5069,1237.548828125,2.996708
5070,1237.79296875,2.8354943
5071,1238.037109375,2.6791728
5072,1238.28125,2.5233572
5073,1238.525390625,2.3005707
5074,1238.76953125,2.1416063
5075,1239.013671875,1.9053807
5076,1239.2578125,1.6732037
5077,1239.501953125,1.418197
5078,1239.74609375,1.2099743
5079,1239.990234375,0.9205544
5080,1240.234375,0.6536268
5081,1240.478515625,0.41543314
5082,1240.72265625,0.1265193
5083,1240.966796875,-0.14997879
5084,1241.2109375,-0.4140386
5085,1241.455078125,-0.70886797
5086,1241.69921875,-1.0125142
5087,1241.943359375,-1.2700963
5088,1242.1875,-1.5196711
5089,1242.431640625,-1.7950671
5090,1242.67578125,-2.0079343
5091,1242.919921875,-2.1628613
5092,1243.1640625,-2.4096472
5093,1243.408203125,-2.5502691
5094,1243.65234375,-2.656073
5095,1243.896484375,-2.7948058
5096,1244.140625,-2.9677267
5097,1244.384765625,-3.062824
5098,1244.62890625,-3.1796043
5099,1244.873046875,-3.3635015
5100,1245.1171875,-3.4914377
5101,1245.361328125,-3.5733998
5102,1245.60546875,-3.6388075
5103,1245.849609375,-3.6303504
5104,1246.09375,-3.598411
5105,1246.337890625,-3.587615
5106,1246.58203125,-3.5590947
5107,1246.826171875,-3.4999847
5108,1247.0703125,-3.4263
5109,1247.314453125,-3.2792003
5110,1247.55859375,-3.1796942
5111,1247.802734375,-3.0539172
5112,1248.046875,-2.8414998
5113,1248.291015625,-2.6585023
5114,1248.53515625,-2.530026
5115,1248.779296875,-2.325346
5116,1249.0234375,-2.0651548
5117,1249.267578125,-1.865783
5118,1249.51171875,-1.6193571
5119,1249.755859375,-1.3668133
5120,1250.0,-1.0848496
5121,1250.244140625,-0.86118597
5122,1250.48828125,-0.56419736
5123,1250.732421875,-0.31507242
5124,1250.9765625,-0.036527526
5125,1251.220703125,0.2805917
5126,1251.46484375,0.569618
5127,1251.708984375,0.8389635
5128,1251.953125,1.1651022
5129,1252.197265625,1.437203
5130,1252.44140625,1.6434575
5131,1252.685546875,1.8618017
5132,1252.9296875,2.095047
5133,1253.173828125,2.2474325
5134,1253.41796875,2.3989747
5135,1253.662109375,2.5861106
5136,1253.90625,2.7334914
5137,1254.150390625,2.8507328
5138,1254.39453125,2.95043
5139,1254.638671875,3.0949993
5140,1254.8828125,3.2595868
5141,1255.126953125,3.3116567
5142,1255.37109375,3.4119723
5143,1255.615234375,3.5217912
5144,1255.859375,3.5121756
5145,1256.103515625,3.435252
5146,1256.34765625,3.4526837
5147,1256.591796875,3.4186077
5148,1256.8359375,3.3248146
5149,1257.080078125,3.226692
5150,1257.32421875,3.177771
5151,1257.568359375,3.0682337
5152,1257.8125,2.8625975
5153,1258.056640625,2.7151604
5154,1258.30078125,2.530386
5155,1258.544921875,2.3401573
5156,1258.7890625,2.1823735
5157,1259.033203125,1.973195
5158,1259.27734375,1.7502398
5159,1259.521484375,1.492028
5160,1259.765625,1.2114925
5161,1260.009765625,0.9771226
5162,1260.25390625,0.69861144
5163,1260.498046875,0.45091477
5164,1260.7421875,0.17993855
5165,1260.986328125,-0.053891595
5166,1261.23046875,-0.3640157
5167,1261.474609375,-0.65065783
5168,1261.71875,-0.98750275
5169,1261.962890625,-1.2815224
5170,1262.20703125,-1.4800847
5171,1262.451171875,-1.7507122
5172,1262.6953125,-1.9712269
5173,1262.939453125,-2.1824749
5174,1263.18359375,-2.3683512
5175,1263.427734375,-2.5305657
5176,1263.671875,-2.7039366
5177,1263.916015625,-2.799934
5178,1264.16015625,-2.9510825
5179,1264.404296875,-3.0897248
5180,1264.6484375,-3.1807737
5181,1264.892578125,-3.3128486
5182,1265.13671875,-3.4628274
5183,1265.380859375,-3.5919335
5184,1265.625,-3.636738
5185,1265.869140625,-3.6187444
5186,1266.11328125,-3.6232429
5187,1266.357421875,-3.5913937
5188,1266.6015625,-3.5739396
5189,1266.845703125,-3.4469929
5190,1267.08984375,-3.4254904
5191,1267.333984375,-3.3431683
5192,1267.578125,-3.2026365
5193,1267.822265625,-3.0792885
5194,1268.06640625,-2.864082
5195,1268.310546875,-2.7190516
5196,1268.5546875,-2.5252578
5197,1268.798828125,-2.3564754
5198,1269.04296875,-2.1482866
5199,1269.287109375,-1.8989816
5200,1269.53125,-1.6627222
5201,1269.775390625,-1.4180957
5202,1270.01953125,-1.1414402
5203,1270.263671875,-0.8713525
5204,1270.5078125,-0.58911884
5205,1270.751953125,-0.3847986
5206,1270.99609375,-0.08214195
5207,1271.240234375,0.20990956
5208,1271.484375,0.50933856
5209,1271.728515625,0.8177645
5210,1271.97265625,1.1151692
5211,1272.216796875,1.3867078
5212,1272.4609375,1.6118559
5213,1272.705078125,1.8226651
5214,1272.94921875,2.0403907
5215,1273.193359375,2.2457457
5216,1273.4375,2.4137633
5217,1273.681640625,2.541576
5218,1273.92578125,2.708975
5219,1274.169921875,2.8273408
5220,1274.4140625,2.9597642
5221,1274.658203125,3.0711014
5222,1274.90234375,3.2538514
5223,1275.146484375,3.344608
5224,1275.390625,3.471802
5225,1275.634765625,3.5359051
5226,1275.87890625,3.5409098
5227,1276.123046875,3.5158305
5228,1276.3671875,3.469328
5229,1276.611328125,3.4124224
5230,1276.85546875,3.4336774
5231,1277.099609375,3.3342614
5232,1277.34375,3.2008257
5233,1277.587890625,3.1003976
5234,1277.83203125,2.966512
5235,1278.076171875,2.7770143
5236,1278.3203125,2.5592885
5237,1278.564453125,2.4425535
5238,1278.80859375,2.23315
5239,1279.052734375,2.0211034
5240,1279.296875,1.8018035
5241,1279.541015625,1.5709199
5242,1279.78515625,1.3182187
5243,1280.029296875,1.049323
5244,1280.2734375,0.7852631
5245,1280.517578125,0.5050088
5246,1280.76171875,0.23723772
5247,1281.005859375,-0.023212075
5248,1281.25,-0.3238894
5249,1281.494140625,-0.58561003
5250,1281.73828125,-0.92848295
5251,1281.982421875,-1.1710402
5252,1282.2265625,-1.4422076
5253,1282.470703125,-1.6827854
5254,1282.71484375,-1.8940332
5255,1282.958984375,-2.1611521
5256,1283.203125,-2.3335333
5257,1283.447265625,-2.463539
5258,1283.69140625,-2.6707382
5259,1283.935546875,-2.7948956
5260,1284.1796875,-2.8960211
5261,1284.423828125,-3.0756898
5262,1284.66796875,-3.2055154
5263,1284.912109375,-3.3371406
5264,1285.15625,-3.4397955
5265,1285.400390625,-3.5913937
5266,1285.64453125,-3.6761446
5267,1285.888671875,-3.6338592
5268,1286.1328125,-3.6201837
5269,1286.376953125,-3.658151
5270,1286.62109375,-3.6090276
5271,1286.865234375,-3.555316
5272,1287.109375,-3.431878
5273,1287.353515625,-3.3776267
5274,1287.59765625,-3.2569778
5275,1287.841796875,-3.1033103
5276,1288.0859375,-2.9191432
5277,1288.330078125,-2.767095
5278,1288.57421875,-2.5697925
5279,1288.818359375,-2.3624132
5280,1289.0625,-2.154854
5281,1289.306640625,-1.9460354
5282,1289.55078125,-1.6700097
5283,1289.794921875,-1.4250234
5284,1290.0390625,-1.2074777
5285,1290.283203125,-0.940089
5286,1290.52734375,-0.69447285
5287,1290.771484375,-0.38704786
5288,1291.015625,-0.10238504
5289,1291.259765625,0.17167263
5290,1291.50390625,0.48920792
5291,1291.748046875,0.7897054
5292,1291.9921875,1.0870538
5293,1292.236328125,1.3145074
5294,1292.48046875,1.54854
5295,1292.724609375,1.8170983
5296,1292.96875,2.0159864
5297,1293.212890625,2.1711836
5298,1293.45703125,2.3817117
5299,1293.701171875,2.5384269
5300,1293.9453125,2.6952546
5301,1294.189453125,2.7905657
5302,1294.43359375,2.9669619
5303,1294.677734375,3.0426486
5304,1294.921875,3.1501057
5305,1295.166015625,3.269821
5306,1295.41015625,3.4146717
5307,1295.654296875,3.4904706
5308,1295.8984375,3.4697778
5309,1296.142578125,3.4910328
5310,1296.38671875,3.475401
5311,1296.630859375,3.427998
5312,1296.875,3.35293
5313,1297.119140625,3.3162115
5314,1297.36328125,3.1983516
5315,1297.607421875,3.0636227
5316,1297.8515625,2.9737096
5317,1298.095703125,2.8077724
5318,1298.33984375,2.6341882
5319,1298.583984375,2.403248
5320,1298.828125,2.269475
5321,1299.072265625,2.0678313
5322,1299.31640625,1.8444827
5323,1299.560546875,1.5956614
5324,1299.8046875,1.3917123
5325,1300.048828125,1.1282148
5326,1300.29296875,0.86370504
5327,1300.537109375,0.5618019
5328,1300.78125,0.35464767
5329,1301.025390625,0.044141177
5330,1301.26953125,-0.2403979
5331,1301.513671875,-0.5163337
5332,1301.7578125,-0.81170285
5333,1302.001953125,-1.0956458
5334,1302.24609375,-1.3770698
5335,1302.490234375,-1.6638918
5336,1302.734375,-1.880178
5337,1302.978515625,-2.0720825
5338,1303.22265625,-2.2588587
5339,1303.466796875,-2.433309
5340,1303.7109375,-2.580319
5341,1303.955078125,-2.7336266
5342,1304.19921875,-2.9038484
5343,1304.443359375,-2.995977
5344,1304.6875,-3.1377685
5345,1304.931640625,-3.271013
5346,1305.17578125,-3.3754673
5347,1305.419921875,-3.4960263
5348,1305.6640625,-3.60219
5349,1305.908203125,-3.640157
5350,1306.15234375,-3.6280112
5351,1306.396484375,-3.6127162
5352,1306.640625,-3.5894144
5353,1306.884765625,-3.5653026
5354,1307.12890625,-3.4463632
5355,1307.373046875,-3.3233752
5356,1307.6171875,-3.2584171
5357,1307.861328125,-3.1527033
5358,1308.10546875,-2.9562106
5359,1308.349609375,-2.770424
5360,1308.59375,-2.6193655
5361,1308.837890625,-2.4292605
5362,1309.08203125,-2.2296185
5363,1309.326171875,-2.0169313
5364,1309.5703125,-1.7668166
5365,1309.814453125,-1.5187714
5366,1310.05859375,-1.2421159
5367,1310.302734375,-1.0207914
5368,1310.546875,-0.77094674
5369,1310.791015625,-0.4846645
5370,1311.03515625,-0.24453649
5371,1311.279296875,0.06342834
5372,1311.5234375,0.3388468
5373,1311.767578125,0.6843288
5374,1312.01171875,0.9771788
5375,1312.255859375,1.2430942
5376,1312.5,1.4923091
5377,1312.744140625,1.7324709
5378,1312.98828125,1.9253426
5379,1313.232421875,2.0879056
5380,1313.4765625,2.3277302
5381,1313.720703125,2.4832084
5382,1313.96484375,2.618106
5383,1314.208984375,2.7531161
5384,1314.453125,2.8221111
5385,1314.697265625,3.0128462
5386,1314.94140625,3.1145678
5387,1315.185546875,3.222362
5388,1315.4296875,3.384307
5389,1315.673828125,3.5165617
5390,1315.91796875,3.4851286
5391,1316.162109375,3.4816422
5392,1316.40625,3.5086894
5393,1316.650390625,3.473264
5394,1316.89453125,3.397971
5395,1317.138671875,3.3108134
5396,1317.3828125,3.2662222
5397,1317.626953125,3.1044462
5398,1317.87109375,2.994796
5399,1318.115234375,2.8476963
5400,1318.359375,2.6923306
5401,1318.603515625,2.4766293
5402,1318.84765625,2.3348715
5403,1319.091796875,2.1640422
5404,1319.3359375,1.9311343
5405,1319.580078125,1.705424
5406,1319.82421875,1.4025085
5407,1320.068359375,1.1393484
5408,1320.3125,0.8991305
5409,1320.556640625,0.6210692
5410,1320.80078125,0.33822826
5411,1321.044921875,0.13051169
5412,1321.2890625,-0.16806261
5413,1321.533203125,-0.52200174
5414,1321.77734375,-0.7919096
5415,1322.021484375,-1.1171485
5416,1322.265625,-1.3489994
5417,1322.509765625,-1.6449083
5418,1322.75390625,-1.8626341
5419,1322.998046875,-2.0760412
5420,1323.2421875,-2.2799115
5421,1323.486328125,-2.4735253
5422,1323.73046875,-2.6211648
5423,1323.974609375,-2.7397444
5424,1324.21875,-2.8858547
5425,1324.462890625,-3.0415015
5426,1324.70703125,-3.1457758
5427,1324.951171875,-3.2253087
5428,1325.1953125,-3.4110954
5429,1325.439453125,-3.5737596
5430,1325.68359375,-3.6264815
5431,1325.927734375,-3.6481643
5432,1326.171875,-3.6657982
5433,1326.416015625,-3.6559017
5434,1326.66015625,-3.6132562
5435,1326.904296875,-3.54308
5436,1327.1484375,-3.5067325
5437,1327.392578125,-3.420542
5438,1327.63671875,-3.2575176
5439,1327.880859375,-3.1905806
5440,1328.125,-3.0377226
5441,1328.369140625,-2.814869
5442,1328.61328125,-2.6406882
5443,1328.857421875,-2.469297
5444,1329.1015625,-2.264077
5445,1329.345703125,-2.035015
5446,1329.58984375,-1.7748239
5447,1329.833984375,-1.543153
5448,1330.078125,-1.2831419
5449,1330.322265625,-1.0248401
5450,1330.56640625,-0.79226947
5451,1330.810546875,-0.5084164
5452,1331.0546875,-0.23230067
5453,1331.298828125,0.05937972
5454,1331.54296875,0.30016
5455,1331.787109375,0.60150087
5456,1332.03125,0.9413598
5457,1332.275390625,1.2062631
5458,1332.51953125,1.4765084
5459,1332.763671875,1.684506
5460,1333.0078125,1.9485658
5461,1333.251953125,2.1674724
5462,1333.49609375,2.374233
5463,1333.740234375,2.484108
5464,1333.984375,2.6527443
5465,1334.228515625,2.761832
5466,1334.47265625,2.8948176
5467,1334.716796875,3.0251608
5468,1334.9609375,3.1605084
5469,1335.205078125,3.289783
5470,1335.44921875,3.3635015
5471,1335.693359375,3.4849038
5472,1335.9375,3.4888961
5473,1336.181640625,3.5093079
5474,1336.42578125,3.4404814
5475,1336.669921875,3.4962063
5476,1336.9140625,3.4386258
5477,1337.158203125,3.3728359
5478,1337.40234375,3.2684152
5479,1337.646484375,3.145101
5480,1337.890625,3.0285344
5481,1338.134765625,2.8934684
5482,1338.37890625,2.7271376
5483,1338.623046875,2.537471
5484,1338.8671875,2.3597255
5485,1339.111328125,2.1613994
5486,1339.35546875,1.9256799
5487,1339.599609375,1.6916473
5488,1339.84375,1.4255632
5489,1340.087890625,1.1566676
5490,1340.33203125,0.93596166
5491,1340.576171875,0.6535144
5492,1340.8203125,0.40958515
5493,1341.064453125,0.1487867
5494,1341.30859375,-0.14629003
5495,1341.552734375,-0.45281538
5496,1341.796875,-0.76509875
5497,1342.041015625,-1.1073419
5498,1342.28515625,-1.3651938
5499,1342.529296875,-1.6040622
5500,1342.7734375,-1.8408614
5501,1343.017578125,-2.0932252
5502,1343.26171875,-2.275683
5503,1343.505859375,-2.4848614
5504,1343.75,-2.6575127
5505,1343.994140625,-2.8008335
5506,1344.23828125,-2.9065473
5507,1344.482421875,-3.0519378
5508,1344.7265625,-3.2353852
5509,1344.970703125,-3.3408291
5510,1345.21484375,-3.3985896
5511,1345.458984375,-3.5804174
5512,1345.703125,-3.7124023
5513,1345.947265625,-3.7470405
5514,1346.19140625,-3.7093432
5515,1346.435546875,-3.704485
5516,1346.6796875,-3.7203195
5517,1346.923828125,-3.6732657
5518,1347.16796875,-3.5867152
5519,1347.412109375,-3.4783022
5520,1347.65625,-3.3692596
5521,1347.900390625,-3.2433026
5522,1348.14453125,-3.1089785
5523,1348.388671875,-2.9479334
5524,1348.6328125,-2.7537796
5525,1348.876953125,-2.5372236
5526,1349.12109375,-2.3597143
5527,1349.365234375,-2.094395
5528,1349.609375,-1.8355532
5529,1349.853515625,-1.6004635
5530,1350.09765625,-1.3260572
5531,1350.341796875,-1.0666758
5532,1350.5859375,-0.8037855
5533,1350.830078125,-0.5354072
5534,1351.07421875,-0.28709197
5535,1351.318359375,-0.019253425
5536,1351.5625,0.29971015
5537,1351.806640625,0.6394004
5538,1352.05078125,0.90874594
5539,1352.294921875,1.2097493
5540,1352.5390625,1.4673989
5541,1352.783203125,1.7694708
5542,1353.02734375,1.9331585
5543,1353.271484375,2.1012888
5544,1353.515625,2.337683
5545,1353.759765625,2.4771917
5546,1354.00390625,2.6502137
5547,1354.248046875,2.787417
5548,1354.4921875,2.9310303
5549,1354.736328125,3.0575497
5550,1354.98046875,3.1657379
5551,1355.224609375,3.2751067
5552,1355.46875,3.4038754
5553,1355.712890625,3.5260646
5554,1355.95703125,3.57268
5555,1356.201171875,3.5641892
5556,1356.4453125,3.5806086
5557,1356.689453125,3.5231407
5558,1356.93359375,3.4804614
5559,1357.177734375,3.438176
5560,1357.421875,3.3618145
5561,1357.666015625,3.1983516
5562,1357.91015625,3.1230588
5563,1358.154296875,3.0356197
5564,1358.3984375,2.7916906
5565,1358.642578125,2.5946016
5566,1358.88671875,2.4340062
5567,1359.130859375,2.2858946
5568,1359.375,2.0423589
5569,1359.619140625,1.8351485
5570,1359.86328125,1.5424107
5571,1360.107421875,1.3544313
5572,1360.3515625,1.0700159
5573,1360.595703125,0.80365056
5574,1360.83984375,0.536723
5575,1361.083984375,0.23875597
5576,1361.328125,-0.022132443
5577,1361.572265625,-0.27044764
5578,1361.81640625,-0.538916
5579,1362.060546875,-0.89015603
5580,1362.3046875,-1.177338
5581,1362.548828125,-1.4764858
5582,1362.79296875,-1.6855744
5583,1363.037109375,-1.9123871
5584,1363.28125,-2.1273236
5585,1363.525390625,-2.3652024
5586,1363.76953125,-2.504655
5587,1364.013671875,-2.6724474
5588,1364.2578125,-2.7984943
5589,1364.501953125,-2.9236417
5590,1364.74609375,-3.0902648
5591,1364.990234375,-3.213163
5592,1365.234375,-3.350186
5593,1365.478515625,-3.4417748
5594,1365.72265625,-3.57205
5595,1365.966796875,-3.6589606
5596,1366.2109375,-3.66094
5597,1366.455078125,-3.6234229
5598,1366.69921875,-3.6333194
5599,1366.943359375,-3.6321497
5600,1367.1875,-3.54389
5601,1367.431640625,-3.4370964
5602,1367.67578125,-3.3839245
5603,1367.919921875,-3.2662446
5604,1368.1640625,-3.0989919
5605,1368.408203125,-2.9056478
5606,1368.65234375,-2.761337
5607,1368.896484375,-2.568353
5608,1369.140625,-2.3615136
5609,1369.384765625,-2.1212957
5610,1369.62890625,-1.9336197
5611,1369.873046875,-1.6967306
5612,1370.1171875,-1.4434671
5613,1370.361328125,-1.2133256
5614,1370.60546875,-0.90653044
5615,1370.849609375,-0.65956473
5616,1371.09375,-0.34305286
5617,1371.337890625,-0.100405715
5618,1371.58203125,0.15800855
5619,1371.826171875,0.48470947
5620,1372.0703125,0.7814394
5621,1372.314453125,1.0827802
5622,1372.55859375,1.324179
5623,1372.802734375,1.5789608
5624,1373.046875,1.8078763
5625,1373.291015625,1.9918073
5626,1373.53515625,2.1618493
5627,1373.779296875,2.3597817
5628,1374.0234375,2.516722
5629,1374.267578125,2.6479082
5630,1374.51171875,2.7741463
5631,1374.755859375,2.8970108
5632,1375.0,3.0652533
5633,1375.244140625,3.1381285
5634,1375.48828125,3.2993982
5635,1375.732421875,3.3915606
5636,1375.9765625,3.4472854
5637,1376.220703125,3.438907
5638,1376.46484375,3.4987364
5639,1376.708984375,3.4757943
5640,1376.953125,3.4281669
5641,1377.197265625,3.419901
5642,1377.44140625,3.3530424
5643,1377.685546875,3.2409747
5644,1377.9296875,3.1086636
5645,1378.173828125,2.9959207
5646,1378.41796875,2.7982132
5647,1378.662109375,2.63222
5648,1378.90625,2.4956915
5649,1379.150390625,2.3426313
5650,1379.39453125,2.1222067
5651,1379.638671875,1.8987454
5652,1379.8828125,1.6615077
5653,1380.126953125,1.3824342
5654,1380.37109375,1.1478955
5655,1380.615234375,0.89800584
5656,1380.859375,0.63996273
5657,1381.103515625,0.41931307
5658,1381.34765625,0.080803655
5659,1381.591796875,-0.18722607
5660,1381.8359375,-0.47062927
5661,1382.080078125,-0.80000687
5662,1382.32421875,-1.0875486
5663,1382.568359375,-1.3923645
5664,1382.8125,-1.6393303
5665,1383.056640625,-1.8157599
5666,1383.30078125,-2.04941
5667,1383.544921875,-2.287649
5668,1383.7890625,-2.4260216
5669,1384.033203125,-2.5498195
5670,1384.27734375,-2.6896315
5671,1384.521484375,-2.8512163
5672,1384.765625,-2.9886894
5673,1385.009765625,-3.0795584
5674,1385.25390625,-3.2928755
5675,1385.498046875,-3.3964303
5676,1385.7421875,-3.5375922
5677,1385.986328125,-3.5886946
5678,1386.23046875,-3.6270213
5679,1386.474609375,-3.6379077
5680,1386.71875,-3.5804174
5681,1386.962890625,-3.595982
5682,1387.20703125,-3.5546863
5683,1387.451171875,-3.472814
5684,1387.6953125,-3.3672802
5685,1387.939453125,-3.2783906
5686,1388.18359375,-3.1616106
5687,1388.427734375,-2.9624186
5688,1388.671875,-2.7688046
5689,1388.916015625,-2.6089292
5690,1389.16015625,-2.4230525
5691,1389.404296875,-2.1951604
5692,1389.6484375,-1.959531
5693,1389.892578125,-1.7827413
5694,1390.13671875,-1.4828737
5695,1390.380859375,-1.2342886
5696,1390.625,-1.0163829
5697,1390.869140625,-0.7666282
5698,1391.11328125,-0.4982499
5699,1391.357421875,-0.213767
5700,1391.6015625,0.08367143
5701,1391.845703125,0.33620393
5702,1392.08984375,0.6390068
5703,1392.333984375,0.96036583
5704,1392.578125,1.2303861
5705,1392.822265625,1.4771268
5706,1393.06640625,1.7381502
5707,1393.310546875,1.9693713
5708,1393.5546875,2.1145592
5709,1393.798828125,2.2954538
5710,1394.04296875,2.415113
5711,1394.287109375,2.5561397
5712,1394.53125,2.6891816
5713,1394.775390625,2.8306022
5714,1395.01953125,2.9896228
5715,1395.263671875,3.1391406
5716,1395.5078125,3.2272542
5717,1395.751953125,3.3349924
5718,1395.99609375,3.4333963
5719,1396.240234375,3.462018
5720,1396.484375,3.442843
5721,1396.728515625,3.4369388
5722,1396.97265625,3.4488037
5723,1397.216796875,3.376041
5724,1397.4609375,3.277356
5725,1397.705078125,3.1784458
5726,1397.94921875,3.0902197
5727,1398.193359375,2.9578524
5728,1398.4375,2.8179502
5729,1398.681640625,2.641048
5730,1398.92578125,2.499459
5731,1399.169921875,2.3073184
5732,1399.4140625,2.1056185
5733,1399.658203125,1.9049308
5734,1399.90234375,1.6477311
5735,1400.146484375,1.4031833
5736,1400.390625,1.1630778
5737,1400.634765625,0.9102642
5738,1400.87890625,0.6337211
5739,1401.123046875,0.4007007
5740,1401.3671875,0.14411953
5741,1401.611328125,-0.14431073
5742,1401.85546875,-0.43509144
5743,1402.099609375,-0.72749156
5744,1402.34375,-1.0374358
5745,1402.587890625,-1.3418018
5746,1402.83203125,-1.6088307
5747,1403.076171875,-1.8349234
5748,1403.3203125,-2.082069
5749,1403.564453125,-2.2631772
5750,1403.80859375,-2.451123
5751,1404.052734375,-2.5871568
5752,1404.296875,-2.7111342
5753,1404.541015625,-2.8750582
5754,1404.78515625,-3.0365531
5755,1405.029296875,-3.124273
5756,1405.2734375,-3.238804
5757,1405.517578125,-3.3660204
5758,1405.76171875,-3.5226572
5759,1406.005859375,-3.6138859
5760,1406.25,-3.6557217
5761,1406.494140625,-3.6705666
5762,1406.73828125,-3.6768644
5763,1406.982421875,-3.619644
5764,1407.2265625,-3.5887845
5765,1407.470703125,-3.540471
5766,1407.71484375,-3.434847
5767,1407.958984375,-3.2914362
5768,1408.203125,-3.2027264
5769,1408.447265625,-3.0350237
5770,1408.69140625,-2.831603
5771,1408.935546875,-2.6470761
5772,1409.1796875,-2.4679472
5773,1409.423828125,-2.2861195
5774,1409.66796875,-2.026738
5775,1409.912109375,-1.7887692
5776,1410.15625,-1.5468417
5777,1410.400390625,-1.3062639
5778,1410.64453125,-1.0319476
5779,1410.888671875,-0.76185983
5780,1411.1328125,-0.4926718
5781,1411.376953125,-0.20315063
5782,1411.62109375,0.05707426
5783,1411.865234375,0.33187416
5784,1412.109375,0.6358579
5785,1412.353515625,0.931913
5786,1412.59765625,1.2709848
5787,1412.841796875,1.4936588
5788,1413.0859375,1.6835501
5789,1413.330078125,1.9140964
5790,1413.57421875,2.153246
5791,1413.818359375,2.3178897
5792,1414.0625,2.4615595
5793,1414.306640625,2.6152382
5794,1414.55078125,2.7244384
5795,1414.794921875,2.816151
5796,1415.0390625,2.9832125
5797,1415.283203125,3.1045585
5798,1415.52734375,3.2638042
5799,1415.771484375,3.3259394
5800,1416.015625,3.4339023
5801,1416.259765625,3.4964871
5802,1416.50390625,3.501548
5803,1416.748046875,3.4512777
5804,1416.9921875,3.446723
5805,1417.236328125,3.4037628
5806,1417.48046875,3.3472507
5807,1417.724609375,3.2563255
5808,1417.96875,3.1684368
5809,1418.212890625,3.0833035
5810,1418.45703125,2.9011157
5811,1418.701171875,2.743107
5812,1418.9453125,2.589597
5813,1419.189453125,2.3723774
5814,1419.43359375,2.169328
5815,1419.677734375,2.003897
5816,1419.921875,1.77903
5817,1420.166015625,1.4991131
5818,1420.41015625,1.2498982
5819,1420.654296875,1.0195206
5820,1420.8984375,0.7267831
5821,1421.142578125,0.4630044
5822,1421.38671875,0.20782904
5823,1421.630859375,-0.035627834
5824,1421.875,-0.33837447
5825,1422.119140625,-0.63086456
5826,1422.36328125,-0.9383795
5827,1422.607421875,-1.2467942
5828,1422.8515625,-1.488092
5829,1423.095703125,-1.751342
5830,1423.33984375,-1.9899405
5831,1423.583984375,-2.1831946
5832,1423.828125,-2.404519
5833,1424.072265625,-2.5534182
5834,1424.31640625,-2.7027671
5835,1424.560546875,-2.8051522
5836,1424.8046875,-2.984281
5837,1425.048828125,-3.1122172
5838,1425.29296875,-3.2306168
5839,1425.537109375,-3.3395698
5840,1425.78125,-3.5027738
5841,1426.025390625,-3.5927432
5842,1426.26953125,-3.6276512
5843,1426.513671875,-3.6650786
5844,1426.7578125,-3.628821
5845,1427.001953125,-3.587435
5846,1427.24609375,-3.5419106
5847,1427.490234375,-3.473534
5848,1427.734375,-3.4274697
5849,1427.978515625,-3.3141983
5850,1428.22265625,-3.195349
5851,1428.466796875,-3.0417714
5852,1428.7109375,-2.866691
5853,1428.955078125,-2.69404
5854,1429.19921875,-2.5087934
5855,1429.443359375,-2.299255
5856,1429.6875,-2.0900762
5857,1429.931640625,-1.8247569
5858,1430.17578125,-1.593086
5859,1430.419921875,-1.3560169
5860,1430.6640625,-1.0591184
5861,1430.908203125,-0.811253
5862,1431.15234375,-0.58156145
5863,1431.396484375,-0.289971
5864,1431.640625,-0.06333838
5865,1431.884765625,0.252645
5866,1432.12890625,0.5098446
5867,1432.373046875,0.83671427
5868,1432.6171875,1.1533499
5869,1432.861328125,1.4040267
5870,1433.10546875,1.6363163
5871,1433.349609375,1.8531984
5872,1433.59375,2.05771
5873,1433.837890625,2.29163
5874,1434.08203125,2.444859
5875,1434.326171875,2.5595696
5876,1434.5703125,2.7246072
5877,1434.814453125,2.83004
5878,1435.05859375,2.9286687
5879,1435.302734375,3.070258
5880,1435.546875,3.2344518
5881,1435.791015625,3.3687873
5882,1436.03515625,3.4345772
5883,1436.279296875,3.4950254
5884,1436.5234375,3.504922
5885,1436.767578125,3.5143685
5886,1437.01171875,3.477425
5887,1437.255859375,3.4702837
5888,1437.5,3.4188888
5889,1437.744140625,3.3161552
5890,1437.98828125,3.2082484
5891,1438.232421875,3.0693018
5892,1438.4765625,2.9352477
5893,1438.720703125,2.768917
5894,1438.96484375,2.6125953
5895,1439.208984375,2.4627404
5896,1439.453125,2.226346
5897,1439.697265625,2.0525365
5898,1439.94140625,1.8006788
5899,1440.185546875,1.5802542
5900,1440.4296875,1.3199055
5901,1440.673828125,1.0436436
5902,1440.91796875,0.77424186
5903,1441.162109375,0.55134296
5904,1441.40625,0.2521389
5905,1441.650390625,-0.0039586485
5906,1441.89453125,-0.29320988
5907,1442.138671875,-0.6146701
5908,1442.3828125,-0.90284175
5909,1442.626953125,-1.197851
5910,1442.87109375,-1.4594817
5911,1443.115234375,-1.6878237
5912,1443.359375,-1.9192247
5913,1443.603515625,-2.1611521
5914,1443.84765625,-2.3499076
5915,1444.091796875,-2.4765844
5916,1444.3359375,-2.6719975
5917,1444.580078125,-2.7930064
5918,1444.82421875,-2.9006996
5919,1445.068359375,-3.031155
5920,1445.3125,-3.1547728
5921,1445.556640625,-3.3204062
5922,1445.80078125,-3.4096556
5923,1446.044921875,-3.51375
5924,1446.2890625,-3.6428561
5925,1446.533203125,-3.605429
5926,1446.77734375,-3.5780783
5927,1447.021484375,-3.6128063
5928,1447.265625,-3.5944526
5929,1447.509765625,-3.5133004
5930,1447.75390625,-3.3946307
5931,1447.998046875,-3.3487465
5932,1448.2421875,-3.2140625
5933,1448.486328125,-3.060665
5934,1448.73046875,-2.9210324
5935,1448.974609375,-2.7252593
5936,1449.21875,-2.5867965
5937,1449.462890625,-2.3858953
5938,1449.70703125,-2.16745
5939,1449.951171875,-1.9286715
5940,1450.1953125,-1.6858444
5941,1450.439453125,-1.4651498
5942,1450.68359375,-1.1984807
5943,1450.927734375,-0.954664
5944,1451.171875,-0.6861957
5945,1451.416015625,-0.43626103
5946,1451.66015625,-0.15132833
5947,1451.904296875,0.14102685
5948,1452.1484375,0.42471123
5949,1452.392578125,0.7056403
5950,1452.63671875,0.9892684
5951,1452.880859375,1.2820059
5952,1453.125,1.5008
5953,1453.369140625,1.7366883
5954,1453.61328125,1.9099916
5955,1453.857421875,2.1331155
5956,1454.1015625,2.321376
5957,1454.345703125,2.4881005
5958,1454.58984375,2.6023614
5959,1454.833984375,2.7411952
5960,1455.078125,2.8840215
5961,1455.322265625,2.979614
5962,1455.56640625,3.1183915
5963,1455.810546875,3.2729697
5964,1456.0546875,3.3671565
5965,1456.298828125,3.4677534
5966,1456.54296875,3.4553826
5967,1456.787109375,3.4682033
5968,1457.03125,3.457126
5969,1457.275390625,3.4003887
5970,1457.51953125,3.373173
5971,1457.763671875,3.272239
5972,1458.0078125,3.164107
5973,1458.251953125,3.072732
5974,1458.49609375,3.0099785
5975,1458.740234375,2.810809
5976,1458.984375,2.612989
5977,1459.228515625,2.4507632
5978,1459.47265625,2.317496
5979,1459.716796875,2.0942037
5980,1459.9609375,1.8199098
5981,1460.205078125,1.6156795
5982,1460.44921875,1.3424541
5983,1460.693359375,1.1146631
5984,1460.9375,0.8467234
5985,1461.181640625,0.5977334
5986,1461.42578125,0.33395472
5987,1461.669921875,0.044253636
5988,1461.9140625,-0.22366363
5989,1462.158203125,-0.53846616
5990,1462.40234375,-0.8093636
5991,1462.646484375,-1.1399108
5992,1462.890625,-1.4159365
5993,1463.134765625,-1.628354
5994,1463.37890625,-1.8897148
5995,1463.623046875,-2.1033916
5996,1463.8671875,-2.290618
5997,1464.111328125,-2.474695
5998,1464.35546875,-2.6316013
5999,1464.599609375,-2.7823899
6000,1464.84375,-2.9204926
6001,1465.087890625,-3.0128913
6002,1465.33203125,-3.1769052
6003,1465.576171875,-3.312219
6004,1465.8203125,-3.402818
6005,1466.064453125,-3.5478487
6006,1466.30859375,-3.6307104
6007,1466.552734375,-3.6472645
6008,1466.796875,-3.678304
6009,1467.041015625,-3.6202738
6010,1467.28515625,-3.6151454
6011,1467.529296875,-3.5868053
6012,1467.7734375,-3.4663363
6013,1468.017578125,-3.3457775
6014,1468.26171875,-3.2998033
6015,1468.505859375,-3.1442463
6016,1468.75,-2.9902189
6017,1468.994140625,-2.75288
6018,1469.23828125,-2.589136
6019,1469.482421875,-2.378248
6020,1469.7265625,-2.147117
6021,1469.970703125,-1.9588112
6022,1470.21484375,-1.7257007
6023,1470.458984375,-1.4770256
6024,1470.703125,-1.2105366
6025,1470.947265625,-0.97526693
6026,1471.19140625,-0.65974474
6027,1471.435546875,-0.37580168
6028,1471.6796875,-0.13594358
6029,1471.923828125,0.108750366
6030,1472.16796875,0.440006
6031,1472.412109375,0.7192482
6032,1472.65625,1.0473549
6033,1472.900390625,1.3125393
6034,1473.14453125,1.5415673
6035,1473.388671875,1.7581683
6036,1473.6328125,1.948847
6037,1473.876953125,2.1968813
6038,1474.12109375,2.3269992
6039,1474.365234375,2.5240319
6040,1474.609375,2.6469524
6041,1474.853515625,2.7695355
6042,1475.09765625,2.9308617
6043,1475.341796875,3.0577183
6044,1475.5859375,3.1505554
6045,1475.830078125,3.2889955
6046,1476.07421875,3.4205759
6047,1476.318359375,3.528539
6048,1476.5625,3.5230844
6049,1476.806640625,3.5138626
6050,1477.05078125,3.5335996
6051,1477.294921875,3.505203
6052,1477.5390625,3.4438553
6053,1477.783203125,3.3573723
6054,1478.02734375,3.2720702
6055,1478.271484375,3.147744
6056,1478.515625,3.0704265
6057,1478.759765625,2.9132054
6058,1479.00390625,2.683615
6059,1479.248046875,2.4997401
6060,1479.4921875,2.299221
6061,1479.736328125,2.1303039
6062,1479.98046875,1.9100478
6063,1480.224609375,1.6440761
6064,1480.46875,1.3866515
6065,1480.712890625,1.1328819
6066,1480.95703125,0.9012673
6067,1481.201171875,0.6249491
6068,1481.4453125,0.34497595
6069,1481.689453125,0.02322332
6070,1481.93359375,-0.23329034
6071,1482.177734375,-0.51435435
6072,1482.421875,-0.83527476
6073,1482.666015625,-1.1060823
6074,1482.91015625,-1.3827379
6075,1483.154296875,-1.6802663
6076,1483.3984375,-1.9159857
6077,1483.642578125,-2.10843
6078,1483.88671875,-2.3190482
6079,1484.130859375,-2.5136516
6080,1484.375,-2.6593118
6081,1484.619140625,-2.8074913
6082,1484.86328125,-2.9496427
6083,1485.107421875,-3.0565262
6084,1485.3515625,-3.1703374
6085,1485.595703125,-3.329403
6086,1485.83984375,-3.4605782
6087,1486.083984375,-3.595802
6088,1486.328125,-3.672636
6089,1486.572265625,-3.7416422
6090,1486.81640625,-3.6895502
6091,1487.060546875,-3.6703868
6092,1487.3046875,-3.6129863
6093,1487.548828125,-3.5923834
6094,1487.79296875,-3.5703409
6095,1488.037109375,-3.4157734
6096,1488.28125,-3.291526
6097,1488.525390625,-3.1816738
6098,1488.76953125,-3.014061
6099,1489.013671875,-2.8123496
6100,1489.2578125,-2.6257534
6101,1489.501953125,-2.4451852
6102,1489.74609375,-2.2575092
6103,1489.990234375,-1.9849021
6104,1490.234375,-1.7463937
6105,1490.478515625,-1.4913307
6106,1490.72265625,-1.2539918
6107,1490.966796875,-0.97292775
6108,1491.2109375,-0.7250624
6109,1491.455078125,-0.46838006
6110,1491.69921875,-0.20378041
6111,1491.943359375,0.08676413
6112,1492.1875,0.40739214
6113,1492.431640625,0.663917
6114,1492.67578125,0.9707686
6115,1492.919921875,1.2717158
6116,1493.1640625,1.5255415
6117,1493.408203125,1.7813917
6118,1493.65234375,2.0068772
6119,1493.896484375,2.1923263
6120,1494.140625,2.3854792
6121,1494.384765625,2.551866
6122,1494.62890625,2.6829402
6123,1494.873046875,2.827847
6124,1495.1171875,2.9712353
6125,1495.361328125,3.040062
6126,1495.60546875,3.2612176
6127,1495.849609375,3.317111
6128,1496.09375,3.4439116
6129,1496.337890625,3.5874126
6130,1496.58203125,3.6181707
6131,1496.826171875,3.573861
6132,1497.0703125,3.5679567
6133,1497.314453125,3.563627
6134,1497.55859375,3.5691936
6135,1497.802734375,3.4049437
6136,1498.046875,3.3222842
6137,1498.291015625,3.2286599
6138,1498.53515625,3.1103504
6139,1498.779296875,2.9346292
6140,1499.0234375,2.795289
6141,1499.267578125,2.6169815
6142,1499.51171875,2.4249532
6143,1499.755859375,2.219992
6144,1500.0,1.989052
6145,1500.244140625,1.7550757
6146,1500.48828125,1.4514855
6147,1500.732421875,1.2238071
6148,1500.9765625,0.9492883
6149,1501.220703125,0.71576184
6150,1501.46484375,0.41773862
6151,1501.708984375,0.14507546
6152,1501.953125,-0.09392793
6153,1502.197265625,-0.41619787
6154,1502.44140625,-0.7294709
6155,1502.685546875,-1.0450832
6156,1502.9296875,-1.3431513
6157,1503.173828125,-1.5956951
6158,1503.41796875,-1.8474292
6159,1503.662109375,-2.0687537
6160,1503.90625,-2.243564
6161,1504.150390625,-2.4706464
6162,1504.39453125,-2.6216147
6163,1504.638671875,-2.7636762
6164,1504.8828125,-2.905198
6165,1505.126953125,-3.028186
6166,1505.37109375,-3.151354
6167,1505.615234375,-3.2982738
6168,1505.859375,-3.3897724
6169,1506.103515625,-3.5470388
6170,1506.34765625,-3.657341
6171,1506.591796875,-3.651493
6172,1506.8359375,-3.657521
6173,1507.080078125,-3.7033155
6174,1507.32421875,-3.6742554
6175,1507.568359375,-3.5949924
6176,1507.8125,-3.5630534
6177,1508.056640625,-3.4399753
6178,1508.30078125,-3.341549
6179,1508.544921875,-3.1699774
6180,1508.7890625,-3.0593152
6181,1509.033203125,-2.9140148
6182,1509.27734375,-2.6800048
6183,1509.521484375,-2.477034
6184,1509.765625,-2.3129303
6185,1510.009765625,-2.1014123
6186,1510.25390625,-1.868482
6187,1510.498046875,-1.6335721
6188,1510.7421875,-1.3694224
6189,1510.986328125,-1.1200275
6190,1511.23046875,-0.9016721
6191,1511.474609375,-0.59919536
6192,1511.71875,-0.3212803
6193,1511.962890625,-0.08223192
6194,1512.20703125,0.22705996
6195,1512.451171875,0.52260906
6196,1512.6953125,0.8051126
6197,1512.939453125,1.1017301
6198,1513.18359375,1.4021149
6199,1513.427734375,1.6314242
6200,1513.671875,1.8240147
6201,1513.916015625,2.0696306
6202,1514.16015625,2.2520998
6203,1514.404296875,2.4283834
6204,1514.6484375,2.5424755
6205,1514.892578125,2.6983473
6206,1515.13671875,2.8236296
6207,1515.380859375,2.9581337
6208,1515.625,3.0999477
6209,1515.869140625,3.2587998
6210,1516.11328125,3.3440456
6211,1516.357421875,3.4285042
6212,1516.6015625,3.4945192
6213,1516.845703125,3.5452394
6214,1517.08984375,3.4953065
6215,1517.333984375,3.4873216
6216,1517.578125,3.4382322
6217,1517.822265625,3.391673
6218,1518.06640625,3.31295
6219,1518.310546875,3.1691115
6220,1518.5546875,3.1206408
6221,1518.798828125,2.9547036
6222,1519.04296875,2.7339416
6223,1519.287109375,2.5928583
6224,1519.53125,2.4394608
6225,1519.775390625,2.2290452
6226,1520.01953125,2.0121067
6227,1520.263671875,1.7884206
6228,1520.5078125,1.5703013
6229,1520.751953125,1.2958387
6230,1520.99609375,1.0375144
6231,1521.240234375,0.7521994
6232,1521.484375,0.500679
6233,1521.728515625,0.2269475
6234,1521.97265625,-0.102744915
6235,1522.216796875,-0.34458232
6236,1522.4609375,-0.62213755
6237,1522.705078125,-0.94872606
6238,1522.94921875,-1.1798571
6239,1523.193359375,-1.5104941
6240,1523.4375,-1.7344278
6241,1523.681640625,-1.9828329
6242,1523.92578125,-2.158543
6243,1524.169921875,-2.3507173
6244,1524.4140625,-2.5067239
6245,1524.658203125,-2.708615
6246,1524.90234375,-2.81208
6247,1525.146484375,-2.9141948
6248,1525.390625,-3.0617445
6249,1525.634765625,-3.2214398
6250,1525.87890625,-3.3408291
6251,1526.123046875,-3.440515
6252,1526.3671875,-3.5735798
6253,1526.611328125,-3.6681373
6254,1526.85546875,-3.6292706
6255,1527.099609375,-3.5937328
6256,1527.34375,-3.6172147
6257,1527.587890625,-3.5776284
6258,1527.83203125,-3.496476
6259,1528.076171875,-3.435567
6260,1528.3203125,-3.3302128
6261,1528.564453125,-3.224409
6262,1528.80859375,-3.0820777
6263,1529.052734375,-2.8971007
6264,1529.296875,-2.717882
6265,1529.541015625,-2.530476
6266,1529.78515625,-2.3767183
6267,1530.029296875,-2.187693
6268,1530.2734375,-1.9385681
6269,1530.517578125,-1.7117555
6270,1530.76171875,-1.423224
6271,1531.005859375,-1.1965015
6272,1531.25,-0.9569133
6273,1531.494140625,-0.6877251
6274,1531.73828125,-0.4457078
6275,1531.982421875,-0.17597991
6276,1532.2265625,0.08923828
6277,1532.470703125,0.4055365
6278,1532.71484375,0.70788956
6279,1532.958984375,0.9871879
6280,1533.203125,1.2619317
6281,1533.447265625,1.5412861
6282,1533.69140625,1.7139148
6283,1533.935546875,1.9194384
6284,1534.1796875,2.1669662
6285,1534.423828125,2.330148
6286,1534.66796875,2.46797
6287,1534.912109375,2.5947702
6288,1535.15625,2.729949
6289,1535.400390625,2.9257445
6290,1535.64453125,3.026398
6291,1535.888671875,3.1108565
6292,1536.1328125,3.2634106
6293,1536.376953125,3.4031441
6294,1536.62109375,3.4748948
6295,1536.865234375,3.4895146
6296,1537.109375,3.4836104
6297,1537.353515625,3.444811
6298,1537.59765625,3.384307
6299,1537.841796875,3.3897612
6300,1538.0859375,3.3040655
6301,1538.330078125,3.2116785
6302,1538.57421875,3.1070328
6303,1538.818359375,2.988217
6304,1539.0625,2.8167694
6305,1539.306640625,2.5970194
6306,1539.55078125,2.4773042
6307,1539.794921875,2.2668324
6308,1540.0390625,2.074073
6309,1540.283203125,1.8522987
6310,1540.52734375,1.5581554
6311,1540.771484375,1.38041
6312,1541.015625,1.1037544
6313,1541.259765625,0.8414939
6314,1541.50390625,0.56725633
6315,1541.748046875,0.3436264
6316,1541.9921875,0.055837184
6317,1542.236328125,-0.23230067
6318,1542.48046875,-0.538916
6319,1542.724609375,-0.8179107
6320,1542.96875,-1.1148093
6321,1543.212890625,-1.4178258
6322,1543.45703125,-1.672169
6323,1543.701171875,-1.8953828
6324,1543.9453125,-2.1082501
6325,1544.189453125,-2.2845001
6326,1544.43359375,-2.4416764
6327,1544.677734375,-2.5811286
6328,1544.921875,-2.7535098
6329,1545.166015625,-2.8892734
6330,1545.41015625,-3.0116317
6331,1545.654296875,-3.1115875
6332,1545.8984375,-3.2613862
6333,1546.142578125,-3.4182928
6334,1546.38671875,-3.4810014
6335,1546.630859375,-3.6150556
6336,1546.875,-3.6179345
6337,1547.119140625,-3.570071
6338,1547.36328125,-3.5570254
6339,1547.607421875,-3.5685415
6340,1547.8515625,-3.537322
6341,1548.095703125,-3.4418647
6342,1548.33984375,-3.3208559
6343,1548.583984375,-3.2511299
6344,1548.828125,-3.1012409
6345,1549.072265625,-2.9232817
6346,1549.31640625,-2.7845492
6347,1549.560546875,-2.5892258
6348,1549.8046875,-2.4222429
6349,1550.048828125,-2.1941707
6350,1550.29296875,-2.0121627
6351,1550.537109375,-1.7462137
6352,1550.78125,-1.4974487
6353,1551.025390625,-1.2509329
6354,1551.26953125,-0.99308085
6355,1551.513671875,-0.72812134
6356,1551.7578125,-0.41862705
6357,1552.001953125,-0.1666231
6358,1552.24609375,0.11651021
6359,1552.490234375,0.39102897
6360,1552.734375,0.6892772
6361,1552.978515625,1.0031012
6362,1553.22265625,1.2773387
6363,1553.466796875,1.4807819
6364,1553.7109375,1.7631167
6365,1553.955078125,1.98759
6366,1554.19921875,2.1341836
6367,1554.443359375,2.3419566
6368,1554.6875,2.5047448
6369,1554.931640625,2.65415
6370,1555.17578125,2.7300615
6371,1555.419921875,2.9003847
6372,1555.6640625,3.0699766
6373,1555.908203125,3.1464508
6374,1556.15234375,3.3072145
6375,1556.396484375,3.4309785
6376,1556.640625,3.5304506
6377,1556.884765625,3.5364673
6378,1557.12890625,3.5148187
6379,1557.373046875,3.5452957
6380,1557.6171875,3.4738264
6381,1557.861328125,3.416977
6382,1558.10546875,3.3771093
6383,1558.349609375,3.2772434
6384,1558.59375,3.105627
6385,1558.837890625,2.9848995
6386,1559.08203125,2.8647342
6387,1559.326171875,2.6618536
6388,1559.5703125,2.4955792
6389,1559.814453125,2.3011332
6390,1560.05859375,2.1290667
6391,1560.302734375,1.867706
6392,1560.546875,1.6425579
6393,1560.791015625,1.411618
6394,1561.03515625,1.1603225
6395,1561.279296875,0.91183865
6396,1561.5234375,0.6302348
6397,1561.767578125,0.38771135
6398,1562.01171875,0.08670789
6399,1562.255859375,-0.14745966
6400,1562.5,-0.45785367
6401,1562.744140625,-0.80360556
6402,1562.98828125,-1.0604678
6403,1563.232421875,-1.3611451
6404,1563.4765625,-1.6094604
6405,1563.720703125,-1.8240371
6406,1563.96484375,-2.02053
6407,1564.208984375,-2.2071264
6408,1564.453125,-2.4046988
6409,1564.697265625,-2.5729413
6410,1564.94140625,-2.6582322
6411,1565.185546875,-2.8557148
6412,1565.4296875,-2.9750142
6413,1565.673828125,-3.0540972
6414,1565.91796875,-3.2078547
6415,1566.162109375,-3.352885
6416,1566.40625,-3.4747934
6417,1566.650390625,-3.528775
6418,1566.89453125,-3.6245024
6419,1567.138671875,-3.6058786
6420,1567.3828125,-3.569261
6421,1567.626953125,-3.558375
6422,1567.87109375,-3.5213075
6423,1568.115234375,-3.4195523
6424,1568.359375,-3.3308427
6425,1568.603515625,-3.2136128
6426,1568.84765625,-3.1638596
6427,1569.091796875,-3.0179296
6428,1569.3359375,-2.8090208
6429,1569.580078125,-2.6267428
6430,1569.82421875,-2.4610195
6431,1570.068359375,-2.258319
6432,1570.3125,-2.0050554
6433,1570.556640625,-1.7968664
6434,1570.80078125,-1.5805802
6435,1571.044921875,-1.2998762
6436,1571.2890625,-1.0238503
6437,1571.533203125,-0.81089306
6438,1571.77734375,-0.55547035
6439,1572.021484375,-0.25029454
6440,1572.265625,0.02316709
6441,1572.509765625,0.2802543
6442,1572.75390625,0.6286041
6443,1572.998046875,0.91549367
6444,1573.2421875,1.2170594
6445,1573.486328125,1.5011936
6446,1573.73046875,1.6774772
6447,1573.974609375,1.9245554
6448,1574.21875,2.153752
6449,1574.462890625,2.2914052
6450,1574.70703125,2.4720185
6451,1574.951171875,2.6320512
6452,1575.1953125,2.7513168
6453,1575.439453125,2.83392
6454,1575.68359375,2.9987323
6455,1575.927734375,3.1341922
6456,1576.171875,3.2242177
6457,1576.416015625,3.346857
6458,1576.66015625,3.4911454
6459,1576.904296875,3.5175738
6460,1577.1484375,3.5217912
6461,1577.392578125,3.4945192
6462,1577.63671875,3.5016043
6463,1577.880859375,3.4563947
6464,1578.125,3.3374102
6465,1578.369140625,3.316099
6466,1578.61328125,3.1964397
6467,1578.857421875,3.0585055
6468,1579.1015625,2.8981917
6469,1579.345703125,2.7130237
6470,1579.58984375,2.500921
6471,1579.833984375,2.3443744
6472,1580.078125,2.1453736
6473,1580.322265625,1.9739822
6474,1580.56640625,1.7178509
6475,1580.810546875,1.4268565
6476,1581.0546875,1.1911371
6477,1581.298828125,0.98853743
6478,1581.54296875,0.67926806
6479,1581.787109375,0.45091477
6480,1582.03125,0.17909509
6481,1582.275390625,-0.09122885
6482,1582.51953125,-0.39982346
6483,1582.763671875,-0.68961453
6484,1583.0078125,-1.0212412
6485,1583.251953125,-1.3115722
6486,1583.49609375,-1.55206
6487,1583.740234375,-1.7984859
6488,1583.984375,-2.0306966
6489,1584.228515625,-2.2046971
6490,1584.47265625,-2.427641
6491,1584.716796875,-2.6117182
6492,1584.9609375,-2.673617
6493,1585.205078125,-2.7699742
6494,1585.44921875,-2.9535115
6495,1585.693359375,-3.07416
6496,1585.9375,-3.1814938
6497,1586.181640625,-3.3185167
6498,1586.42578125,-3.4567096
6499,1586.669921875,-3.6081278
6500,1586.9140625,-3.6243224
6501,1587.158203125,-3.6136162
6502,1587.40234375,-3.6417766
6503,1587.646484375,-3.6162252
6504,1587.890625,-3.5624235
6505,1588.134765625,-3.534533
6506,1588.37890625,-3.4541006
6507,1588.623046875,-3.3285034
6508,1588.8671875,-3.1910303
6509,1589.111328125,-3.0540972
6510,1589.35546875,-2.8527458
6511,1589.599609375,-2.6542735
6512,1589.84375,-2.4810827
6513,1590.087890625,-2.3203077
6514,1590.33203125,-2.0974536
6515,1590.576171875,-1.8780189
6516,1590.8203125,-1.6424792
6517,1591.064453125,-1.4240338
6518,1591.30859375,-1.1409904
6519,1591.552734375,-0.91426784
6520,1591.796875,-0.6251065
6521,1592.041015625,-0.36599502
6522,1592.28515625,-0.11489077
6523,1592.529296875,0.16604955
6524,1592.7734375,0.478749
6525,1593.017578125,0.7863877
6526,1593.26171875,1.066867
6527,1593.505859375,1.3232794
6528,1593.75,1.5620916
6529,1593.994140625,1.77903
6530,1594.23828125,2.0160992
6531,1594.482421875,2.2161682
6532,1594.7265625,2.360119
6533,1594.970703125,2.5086248
6534,1595.21484375,2.6837835
6535,1595.458984375,2.7777452
6536,1595.703125,2.910169
6537,1595.947265625,3.0595179
6538,1596.19140625,3.2426052
6539,1596.435546875,3.3083389
6540,1596.6796875,3.392629
6541,1596.923828125,3.4684844
6542,1597.16796875,3.5153246
6543,1597.412109375,3.4685407
6544,1597.65625,3.4855785
6545,1597.900390625,3.4126472
6546,1598.14453125,3.3456202
6547,1598.388671875,3.2892206
6548,1598.6328125,3.1875553
6549,1598.876953125,3.0826287
6550,1599.12109375,2.947
6551,1599.365234375,2.7432194
6552,1599.609375,2.5823996
6553,1599.853515625,2.4255157
6554,1600.09765625,2.1869283
6555,1600.341796875,2.0186858
6556,1600.5859375,1.7807169
6557,1600.830078125,1.5438166
6558,1601.07421875,1.2721655
6559,1601.318359375,1.0259871
6560,1601.5625,0.79920834
6561,1601.806640625,0.51434314
6562,1602.05078125,0.26389116
6563,1602.294921875,-0.026001122
6564,1602.5390625,-0.32622862
6565,1602.783203125,-0.5812915
6566,1603.02734375,-0.8837682
6567,1603.271484375,-1.1686109
6568,1603.515625,-1.4485054
6569,1603.759765625,-1.7030284
6570,1604.00390625,-1.9348792
6571,1604.248046875,-2.131282
6572,1604.4921875,-2.2864792
6573,1604.736328125,-2.480363
6574,1604.98046875,-2.602991
6575,1605.224609375,-2.7355158
6576,1605.46875,-2.8682206
6577,1605.712890625,-3.0236876
6578,1605.95703125,-3.136509
6579,1606.201171875,-3.2561681
6580,1606.4453125,-3.3812253
6581,1606.689453125,-3.5292249
6582,1606.93359375,-3.5768187
6583,1607.177734375,-3.599851
6584,1607.421875,-3.549198
6585,1607.666015625,-3.5939128
6586,1607.91015625,-3.5565755
6587,1608.154296875,-3.493687
6588,1608.3984375,-3.420812
6589,1608.642578125,-3.3246348
6590,1608.88671875,-3.22171
6591,1609.130859375,-3.0566163
6592,1609.375,-2.940196
6593,1609.619140625,-2.7392046
6594,1609.86328125,-2.5867965
6595,1610.107421875,-2.3503573
6596,1610.3515625,-2.1854439
6597,1610.595703125,-1.941627
6598,1610.83984375,-1.7028486
6599,1611.083984375,-1.4602914
6600,1611.328125,-1.203699
6601,1611.572265625,-0.9307322
6602,1611.81640625,-0.6980716
6603,1612.060546875,-0.40000343
6604,1612.3046875,-0.15618667
6605,1612.548828125,0.14411953
6606,1612.79296875,0.47200134
6607,1613.037109375,0.7563605
6608,1613.28125,1.041057
6609,1613.525390625,1.2989876
6610,1613.76953125,1.5647907
6611,1614.013671875,1.8078202
6612,1614.2578125,2.0135686
6613,1614.501953125,2.228258
6614,1614.74609375,2.3744016
6615,1614.990234375,2.5644054
6616,1615.234375,2.6734934
6617,1615.478515625,2.8434792
6618,1615.72265625,2.991816
6619,1615.966796875,3.096068
6620,1616.2109375,3.2008257
6621,1616.455078125,3.3634453
6622,1616.69921875,3.4811363
6623,1616.943359375,3.5411906
6624,1617.1875,3.5726237
6625,1617.431640625,3.5695872
6626,1617.67578125,3.5203292
6627,1617.919921875,3.4676409
6628,1618.1640625,3.4492536
6629,1618.408203125,3.3336992
6630,1618.65234375,3.227929
6631,1618.896484375,3.1522424
6632,1619.140625,3.0423672
6633,1619.384765625,2.8308835
6634,1619.62890625,2.6289585
6635,1619.873046875,2.411514
6636,1620.1171875,2.24777
6637,1620.361328125,2.028526
6638,1620.60546875,1.7827975
6639,1620.849609375,1.5319518
6640,1621.09375,1.3223234
6641,1621.337890625,1.077101
6642,1621.58203125,0.8138846
6643,1621.826171875,0.5218218
6644,1622.0703125,0.25168905
6645,1622.314453125,-0.01871361
6646,1622.55859375,-0.2497547
6647,1622.802734375,-0.59640634
6648,1623.046875,-0.88583755
6649,1623.291015625,-1.1460286
6650,1623.53515625,-1.4907011
6651,1623.779296875,-1.6969106
6652,1624.0234375,-1.9041098
6653,1624.267578125,-2.1487362
6654,1624.51171875,-2.3618734
6655,1624.755859375,-2.5022256
6656,1625.0,-2.6710079
6657,1625.244140625,-2.81172
6658,1625.48828125,-2.9356077
6659,1625.732421875,-3.0612946
6660,1625.9765625,-3.2146924
6661,1626.220703125,-3.3359709
6662,1626.46484375,-3.4361067
6663,1626.708984375,-3.5446997
6664,1626.953125,-3.6757848
6665,1627.197265625,-3.6997166
6666,1627.44140625,-3.6533825
6667,1627.685546875,-3.6628294
6668,1627.9296875,-3.640067
6669,1628.173828125,-3.5449696
6670,1628.41796875,-3.4601285
6671,1628.662109375,-3.3626916
6672,1628.90625,-3.3084402
6673,1629.150390625,-3.1061893
6674,1629.39453125,-2.9715054
6675,1629.638671875,-2.7648458
6676,1629.8828125,-2.5995724
6677,1630.126953125,-2.4169347
6678,1630.37109375,-2.2008286
6679,1630.615234375,-1.9919198
6680,1630.859375,-1.7138249
6681,1631.103515625,-1.4317712
6682,1631.34765625,-1.1969513
6683,1631.591796875,-0.96725965
6684,1631.8359375,-0.67809844
6685,1632.080078125,-0.39667454
6686,1632.32421875,-0.14871922
6687,1632.568359375,0.14670616
6688,1632.8125,0.45063365
6689,1633.056640625,0.7416842
6690,1633.30078125,1.0883471
6691,1633.544921875,1.3583674
6692,1633.7890625,1.5898695
6693,1634.033203125,1.8637136
6694,1634.27734375,2.094991
6695,1634.521484375,2.2810585
6696,1634.765625,2.4360306
6697,1635.009765625,2.6297457
6698,1635.25390625,2.7632377
6699,1635.498046875,2.8317268
6700,1635.7421875,3.01667
6701,1635.986328125,3.1503305
6702,1636.23046875,3.2708893
6703,1636.474609375,3.3749726
6704,1636.71875,3.497612
6705,1636.962890625,3.6083305
6706,1637.20703125,3.5653138
6707,1637.451171875,3.5890431
6708,1637.6953125,3.5830827
6709,1637.939453125,3.560534
6710,1638.18359375,3.4639297
6711,1638.427734375,3.414784
6712,1638.671875,3.3070457
6713,1638.916015625,3.1579778
6714,1639.16015625,3.04203
6715,1639.404296875,2.874406
6716,1639.6484375,2.682153
6717,1639.892578125,2.4992905
6718,1640.13671875,2.3173838
6719,1640.380859375,2.1603312
6720,1640.625,1.8856437
6721,1640.869140625,1.645482
6722,1641.11328125,1.3754616
6723,1641.357421875,1.106116
6724,1641.6015625,0.8409316
6725,1641.845703125,0.5403217
6726,1642.08984375,0.3302997
6727,1642.333984375,0.0872702
6728,1642.578125,-0.22330375
6729,1642.822265625,-0.5256905
6730,1643.06640625,-0.8574972
6731,1643.310546875,-1.1762584
6732,1643.5546875,-1.4512944
6733,1643.798828125,-1.6812559
6734,1644.04296875,-1.9248028
6735,1644.287109375,-2.1224654
6736,1644.53125,-2.3683512
6737,1644.775390625,-2.5347943
6738,1645.01953125,-2.6630006
6739,1645.263671875,-2.7840095
6740,1645.5078125,-2.9616086
6741,1645.751953125,-3.0765893
6742,1645.99609375,-3.1676383
6743,1646.240234375,-3.2998931
6744,1646.484375,-3.434847
6745,1646.728515625,-3.560894
6746,1646.97265625,-3.6512232
6747,1647.216796875,-3.6973774
6748,1647.4609375,-3.7089834
6749,1647.705078125,-3.6589606
6750,1647.94921875,-3.6305304
6751,1648.193359375,-3.6346688
6752,1648.4375,-3.5667422
6753,1648.681640625,-3.4393456
6754,1648.92578125,-3.296924
6755,1649.169921875,-3.1933696
6756,1649.4140625,-3.0248573
6757,1649.658203125,-2.8043425
6758,1649.90234375,-2.6517546
6759,1650.146484375,-2.521029
6760,1650.390625,-2.28504
6761,1650.634765625,-2.0307865
6762,1650.87890625,-1.841851
6763,1651.123046875,-1.5917364
6764,1651.3671875,-1.3062639
6765,1651.611328125,-1.0434637
6766,1651.85546875,-0.8208797
6767,1652.099609375,-0.5487226
6768,1652.34375,-0.28853148
6769,1652.587890625,0.017768933
6770,1652.83203125,0.3127557
6771,1653.076171875,0.5874994
6772,1653.3203125,0.92482793
6773,1653.564453125,1.2251004
6774,1653.80859375,1.4791512
6775,1654.052734375,1.6890608
6776,1654.296875,1.9377134
6777,1654.541015625,2.1493661
6778,1654.78515625,2.3171587
6779,1655.029296875,2.4676323
6780,1655.2734375,2.6445346
6781,1655.517578125,2.7677925
6782,1655.76171875,2.8661401
6783,1656.005859375,3.0466971
6784,1656.25,3.200095
6785,1656.494140625,3.290289
6786,1656.73828125,3.4136593
6787,1656.982421875,3.541472
6788,1657.2265625,3.5389977
6789,1657.470703125,3.490808
6790,1657.71484375,3.5050342
6791,1657.958984375,3.5306194
6792,1658.203125,3.4544265
6793,1658.447265625,3.3808205
6794,1658.69140625,3.2609365
6795,1658.935546875,3.1703486
6796,1659.1796875,3.0561438
6797,1659.423828125,2.9074697
6798,1659.66796875,2.7451875
6799,1659.912109375,2.572334
6800,1660.15625,2.3503911
6801,1660.400390625,2.1343524
6802,1660.64453125,1.9723514
6803,1660.888671875,1.748834
6804,1661.1328125,1.4632379
6805,1661.376953125,1.2197022
6806,1661.62109375,0.9870755
6807,1661.865234375,0.70738345
6808,1662.109375,0.42735407
6809,1662.353515625,0.16526233
6810,1662.59765625,-0.071795486
6811,1662.841796875,-0.40000343
6812,1663.0859375,-0.7134564
6813,1663.330078125,-0.99497026
6814,1663.57421875,-1.2849413
6815,1663.818359375,-1.5196711
6816,1664.0625,-1.768976
6817,1664.306640625,-2.0244887
6818,1664.55078125,-2.1798656
6819,1664.794921875,-2.3726697
6820,1665.0390625,-2.565294
6821,1665.283203125,-2.6581423
6822,1665.52734375,-2.797055
6823,1665.771484375,-2.9498227
6824,1666.015625,-3.0783887
6825,1666.259765625,-3.1875215
6826,1666.50390625,-3.3049314
6827,1666.748046875,-3.4738038
6828,1666.9921875,-3.5829365
6829,1667.236328125,-3.6174848
6830,1667.48046875,-3.617035
6831,1667.724609375,-3.6435757
6832,1667.96875,-3.6034493
6833,1668.212890625,-3.549558
6834,1668.45703125,-3.5034935
6835,1668.701171875,-3.4297187
6836,1668.9453125,-3.2774909
6837,1669.189453125,-3.2135227
6838,1669.43359375,-3.0642638
6839,1669.677734375,-2.8600335
6840,1669.921875,-2.6984487
6841,1670.166015625,-2.533175
6842,1670.41015625,-2.3755488
6843,1670.654296875,-2.1330817
6844,1670.8984375,-1.8371727
6845,1671.142578125,-1.6457181
6846,1671.38671875,-1.3957833
6847,1671.630859375,-1.1395509
6848,1671.875,-0.9116587
6849,1672.119140625,-0.6332038
6850,1672.36328125,-0.35735798
6851,1672.607421875,-0.06891647
6852,1672.8515625,0.1953458
6853,1673.095703125,0.5152991
6854,1673.33984375,0.81866425
6855,1673.583984375,1.0754702
6856,1673.828125,1.3608978
6857,1674.072265625,1.6131492
6858,1674.31640625,1.8212594
6859,1674.560546875,2.0605776
6860,1674.8046875,2.2450147
6861,1675.048828125,2.4196115
6862,1675.29296875,2.5253813
6863,1675.537109375,2.738946
6864,1675.78125,2.838081
6865,1676.025390625,2.9318175
6866,1676.26953125,3.0754871
6867,1676.513671875,3.2116785
6868,1676.7578125,3.3160427
6869,1677.001953125,3.383576
6870,1677.24609375,3.490077
6871,1677.490234375,3.551762
6872,1677.734375,3.4881089
6873,1677.978515625,3.4643795
6874,1678.22265625,3.4163585
6875,1678.466796875,3.3663692
6876,1678.7109375,3.256888
6877,1678.955078125,3.1544354
6878,1679.19921875,3.1076515
6879,1679.443359375,2.9495304
6880,1679.6875,2.7473807
6881,1679.931640625,2.5985937
6882,1680.17578125,2.4076343
6883,1680.419921875,2.2345557
6884,1680.6640625,1.982473
6885,1680.908203125,1.7887579
6886,1681.15234375,1.5236859
6887,1681.396484375,1.274921
6888,1681.640625,1.0058565
6889,1681.884765625,0.74646384
6890,1682.12890625,0.51130664
6891,1682.373046875,0.23110859
6892,1682.6171875,-0.025101429
6893,1682.861328125,-0.28367314
6894,1683.10546875,-0.57769275
6895,1683.349609375,-0.90617055
6896,1683.59375,-1.1787775
6897,1683.837890625,-1.4566926
6898,1684.08203125,-1.6680305
6899,1684.326171875,-1.8903445
6900,1684.5703125,-2.1120288
6901,1684.814453125,-2.2858493
6902,1685.05859375,-2.4638085
6903,1685.302734375,-2.641138
6904,1685.546875,-2.7685347
6905,1685.791015625,-2.9045682
6906,1686.03515625,-2.9992158
6907,1686.279296875,-3.1238234
6908,1686.5234375,-3.2657049
6909,1686.767578125,-3.3806856
6910,1687.01171875,-3.5426304
6911,1687.255859375,-3.6022801
6912,1687.5,-3.611187
6913,1687.744140625,-3.60201
6914,1687.98828125,-3.6096575
6915,1688.232421875,-3.5545063
6916,1688.4765625,-3.5162694
6917,1688.720703125,-3.42657
6918,1688.96484375,-3.3337216
6919,1689.208984375,-3.2052455
6920,1689.453125,-3.059945
6921,1689.697265625,-2.8775773
6922,1689.94140625,-2.7260692
6923,1690.185546875,-2.4827921
6924,1690.4296875,-2.3436096
6925,1690.673828125,-2.1724882
6926,1690.91796875,-1.9192247
6927,1691.162109375,-1.6787367
6928,1691.40625,-1.4154866
6929,1691.650390625,-1.1750888
6930,1691.89453125,-0.9043712
6931,1692.138671875,-0.63671255
6932,1692.3828125,-0.3971244
6933,1692.626953125,-0.09014922
6934,1692.87109375,0.1597517
6935,1693.115234375,0.4795925
6936,1693.359375,0.768169
6937,1693.603515625,1.037402
6938,1693.84765625,1.3038236
6939,1694.091796875,1.5988666
6940,1694.3359375,1.8045589
6941,1694.580078125,1.9757254
6942,1694.82421875,2.2305632
6943,1695.068359375,2.3894153
6944,1695.3125,2.546187
6945,1695.556640625,2.6784415
6946,1695.80078125,2.7967513
6947,1696.044921875,2.916579
6948,1696.2890625,3.0477655
6949,1696.533203125,3.17704
6950,1696.77734375,3.3537736
6951,1697.021484375,3.4219253
6952,1697.265625,3.5053718
6953,1697.509765625,3.5028415
6954,1697.75390625,3.521285
6955,1697.998046875,3.472983
6956,1698.2421875,3.4273796
6957,1698.486328125,3.4227126
6958,1698.73046875,3.3185167
6959,1698.974609375,3.1858685
6960,1699.21875,3.1162546
6961,1699.462890625,2.9323237
6962,1699.70703125,2.7754397
6963,1699.951171875,2.570872
6964,1700.1953125,2.4563298
6965,1700.439453125,2.274367
6966,1700.68359375,2.0542235
6967,1700.927734375,1.8327866
6968,1701.171875,1.5728879
6969,1701.416015625,1.3260348
6970,1701.66015625,1.0503913
6971,1701.904296875,0.76395166
6972,1702.1484375,0.5325619
6973,1702.392578125,0.30752623
6974,1702.63671875,-0.012685668
6975,1702.880859375,-0.25119424
6976,1703.125,-0.5537609
6977,1703.369140625,-0.84922004
6978,1703.61328125,-1.1661818
6979,1703.857421875,-1.4632604
6980,1704.1015625,-1.7059975
6981,1704.345703125,-1.8735203
6982,1704.58984375,-2.1597126
6983,1704.833984375,-2.3476584
6984,1705.078125,-2.5026753
6985,1705.322265625,-2.6500452
6986,1705.56640625,-2.7813103
6987,1705.810546875,-2.9002495
6988,1706.0546875,-3.0249472
6989,1706.298828125,-3.1991277
6990,1706.54296875,-3.2858582
6991,1706.787109375,-3.4180229
6992,1707.03125,-3.5008845
6993,1707.275390625,-3.634399
6994,1707.51953125,-3.6486142
6995,1707.763671875,-3.5937328
6996,1708.0078125,-3.6180246
6997,1708.251953125,-3.6033597
6998,1708.49609375,-3.555226
6999,1708.740234375,-3.4148738
7000,1708.984375,-3.3453279
7001,1709.228515625,-3.2808197
7002,1709.47265625,-3.1182451
7003,1709.716796875,-2.9351575
7004,1709.9609375,-2.7836494
7005,1710.205078125,-2.5975928
7006,1710.44921875,-2.3891342
7007,1710.693359375,-2.190842
7008,1710.9375,-1.9974079
7009,1711.181640625,-1.7399158
7010,1711.42578125,-1.4987082
7011,1711.669921875,-1.2430155
7012,1711.9140625,-1.0152134
7013,1712.158203125,-0.743686
7014,1712.40234375,-0.45695394
7015,1712.646484375,-0.17696957
7016,1712.890625,0.07411219
7017,1713.134765625,0.35138625
7018,1713.37890625,0.6783121
7019,1713.623046875,0.94760144
7020,1713.8671875,1.2220078
7021,1714.111328125,1.5282968
7022,1714.35546875,1.726904
7023,1714.599609375,1.9380507
7024,1714.84375,2.1222627
7025,1715.087890625,2.294554
7026,1715.33203125,2.4828708
7027,1715.576171875,2.5886412
7028,1715.8203125,2.742376
7029,1716.064453125,2.8881826
7030,1716.30859375,3.0063233
7031,1716.552734375,3.1281757
7032,1716.796875,3.2562692
7033,1717.041015625,3.3938098
7034,1717.28515625,3.4977243
7035,1717.529296875,3.4789994
7036,1717.7734375,3.5161119
7037,1718.017578125,3.518586
7038,1718.26171875,3.4538646
7039,1718.505859375,3.3927977
7040,1718.75,3.3491626
7041,1718.994140625,3.271564
7042,1719.23828125,3.0996103
7043,1719.482421875,3.0355072
7044,1719.7265625,2.8399365
7045,1719.970703125,2.6611786
7046,1720.21484375,2.4784849
7047,1720.458984375,2.2837577
7048,1720.703125,2.0958905
7049,1720.947265625,1.8788959
7050,1721.19140625,1.6472813
7051,1721.435546875,1.398685
7052,1721.6796875,1.1422162
7053,1721.923828125,0.8804619
7054,1722.16796875,0.64074993
7055,1722.412109375,0.35082394
7056,1722.65625,0.06747696
7057,1722.900390625,-0.18992515
7058,1723.14453125,-0.491952
7059,1723.388671875,-0.8190803
7060,1723.6328125,-1.0628971
7061,1723.876953125,-1.3584461
7062,1724.12109375,-1.6267345
7063,1724.365234375,-1.853817
7064,1724.609375,-2.0455415
7065,1724.853515625,-2.2450933
7066,1725.09765625,-2.4271011
7067,1725.341796875,-2.5703323
7068,1725.5859375,-2.7161725
7069,1725.830078125,-2.8632722
7070,1726.07421875,-2.995887
7071,1726.318359375,-3.089545
7072,1726.5625,-3.268134
7073,1726.806640625,-3.4200022
7074,1727.05078125,-3.4916177
7075,1727.294921875,-3.581317
7076,1727.5390625,-3.6427662
7077,1727.783203125,-3.6495137
7078,1728.02734375,-3.6209936
7079,1728.271484375,-3.5977814
7080,1728.515625,-3.5955322
7081,1728.759765625,-3.5085318
7082,1729.00390625,-3.3722286
7083,1729.248046875,-3.3077204
7084,1729.4921875,-3.183383
7085,1729.736328125,-3.0257568
7086,1729.98046875,-2.773663
7087,1730.224609375,-2.6472561
7088,1730.46875,-2.4711862
7089,1730.712890625,-2.2187324
7090,1730.95703125,-2.0306966
7091,1731.201171875,-1.8178293
7092,1731.4453125,-1.5683445
7093,1731.689453125,-1.2901595
7094,1731.93359375,-1.0669457
7095,1732.177734375,-0.7855218
7096,1732.421875,-0.5208321
7097,1732.666015625,-0.26289022
7098,1732.91015625,0.050607722
7099,1733.154296875,0.29768586
7100,1733.3984375,0.6463168
7101,1733.642578125,0.94765764
7102,1733.88671875,1.2328603
7103,1734.130859375,1.4810631
7104,1734.375,1.7053677
7105,1734.619140625,1.9261298
7106,1734.86328125,2.1473417
7107,1735.107421875,2.3005707
7108,1735.3515625,2.4867508
7109,1735.595703125,2.6274967
7110,1735.83984375,2.7280934
7111,1736.083984375,2.879579
7112,1736.328125,3.02398
7113,1736.572265625,3.1138368
7114,1736.81640625,3.2659411
7115,1737.060546875,3.3661444
7116,1737.3046875,3.4914265
7117,1737.548828125,3.5228033
7118,1737.79296875,3.4955316
7119,1738.037109375,3.467191
7120,1738.28125,3.4534144
7121,1738.525390625,3.392404
7122,1738.76953125,3.3009727
7123,1739.013671875,3.2787616
7124,1739.2578125,3.1614642
7125,1739.501953125,3.0031183
7126,1739.74609375,2.8682768
7127,1739.990234375,2.6815345
7128,1740.234375,2.4913619
7129,1740.478515625,2.3168213
7130,1740.72265625,2.154989
7131,1740.966796875,1.9550887
7132,1741.2109375,1.6974391
7133,1741.455078125,1.4846618
7134,1741.69921875,1.236684
7135,1741.943359375,0.951875
7136,1742.1875,0.7008607
7137,1742.431640625,0.43966863
7138,1742.67578125,0.17184132
7139,1742.919921875,-0.058210123
7140,1743.1640625,-0.36896402
7141,1743.408203125,-0.67800844
7142,1743.65234375,-0.97796607
7143,1743.896484375,-1.2704561
7144,1744.140625,-1.5161623
7145,1744.384765625,-1.7744641
7146,1744.62890625,-1.9449558
7147,1744.873046875,-2.1643012
7148,1745.1171875,-2.40137
7149,1745.361328125,-2.5320954
7150,1745.60546875,-2.6891816
7151,1745.849609375,-2.7776215
7152,1746.09375,-2.9486532
7153,1746.337890625,-3.0861263
7154,1746.58203125,-3.203716
7155,1746.826171875,-3.3317423
7156,1747.0703125,-3.4750633
7157,1747.314453125,-3.5856357
7158,1747.55859375,-3.5976915
7159,1747.802734375,-3.657341
7160,1748.046875,-3.6090276
7161,1748.291015625,-3.5745695
7162,1748.53515625,-3.5679119
7163,1748.779296875,-3.5468588
7164,1749.0234375,-3.481991
7165,1749.267578125,-3.3258045
7166,1749.51171875,-3.2282777
7167,1749.755859375,-3.0939536
7168,1750.0,-2.8624625
7169,1750.244140625,-2.6585023
7170,1750.48828125,-2.483332
7171,1750.732421875,-2.3400111
7172,1750.9765625,-2.1310124
7173,1751.220703125,-1.8561561
7174,1751.46484375,-1.6678504
7175,1751.708984375,-1.3782394
7176,1751.953125,-1.0897979
7177,1752.197265625,-0.8613659
7178,1752.44140625,-0.64202076
7179,1752.685546875,-0.3578978
7180,1752.9296875,-0.05569098
7181,1753.173828125,0.24049912
7182,1753.41796875,0.51619875
7183,1753.662109375,0.82091343
7184,1753.90625,1.1160126
7185,1754.150390625,1.3526881
7186,1754.39453125,1.6083133
7187,1754.638671875,1.8249705
7188,1754.8828125,2.0903237
7189,1755.126953125,2.2413595
7190,1755.37109375,2.352753
7191,1755.615234375,2.4883816
7192,1755.859375,2.669051
7193,1756.103515625,2.7731342
7194,1756.34765625,2.9361475
7195,1756.591796875,3.062948
7196,1756.8359375,3.1932907
7197,1757.080078125,3.2873087
7198,1757.32421875,3.4138844
7199,1757.568359375,3.4960935
7200,1757.8125,3.4911454
7201,1758.056640625,3.4914827
7202,1758.30078125,3.4640422
7203,1758.544921875,3.4506593
7204,1758.7890625,3.3767157
7205,1759.033203125,3.2429988
7206,1759.27734375,3.1707423
7207,1759.521484375,3.0606987
7208,1759.765625,2.918266
7209,1760.009765625,2.731411
7210,1760.25390625,2.5710409
7211,1760.498046875,2.4255157
7212,1760.7421875,2.248951
7213,1760.986328125,2.034824
7214,1761.23046875,1.8036591
7215,1761.474609375,1.5243608
7216,1761.71875,1.2698039
7217,1761.962890625,1.027168
7218,1762.20703125,0.7898178
7219,1762.451171875,0.49910456
7220,1762.6953125,0.24713436
7221,1762.939453125,-0.044264887
7222,1763.18359375,-0.31561223
7223,1763.427734375,-0.5942471
7224,1763.671875,-0.9387394
7225,1763.916015625,-1.2122461
7226,1764.16015625,-1.4639801
7227,1764.404296875,-1.6946614
7228,1764.6484375,-1.979774
7229,1764.892578125,-2.175997
7230,1765.13671875,-2.3508973
7231,1765.380859375,-2.5282269
7232,1765.625,-2.6459966
7233,1765.869140625,-2.8018231
7234,1766.11328125,-2.9508123
7235,1766.357421875,-3.0534675
7236,1766.6015625,-3.2127128
7237,1766.845703125,-3.3067307
7238,1767.08984375,-3.4403353
7239,1767.333984375,-3.6096575
7240,1767.578125,-3.6333194
7241,1767.822265625,-3.593553
7242,1768.06640625,-3.6384475
7243,1768.310546875,-3.5858154
7244,1768.5546875,-3.5617938
7245,1768.798828125,-3.4949465
7246,1769.04296875,-3.3967001
7247,1769.287109375,-3.341099
7248,1769.53125,-3.1619704
7249,1769.775390625,-3.0839667
7250,1770.01953125,-2.8839653
7251,1770.263671875,-2.6984487
7252,1770.5078125,-2.5030353
7253,1770.751953125,-2.3495476
7254,1770.99609375,-2.1485562
7255,1771.240234375,-1.888635
7256,1771.484375,-1.6357315
7257,1771.728515625,-1.3695123
7258,1771.97265625,-1.1201175
7259,1772.216796875,-0.83185595
7260,1772.4609375,-0.60504335
7261,1772.705078125,-0.3271283
7262,1772.94921875,-0.079262935
7263,1773.193359375,0.24482891
7264,1773.4375,0.53559834
7265,1773.681640625,0.83463377
7266,1773.92578125,1.1336691
7267,1774.169921875,1.38727
7268,1774.4140625,1.6518922
7269,1774.658203125,1.9082484
7270,1774.90234375,2.0873435
7271,1775.146484375,2.3063624
7272,1775.390625,2.4374363
7273,1775.634765625,2.6076472
7274,1775.87890625,2.7731905
7275,1776.123046875,2.9072447
7276,1776.3671875,3.0139709
7277,1776.611328125,3.0992167
7278,1776.85546875,3.2573376
7279,1777.099609375,3.3805394
7280,1777.34375,3.4795618
7281,1777.587890625,3.5447333
7282,1777.83203125,3.5883121
7283,1778.076171875,3.5656512
7284,1778.3203125,3.5018854
7285,1778.564453125,3.4974432
7286,1778.80859375,3.4612868
7287,1779.052734375,3.317111
7288,1779.296875,3.2411432
7289,1779.541015625,3.1177166
7290,1779.78515625,3.010597
7291,1780.029296875,2.7860112
7292,1780.2734375,2.5903842
7293,1780.517578125,2.4680822
7294,1780.76171875,2.2795966
7295,1781.005859375,2.0191917
7296,1781.25,1.810688
7297,1781.494140625,1.5818849
7298,1781.73828125,1.3105712
7299,1781.982421875,1.0661922
7300,1782.2265625,0.8078679
7301,1782.470703125,0.5273887
7302,1782.71484375,0.26068598
7303,1782.958984375,-0.02375189
7304,1783.203125,-0.31795144
7305,1783.447265625,-0.6045036
7306,1783.69140625,-0.91327816
7307,1783.935546875,-1.2009099
7308,1784.1796875,-1.4589418
7309,1784.423828125,-1.7421651
7310,1784.66796875,-1.965289
7311,1784.912109375,-2.2098255
7312,1785.15625,-2.4176545
7313,1785.400390625,-2.54775
7314,1785.64453125,-2.7720432
7315,1785.888671875,-2.8648918
7316,1786.1328125,-2.9835613
7317,1786.376953125,-3.1064591
7318,1786.62109375,-3.212083
7319,1786.865234375,-3.3913019
7320,1787.109375,-3.4651668
7321,1787.353515625,-3.5999408
7322,1787.59765625,-3.736694
7323,1787.841796875,-3.7159111
7324,1788.0859375,-3.7111428
7325,1788.330078125,-3.6786637
7326,1788.57421875,-3.66094
7327,1788.818359375,-3.5982313
7328,1789.0625,-3.511141
7329,1789.306640625,-3.440515
7330,1789.55078125,-3.327064
7331,1789.794921875,-3.1676383
7332,1790.0390625,-2.9910288
7333,1790.283203125,-2.7870684
7334,1790.52734375,-2.6199954
7335,1790.771484375,-2.4133358
7336,1791.015625,-2.2267396
7337,1791.259765625,-2.0225992
7338,1791.50390625,-1.7122053
7339,1791.748046875,-1.4632604
7340,1791.9921875,-1.223942
7341,1792.236328125,-0.9439576
7342,1792.48046875,-0.6748595
7343,1792.724609375,-0.41457844
7344,1792.96875,-0.11857951
7345,1793.212890625,0.14535663
7346,1793.45703125,0.43680084
7347,1793.701171875,0.820576
7348,1793.9453125,1.0769323
7349,1794.189453125,1.3376745
7350,1794.43359375,1.5683331
7351,1794.677734375,1.8065269
7352,1794.921875,2.0344865
7353,1795.166015625,2.2136378
7354,1795.41015625,2.419555
7355,1795.654296875,2.5887535
7356,1795.8984375,2.7166786
7357,1796.142578125,2.826385
7358,1796.38671875,2.9413767
7359,1796.630859375,3.098542
7360,1796.875,3.1787834
7361,1797.119140625,3.308114
7362,1797.36328125,3.4653354
7363,1797.607421875,3.5373108
7364,1797.8515625,3.5110512
7365,1798.095703125,3.5226908
7366,1798.33984375,3.5086894
7367,1798.583984375,3.4318218
7368,1798.828125,3.382339
7369,1799.072265625,3.35338
7370,1799.31640625,3.272745
7371,1799.560546875,3.120472
7372,1799.8046875,3.0306153
7373,1800.048828125,2.8606293
7374,1800.29296875,2.6353126
7375,1800.537109375,2.4516065
7376,1800.78125,2.3381329
7377,1801.025390625,2.1369953
7378,1801.26953125,1.8814263
7379,1801.513671875,1.6811322
7380,1801.7578125,1.435741
7381,1802.001953125,1.14216
7382,1802.24609375,0.90087366
7383,1802.490234375,0.6698213
7384,1802.734375,0.38619313
7385,1802.978515625,0.14946146
7386,1803.22265625,-0.16995198
7387,1803.466796875,-0.48934287
7388,1803.7109375,-0.8037855
7389,1803.955078125,-1.0508412
7390,1804.19921875,-1.3692424
7391,1804.443359375,-1.6111698
7392,1804.6875,-1.8125211
7393,1804.931640625,-2.0394237
7394,1805.17578125,-2.2632673
7395,1805.419921875,-2.477034
7396,1805.6640625,-2.5840976
7397,1805.908203125,-2.7171621
7398,1806.15234375,-2.922382
7399,1806.396484375,-3.0257568
7400,1806.640625,-3.1470354
7401,1806.884765625,-3.2619262
7402,1807.12890625,-3.3875234
7403,1807.373046875,-3.5219374
7404,1807.6171875,-3.6361983
7405,1807.861328125,-3.6783938
7406,1808.10546875,-3.6913495
7407,1808.349609375,-3.6558115
7408,1808.59375,-3.6275613
7409,1808.837890625,-3.60138
7410,1809.08203125,-3.5214875
7411,1809.326171875,-3.3988595
7412,1809.5703125,-3.3559442
7413,1809.814453125,-3.229987
7414,1810.05859375,-3.0504084
7415,1810.302734375,-2.843839
7416,1810.546875,-2.6892717
7417,1810.791015625,-2.4947581
7418,1811.03515625,-2.2832403
7419,1811.279296875,-2.073432
7420,1811.5234375,-1.8028944
7421,1811.767578125,-1.5678947
7422,1812.01171875,-1.309233
7423,1812.255859375,-1.0225909
7424,1812.5,-0.79631805
7425,1812.744140625,-0.5211921
7426,1812.98828125,-0.21961501
7427,1813.232421875,0.026990782
7428,1813.4765625,0.32726324
7429,1813.720703125,0.63743234
7430,1813.96484375,0.9460832
7431,1814.208984375,1.203564
7432,1814.453125,1.4682987
7433,1814.697265625,1.6831002
7434,1814.94140625,1.9315841
7435,1815.185546875,2.1641545
7436,1815.4296875,2.2888746
7437,1815.673828125,2.4523938
7438,1815.91796875,2.6270466
7439,1816.162109375,2.715048
7440,1816.40625,2.8262162
7441,1816.650390625,3.0053113
7442,1816.89453125,3.0857775
7443,1817.138671875,3.2481158
7444,1817.3828125,3.3491626
7445,1817.626953125,3.4683158
7446,1817.87109375,3.5011544
7447,1818.115234375,3.4792244
7448,1818.359375,3.490808
7449,1818.603515625,3.430641
7450,1818.84765625,3.4052808
7451,1819.091796875,3.3082266
7452,1819.3359375,3.2658846
7453,1819.580078125,3.1489248
7454,1819.82421875,2.9892292
7455,1820.068359375,2.8817723
7456,1820.3125,2.6964355
7457,1820.556640625,2.5432627
7458,1820.80078125,2.343306
7459,1821.044921875,2.1770318
7460,1821.2890625,1.9560446
7461,1821.533203125,1.712003
7462,1821.77734375,1.5008
7463,1822.021484375,1.2582766
7464,1822.265625,1.0194082
7465,1822.509765625,0.7304943
7466,1822.75390625,0.47172016
7467,1822.998046875,0.21913143
7468,1823.2421875,-0.08394134
7469,1823.486328125,-0.32703835
7470,1823.73046875,-0.66496295
7471,1823.974609375,-0.93271154
7472,1824.21875,-1.2234023
7473,1824.462890625,-1.508425
7474,1824.70703125,-1.72768
7475,1824.951171875,-1.950624
7476,1825.1953125,-2.1167073
7477,1825.439453125,-2.3702407
7478,1825.68359375,-2.5505393
7479,1825.927734375,-2.6420379
7480,1826.171875,-2.808391
7481,1826.416015625,-2.942805
7482,1826.66015625,-3.083427
7483,1826.904296875,-3.1526134
7484,1827.1484375,-3.2900865
7485,1827.392578125,-3.466876
7486,1827.63671875,-3.5742993
7487,1827.880859375,-3.6092074
7488,1828.125,-3.6229727
7489,1828.369140625,-3.6221633
7490,1828.61328125,-3.570071
7491,1828.857421875,-3.5474887
7492,1829.1015625,-3.4787521
7493,1829.345703125,-3.4400654
7494,1829.58984375,-3.3042116
7495,1829.833984375,-3.2033563
7496,1830.078125,-3.0384424
7497,1830.322265625,-2.887744
7498,1830.56640625,-2.6692085
7499,1830.810546875,-2.4877405
7500,1831.0546875,-2.2881887
7501,1831.298828125,-2.0392437
7502,1831.54296875,-1.806853
7503,1831.787109375,-1.5983043
7504,1832.03125,-1.3604255
7505,1832.275390625,-1.0933967
7506,1832.51953125,-0.860916
7507,1832.763671875,-0.5674362
7508,1833.0078125,-0.2896111
7509,1833.251953125,0.011471083
7510,1833.49609375,0.2683896
7511,1833.740234375,0.5836757
7512,1833.984375,0.87309563
7513,1834.228515625,1.1450278
7514,1834.47265625,1.4162289
7515,1834.716796875,1.6607766
7516,1834.9609375,1.8543793
7517,1835.205078125,2.1142218
7518,1835.44921875,2.238267
7519,1835.693359375,2.40083
7520,1835.9375,2.564799
7521,1836.181640625,2.7001467
7522,1836.42578125,2.822224
7523,1836.669921875,2.9563904
7524,1836.9140625,3.0789738
7525,1837.158203125,3.1870492
7526,1837.40234375,3.3072708
7527,1837.646484375,3.4010637
7528,1837.890625,3.5128505
7529,1838.134765625,3.501548
7530,1838.37890625,3.4356456
7531,1838.623046875,3.403594
7532,1838.8671875,3.391167
7533,1839.111328125,3.335161
7534,1839.35546875,3.2380505
7535,1839.599609375,3.1504993
7536,1839.84375,3.0696955
7537,1840.087890625,2.9154544
7538,1840.33203125,2.7209523
7539,1840.576171875,2.5850422
7540,1840.8203125,2.3954322
7541,1841.064453125,2.1859162
7542,1841.30859375,1.9950687
7543,1841.552734375,1.7639039
7544,1841.796875,1.5173318
7545,1842.041015625,1.2954452
7546,1842.28515625,1.0443746
7547,1842.529296875,0.7755352
7548,1842.7734375,0.50180364
7549,1843.017578125,0.24893375
7550,1843.26171875,-0.04759375
7551,1843.505859375,-0.27188715
7552,1843.75,-0.6008148
7553,1843.994140625,-0.91120887
7554,1844.23828125,-1.232759
7555,1844.482421875,-1.4341103
7556,1844.7265625,-1.7318187
7557,1844.970703125,-1.96223
7558,1845.21484375,-2.1593525
7559,1845.458984375,-2.3015943
7560,1845.703125,-2.512752
7561,1845.947265625,-2.6728075
7562,1846.19140625,-2.7778914
7563,1846.435546875,-2.9325485
7564,1846.6796875,-3.0612946
7565,1846.923828125,-3.1924698
7566,1847.16796875,-3.3139284
7567,1847.412109375,-3.4600384
7568,1847.65625,-3.5979614
7569,1847.900390625,-3.6379976
7570,1848.14453125,-3.663549
7571,1848.388671875,-3.634129
7572,1848.6328125,-3.6175747
7573,1848.876953125,-3.57304
7574,1849.12109375,-3.508352
7575,1849.365234375,-3.4393456
7576,1849.609375,-3.3407393
7577,1849.853515625,-3.2281876
7578,1850.09765625,-3.077579
7579,1850.341796875,-2.9240916
7580,1850.5859375,-2.7303877
7581,1850.830078125,-2.5390232
7582,1851.07421875,-2.3289447
7583,1851.318359375,-2.13767
7584,1851.5625,-1.8970022
7585,1851.806640625,-1.6584936
7586,1852.05078125,-1.3955134
7587,1852.294921875,-1.1123801
7588,1852.5390625,-0.8939347
7589,1852.783203125,-0.63221407
7590,1853.02734375,-0.38497856
7591,1853.271484375,-0.12055883
7592,1853.515625,0.16683678
7593,1853.759765625,0.45963055
7594,1854.00390625,0.79999554
7595,1854.248046875,1.0863228
7596,1854.4921875,1.3526318
7597,1854.736328125,1.5906568
7598,1854.98046875,1.7987108
7599,1855.224609375,1.999005
7600,1855.46875,2.242653
7601,1855.712890625,2.40904
7602,1855.95703125,2.4812403
7603,1856.201171875,2.649033
7604,1856.4453125,2.767455
7605,1856.689453125,2.9020154
7606,1856.93359375,3.0102034
7607,1857.177734375,3.1493185
7608,1857.421875,3.2772996
7609,1857.666015625,3.3754225
7610,1857.91015625,3.4185514
7611,1858.154296875,3.462074
7612,1858.3984375,3.446948
7613,1858.642578125,3.3964527
7614,1858.88671875,3.409386
7615,1859.130859375,3.3593402
7616,1859.375,3.2341144
7617,1859.619140625,3.16675
7618,1859.86328125,3.079536
7619,1860.107421875,2.9636443
7620,1860.3515625,2.773303
7621,1860.595703125,2.5829055
7622,1860.83984375,2.430745
7623,1861.083984375,2.2822957
7624,1861.328125,2.039435
7625,1861.572265625,1.8189539
7626,1861.81640625,1.6074136
7627,1862.060546875,1.3124831
7628,1862.3046875,1.0291923
7629,1862.548828125,0.7961719
7630,1862.79296875,0.56152076
7631,1863.037109375,0.32231495
7632,1863.28125,0.08226565
7633,1863.525390625,-0.21952504
7634,1863.76953125,-0.53279805
7635,1864.013671875,-0.8546182
7636,1864.2578125,-1.1394609
7637,1864.501953125,-1.399832
7638,1864.74609375,-1.6562444
7639,1864.990234375,-1.9249828
7640,1865.234375,-2.132542
7641,1865.478515625,-2.2853997
7642,1865.72265625,-2.485941
7643,1865.966796875,-2.6226046
7644,1866.2109375,-2.8003838
7645,1866.455078125,-2.9035785
7646,1866.69921875,-3.0038042
7647,1866.943359375,-3.1886911
7648,1867.1875,-3.2912562
7649,1867.431640625,-3.4214418
7650,1867.67578125,-3.552257
7651,1867.919921875,-3.642946
7652,1868.1640625,-3.6045294
7653,1868.408203125,-3.6165853
7654,1868.65234375,-3.6209035
7655,1868.896484375,-3.6027298
7656,1869.140625,-3.5532467
7657,1869.384765625,-3.4659765
7658,1869.62890625,-3.3759172
7659,1869.873046875,-3.2334058
7660,1870.1171875,-3.1174355
7661,1870.361328125,-2.9686263
7662,1870.60546875,-2.793456
7663,1870.849609375,-2.553508
7664,1871.09375,-2.377618
7665,1871.337890625,-2.201728
7666,1871.58203125,-1.979774
7667,1871.826171875,-1.6928619
7668,1872.0703125,-1.4593017
7669,1872.314453125,-1.203699
7670,1872.55859375,-0.945937
7671,1872.802734375,-0.6902443
7672,1873.046875,-0.45173573
7673,1873.291015625,-0.15096846
7674,1873.53515625,0.10768198
7675,1873.779296875,0.45766246
7676,1874.0234375,0.70654
7677,1874.267578125,0.99281096
7678,1874.51171875,1.2490548
7679,1874.755859375,1.507604
7680,1875.0,1.7647474
7681,1875.244140625,1.9222498
7682,1875.48828125,2.139582
7683,1875.732421875,2.3404384
7684,1875.9765625,2.5069375
7685,1876.220703125,2.6297457
7686,1876.46484375,2.739677
7687,1876.708984375,2.9049392
7688,1876.953125,3.0434358
7689,1877.197265625,3.1254203
7690,1877.44140625,3.2673469
7691,1877.685546875,3.3886366
7692,1877.9296875,3.463255
7693,1878.173828125,3.4765253
7694,1878.41796875,3.4630861
7695,1878.662109375,3.4831042
7696,1878.90625,3.4377823
7697,1879.150390625,3.408261
7698,1879.39453125,3.3683937
7699,1879.638671875,3.255426
7700,1879.8828125,3.0906696
7701,1880.126953125,3.0209997
7702,1880.37109375,2.8787358
7703,1880.615234375,2.6389115
7704,1880.859375,2.4535747
7705,1881.103515625,2.340888
7706,1881.34765625,2.1128724
7707,1881.591796875,1.919326
7708,1881.8359375,1.6304682
7709,1882.080078125,1.4198838
7710,1882.32421875,1.1615596
7711,1882.568359375,0.8783813
7712,1882.8125,0.60183823
7713,1883.056640625,0.36471295
7714,1883.30078125,0.10149659
7715,1883.544921875,-0.16185473
7716,1883.7890625,-0.4688299
7717,1884.033203125,-0.78174305
7718,1884.27734375,-1.0729736
7719,1884.521484375,-1.3606054
7720,1884.765625,-1.6135089
7721,1885.009765625,-1.8195387
7722,1885.25390625,-2.0235891
7723,1885.498046875,-2.2503116
7724,1885.7421875,-2.4322293
7725,1885.986328125,-2.5720417
7726,1886.23046875,-2.7222903
7727,1886.474609375,-2.857964
7728,1886.71875,-2.95747
7729,1886.962890625,-3.1046598
7730,1887.20703125,-3.2469912
7731,1887.451171875,-3.3831148
7732,1887.6953125,-3.450052
7733,1887.939453125,-3.5680916
7734,1888.18359375,-3.637728
7735,1888.427734375,-3.6528425
7736,1888.671875,-3.5735798
7737,1888.916015625,-3.598951
7738,1889.16015625,-3.5191483
7739,1889.404296875,-3.4661562
7740,1889.6484375,-3.3541446
7741,1889.892578125,-3.2606666
7742,1890.13671875,-3.1642194
7743,1890.380859375,-2.9571102
7744,1890.625,-2.7776215
7745,1890.869140625,-2.6486056
7746,1891.11328125,-2.4167547
7747,1891.357421875,-2.2232308
7748,1891.6015625,-2.0491402
7749,1891.845703125,-1.7851704
7750,1892.08984375,-1.5191312
7751,1892.333984375,-1.2576805
7752,1892.578125,-1.0070261
7753,1892.822265625,-0.7725662
7754,1893.06640625,-0.5117453
7755,1893.310546875,-0.20333056
7756,1893.5546875,0.052856952
7757,1893.798828125,0.314049
7758,1894.04296875,0.65587604
7759,1894.287109375,0.9560361
7760,1894.53125,1.1687572
7761,1894.775390625,1.4390585
7762,1895.01953125,1.6701672
7763,1895.263671875,1.8901982
7764,1895.5078125,2.0912797
7765,1895.751953125,2.2486696
7766,1895.99609375,2.4579606
7767,1896.240234375,2.6163068
7768,1896.484375,2.7341664
7769,1896.728515625,2.833976
7770,1896.97265625,3.0019374
7771,1897.216796875,3.0996664
7772,1897.4609375,3.2120156
7773,1897.705078125,3.3453953
7774,1897.94921875,3.4588127
7775,1898.193359375,3.524659
7776,1898.4375,3.4676971
7777,1898.681640625,3.4753444
7778,1898.92578125,3.446217
7779,1899.169921875,3.3980272
7780,1899.4140625,3.3469696
7781,1899.658203125,3.2887707
7782,1899.90234375,3.177265
7783,1900.146484375,3.0406241
7784,1900.390625,2.9012842
7785,1900.634765625,2.707738
7786,1900.87890625,2.5176215
7787,1901.123046875,2.3233442
7788,1901.3671875,2.2049782
7789,1901.611328125,1.9757254
7790,1901.85546875,1.7318524
7791,1902.099609375,1.4477181
7792,1902.34375,1.2516975
7793,1902.587890625,0.97869706
7794,1902.83203125,0.7199229
7795,1903.076171875,0.44427955
7796,1903.3203125,0.14951769
7797,1903.564453125,-0.09392793
7798,1903.80859375,-0.38668796
7799,1904.052734375,-0.7489043
7800,1904.296875,-0.9825545
7801,1904.541015625,-1.2644281
7802,1904.78515625,-1.560877
7803,1905.029296875,-1.7876896
7804,1905.2734375,-1.9917397
7805,1905.517578125,-2.2200818
7806,1905.76171875,-2.4077578
7807,1906.005859375,-2.5646644
7808,1906.25,-2.727059
7809,1906.494140625,-2.8441088
7810,1906.73828125,-2.9772635
7811,1906.982421875,-3.092964
7812,1907.2265625,-3.2012868
7813,1907.470703125,-3.3634114
7814,1907.71484375,-3.5264359
7815,1907.958984375,-3.5654826
7816,1908.203125,-3.6486142
7817,1908.447265625,-3.6481643
7818,1908.69140625,-3.6295407
7819,1908.935546875,-3.584106
7820,1909.1796875,-3.5685415
7821,1909.423828125,-3.5324638
7822,1909.66796875,-3.3898625
7823,1909.912109375,-3.288557
7824,1910.15625,-3.2079446
7825,1910.400390625,-3.0446503
7826,1910.64453125,-2.867141
7827,1910.888671875,-2.6656098
7828,1911.1328125,-2.497637
7829,1911.376953125,-2.272984
7830,1911.62109375,-2.0552583
7831,1911.865234375,-1.8157599
7832,1912.109375,-1.613239
7833,1912.353515625,-1.3376632
7834,1912.59765625,-1.0799912
7835,1912.841796875,-0.8429222
7836,1913.0859375,-0.5585293
7837,1913.330078125,-0.30031744
7838,1913.57421875,-0.0038686788
7839,1913.818359375,0.291388
7840,1914.0625,0.5855313
7841,1914.306640625,0.8984557
7842,1914.55078125,1.1714562
7843,1914.794921875,1.4144857
7844,1915.0390625,1.6676369
7845,1915.283203125,1.8746786
7846,1915.52734375,2.110398
7847,1915.771484375,2.2756603
7848,1916.015625,2.4599288
7849,1916.259765625,2.5877414
7850,1916.50390625,2.7047577
7851,1916.748046875,2.8484273
7852,1916.9921875,2.9662309
7853,1917.236328125,3.1178854
7854,1917.48046875,3.236701
7855,1917.724609375,3.31638
7856,1917.96875,3.4685407
7857,1918.212890625,3.5189235
7858,1918.45703125,3.4919326
7859,1918.701171875,3.4753444
7860,1918.9453125,3.4874904
7861,1919.189453125,3.452571
7862,1919.43359375,3.3863873
7863,1919.677734375,3.295912
7864,1919.921875,3.2050993
7865,1920.166015625,3.083022
7866,1920.41015625,2.8930182
7867,1920.654296875,2.7680736
7868,1920.8984375,2.599381
7869,1921.142578125,2.4394045
7870,1921.38671875,2.214931
7871,1921.630859375,1.9951813
7872,1921.875,1.7634541
7873,1922.119140625,1.4815129
7874,1922.36328125,1.2276307
7875,1922.607421875,1.0189583
7876,1922.8515625,0.7369046
7877,1923.095703125,0.46649072
7878,1923.33984375,0.19613303
7879,1923.583984375,-0.04867338
7880,1923.828125,-0.3699537
7881,1924.072265625,-0.69654214
7882,1924.31640625,-0.99515015
7883,1924.560546875,-1.3284864
7884,1924.8046875,-1.5414436
7885,1925.048828125,-1.8017247
7886,1925.29296875,-2.035735
7887,1925.537109375,-2.2392454
7888,1925.78125,-2.3869748
7889,1926.025390625,-2.6013718
7890,1926.26953125,-2.7948058
7891,1926.513671875,-2.8710098
7892,1926.7578125,-3.0256667
7893,1927.001953125,-3.1708772
7894,1927.24609375,-3.262376
7895,1927.490234375,-3.382575
7896,1927.734375,-3.5161793
7897,1927.978515625,-3.6510432
7898,1928.22265625,-3.6855016
7899,1928.466796875,-3.6929688
7900,1928.7109375,-3.7291367
7901,1928.955078125,-3.6599503
7902,1929.19921875,-3.6445656
7903,1929.443359375,-3.587705
7904,1929.6875,-3.5177987
7905,1929.931640625,-3.356214
7906,1930.17578125,-3.2112734
7907,1930.419921875,-3.1050198
7908,1930.6640625,-2.9275105
7909,1930.908203125,-2.7438831
7910,1931.15234375,-2.5388432
7911,1931.396484375,-2.3535063
7912,1931.640625,-2.0817993
7913,1931.884765625,-1.8726206
7914,1932.12890625,-1.6378007
7915,1932.373046875,-1.3950636
7916,1932.6171875,-1.1528662
7917,1932.861328125,-0.8928551
7918,1933.10546875,-0.6080124
7919,1933.349609375,-0.3467416
7920,1933.59375,-0.088169895
7921,1933.837890625,0.21553265
7922,1934.08203125,0.5215407
7923,1934.326171875,0.84638596
7924,1934.5703125,1.0889657
7925,1934.814453125,1.4309614
7926,1935.05859375,1.6491369
7927,1935.302734375,1.8624203
7928,1935.546875,2.1026945
7929,1935.791015625,2.2857819
7930,1936.03515625,2.4211857
7931,1936.279296875,2.557208
7932,1936.5234375,2.742432
7933,1936.767578125,2.861529
7934,1937.01171875,2.9807384
7935,1937.255859375,3.10006
7936,1937.5,3.2631857
7937,1937.744140625,3.3681126
7938,1937.98828125,3.4543705
7939,1938.232421875,3.5199356
7940,1938.4765625,3.541753
7941,1938.720703125,3.5745356
7942,1938.96484375,3.493732
7943,1939.208984375,3.506159
7944,1939.453125,3.4336214
7945,1939.697265625,3.3549545
7946,1939.94140625,3.249859
7947,1940.185546875,3.1504993
7948,1940.4296875,3.019875
7949,1940.673828125,2.8148577
7950,1940.91796875,2.6194556
7951,1941.162109375,2.4892812
7952,1941.40625,2.2946665
7953,1941.650390625,2.0596778
7954,1941.89453125,1.8210906
7955,1942.138671875,1.5727192
7956,1942.3828125,1.3367186
7957,1942.626953125,1.0687789
7958,1942.87109375,0.808374
7959,1943.115234375,0.5792897
7960,1943.359375,0.27103245
7961,1943.603515625,0.012145853
7962,1943.84765625,-0.30265665
7963,1944.091796875,-0.57904226
7964,1944.3359375,-0.866764
7965,1944.580078125,-1.1901135
7966,1944.82421875,-1.4839532
7967,1945.068359375,-1.724891
7968,1945.3125,-1.9486445
7969,1945.556640625,-2.2005584
7970,1945.80078125,-2.3598042
7971,1946.044921875,-2.5319154
7972,1946.2890625,-2.7686245
7973,1946.533203125,-2.8495069
7974,1946.77734375,-2.963858
7975,1947.021484375,-3.0884652
7976,1947.265625,-3.207315
7977,1947.509765625,-3.3512657
7978,1947.75390625,-3.440965
7979,1947.998046875,-3.6021001
7980,1948.2421875,-3.6828024
7981,1948.486328125,-3.6907198
7982,1948.73046875,-3.652033
7983,1948.974609375,-3.6849618
7984,1949.21875,-3.6438458
7985,1949.462890625,-3.586895
7986,1949.70703125,-3.4679558
7987,1949.951171875,-3.4369164
7988,1950.1953125,-3.335251
7989,1950.439453125,-3.1786146
7990,1950.68359375,-3.001645
7991,1950.927734375,-2.7871583
7992,1951.171875,-2.6011918
7993,1951.416015625,-2.4031694
7994,1951.66015625,-2.202178
7995,1951.904296875,-1.988051
7996,1952.1484375,-1.7331681
7997,1952.392578125,-1.484673
7998,1952.63671875,-1.2573206
7999,1952.880859375,-0.96698976
8000,1953.125,-0.67351
8001,1953.369140625,-0.4563242
8002,1953.61328125,-0.17085166
8003,1953.857421875,0.10869413
8004,1954.1015625,0.41891944
8005,1954.345703125,0.73364323
8006,1954.58984375,0.9939356
8007,1954.833984375,1.2853236
8008,1955.078125,1.5280157
8009,1955.322265625,1.7700331
8010,1955.56640625,1.982979
8011,1955.810546875,2.1931698
8012,1956.0546875,2.3794625
8013,1956.298828125,2.5614254
8014,1956.54296875,2.6308703
8015,1956.787109375,2.7880356
8016,1957.03125,2.9253511
8017,1957.275390625,3.0678961
8018,1957.51953125,3.181145
8019,1957.763671875,3.336567
8020,1958.0078125,3.4807427
8021,1958.251953125,3.5180237
8022,1958.49609375,3.5211163
8023,1958.740234375,3.5572727
8024,1958.984375,3.514931
8025,1959.228515625,3.4657853
8026,1959.47265625,3.4806302
8027,1959.716796875,3.404325
8028,1959.9609375,3.3094637
8029,1960.205078125,3.146563
8030,1960.44921875,3.0600803
8031,1960.693359375,2.909044
8032,1960.9375,2.67175
8033,1961.181640625,2.508456
8034,1961.42578125,2.3877847
8035,1961.669921875,2.1531334
8036,1961.9140625,1.9449673
8037,1962.158203125,1.6742158
8038,1962.40234375,1.4365282
8039,1962.646484375,1.1814091
8040,1962.890625,0.9057657
8041,1963.134765625,0.69192
8042,1963.37890625,0.40649244
8043,1963.623046875,0.1234266
8044,1963.8671875,-0.13936241
8045,1964.111328125,-0.4428288
8046,1964.35546875,-0.7605103
8047,1964.599609375,-1.0342869
8048,1964.84375,-1.3443209
8049,1965.087890625,-1.5933559
8050,1965.33203125,-1.8280858
8051,1965.576171875,-2.0527391
8052,1965.8203125,-2.2891781
8053,1966.064453125,-2.4310598
8054,1966.30859375,-2.5427117
8055,1966.552734375,-2.7520702
8056,1966.796875,-2.8684006
8057,1967.041015625,-2.9659274
8058,1967.28515625,-3.0803683
8059,1967.529296875,-3.2492404
8060,1967.7734375,-3.4052472
8061,1968.017578125,-3.4797418
8062,1968.26171875,-3.570701
8063,1968.505859375,-3.63197
8064,1968.75,-3.5899541
8065,1968.994140625,-3.5833864
8066,1969.23828125,-3.5798776
8067,1969.482421875,-3.5725002
8068,1969.7265625,-3.4893684
8069,1969.970703125,-3.3742077
8070,1970.21484375,-3.3223855
8071,1970.458984375,-3.1836529
8072,1970.703125,-2.975644
8073,1970.947265625,-2.8103704
8074,1971.19140625,-2.647436
8075,1971.435546875,-2.4737954
8076,1971.6796875,-2.2678556
8077,1971.923828125,-2.0610163
8078,1972.16796875,-1.7768933
8079,1972.412109375,-1.5360454
8080,1972.65625,-1.2751346
8081,1972.900390625,-1.0294285
8082,1973.14453125,-0.81728095
8083,1973.388671875,-0.5173234
8084,1973.6328125,-0.2702677
8085,1973.876953125,0.022942167
8086,1974.12109375,0.2688957
8087,1974.365234375,0.6173017
8088,1974.609375,0.87635696
8089,1974.853515625,1.1850641
8090,1975.09765625,1.4005967
8091,1975.341796875,1.6708982
8092,1975.5859375,1.8952591
8093,1975.830078125,2.07531
8094,1976.07421875,2.2492318
8095,1976.318359375,2.4371552
8096,1976.5625,2.561369
8097,1976.806640625,2.6884508
8098,1977.05078125,2.8289154
8099,1977.294921875,2.9837186
8100,1977.5390625,3.0940435
8101,1977.783203125,3.2156706
8102,1978.02734375,3.3216658
8103,1978.271484375,3.4760756
8104,1978.515625,3.4702275
8105,1978.759765625,3.4518402
8106,1979.00390625,3.4791121
8107,1979.248046875,3.4594874
8108,1979.4921875,3.3890302
8109,1979.736328125,3.3528738
8110,1979.98046875,3.2833164
8111,1980.224609375,3.1610143
8112,1980.46875,3.0414677
8113,1980.712890625,2.8981354
8114,1980.95703125,2.736022
8115,1981.201171875,2.5456245
8116,1981.4453125,2.3868287
8117,1981.689453125,2.1819236
8118,1981.93359375,1.9450233
8119,1982.177734375,1.7437171
8120,1982.421875,1.4906784
8121,1982.666015625,1.2313982
8122,1982.91015625,0.9840952
8123,1983.154296875,0.7210475
8124,1983.3984375,0.43258354
8125,1983.642578125,0.20057526
8126,1983.88671875,-0.10400449
8127,1984.130859375,-0.36743453
8128,1984.375,-0.70733845
8129,1984.619140625,-0.9832742
8130,1984.86328125,-1.241576
8131,1985.107421875,-1.528578
8132,1985.3515625,-1.7466636
8133,1985.595703125,-1.9911101
8134,1985.83984375,-2.154854
8135,1986.083984375,-2.3915632
8136,1986.328125,-2.5419922
8137,1986.572265625,-2.6881921
8138,1986.81640625,-2.8235059
8139,1987.060546875,-3.0008354
8140,1987.3046875,-3.095843
8141,1987.548828125,-3.1959789
8142,1987.79296875,-3.346857
8143,1988.037109375,-3.4601285
8144,1988.28125,-3.5478487
8145,1988.525390625,-3.6241424
8146,1988.76953125,-3.6192842
8147,1989.013671875,-3.6002107
8148,1989.2578125,-3.549108
8149,1989.501953125,-3.54308
8150,1989.74609375,-3.4680457
8151,1989.990234375,-3.3747475
8152,1990.234375,-3.268674
8153,1990.478515625,-3.2005672
8154,1990.72265625,-3.0323246
8155,1990.966796875,-2.8379908
8156,1991.2109375,-2.6425776
8157,1991.455078125,-2.4944882
8158,1991.69921875,-2.2826107
8159,1991.943359375,-2.0903463
8160,1992.1875,-1.8781987
8161,1992.431640625,-1.6160282
8162,1992.67578125,-1.3344244
8163,1992.919921875,-1.1119304
8164,1993.1640625,-0.8688333
8165,1993.408203125,-0.5883091
8166,1993.65234375,-0.31876114
8167,1993.896484375,-0.034548204
8168,1994.140625,0.22109951
8169,1994.384765625,0.5312686
8170,1994.62890625,0.84683585
8171,1994.873046875,1.1293395
8172,1995.1171875,1.3630346
8173,1995.361328125,1.6039274
8174,1995.60546875,1.8027031
8175,1995.849609375,2.0145807
8176,1996.09375,2.1739953
8177,1996.337890625,2.3568578
8178,1996.58203125,2.5578828
8179,1996.826171875,2.6926117
8180,1997.0703125,2.7641373
8181,1997.314453125,2.908032
8182,1997.55859375,3.0969675
8183,1997.802734375,3.2289975
8184,1998.046875,3.3116567
8185,1998.291015625,3.4089923
8186,1998.53515625,3.4868157
8187,1998.779296875,3.5071151
8188,1999.0234375,3.465448
8189,1999.267578125,3.4655604
8190,1999.51171875,3.4112415
8191,1999.755859375,3.338535
8192,2000.0,3.2956872
8193,2000.244140625,3.1998699
8194,2000.48828125,3.0648596
8195,2000.732421875,2.9206276
8196,2000.9765625,2.7668364
8197,2001.220703125,2.5814996
8198,2001.46484375,2.4099395
8199,2001.708984375,2.2039661
8200,2001.953125,2.0366795
8201,2002.197265625,1.7822914
8202,2002.44140625,1.5288029
8203,2002.685546875,1.3066913
8204,2002.9296875,1.0120419
8205,2003.173828125,0.7444958
8206,2003.41796875,0.50051033
8207,2003.662109375,0.2744063
8208,2003.90625,-0.040756084
8209,2004.150390625,-0.3406237
8210,2004.39453125,-0.6536268
8211,2004.638671875,-0.9364902
8212,2004.8828125,-1.2159348
8213,2005.126953125,-1.4893514
8214,2005.37109375,-1.7313688
8215,2005.615234375,-1.9673584
8216,2005.859375,-2.1132884
8217,2006.103515625,-2.3419902
8218,2006.34765625,-2.4941282
8219,2006.591796875,-2.6612012
8220,2006.8359375,-2.7509005
8221,2007.080078125,-2.8743386
8222,2007.32421875,-3.0489688
8223,2007.568359375,-3.1589112
8224,2007.8125,-3.2632756
8225,2008.056640625,-3.4379961
8226,2008.30078125,-3.5616138
8227,2008.544921875,-3.5680916
8228,2008.7890625,-3.60219
8229,2009.033203125,-3.5967019
8230,2009.27734375,-3.584466
8231,2009.521484375,-3.5431702
8232,2009.765625,-3.4893684
8233,2010.009765625,-3.438356
8234,2010.25390625,-3.3087103
8235,2010.498046875,-3.186172
8236,2010.7421875,-3.0617445
8237,2010.986328125,-2.8833354
8238,2011.23046875,-2.6809945
8239,2011.474609375,-2.5174303
8240,2011.71875,-2.3613336
8241,2011.962890625,-2.146757
8242,2012.20703125,-1.9042897
8243,2012.451171875,-1.6865641
8244,2012.6953125,-1.4639801
8245,2012.939453125,-1.1710402
8246,2013.18359375,-0.91327816
8247,2013.427734375,-0.66676235
8248,2013.671875,-0.40702102
8249,2013.916015625,-0.14314112
8250,2014.16015625,0.13461654
8251,2014.404296875,0.4917946
8252,2014.6484375,0.79909587
8253,2014.892578125,1.0115921
8254,2015.13671875,1.3060166
8255,2015.380859375,1.5842465
8256,2015.625,1.7735194
8257,2015.869140625,2.0448895
8258,2016.11328125,2.1935072
8259,2016.357421875,2.3726022
8260,2016.6015625,2.509918
8261,2016.845703125,2.6802409
8262,2017.08984375,2.7831435
8263,2017.333984375,2.9179287
8264,2017.578125,3.0388248
8265,2017.822265625,3.17316
8266,2018.06640625,3.3266704
8267,2018.310546875,3.4465544
8268,2018.5546875,3.5228033
8269,2018.798828125,3.510545
8270,2019.04296875,3.4628613
8271,2019.287109375,3.4520087
8272,2019.53125,3.445711
8273,2019.775390625,3.4098356
8274,2020.01953125,3.3179545
8275,2020.263671875,3.185812
8276,2020.5078125,3.0889266
8277,2020.751953125,2.9705045
8278,2020.99609375,2.7662177
8279,2021.240234375,2.6223233
8280,2021.484375,2.4444654
8281,2021.728515625,2.2548552
8282,2021.97265625,2.037298
8283,2022.216796875,1.8871619
8284,2022.4609375,1.5868894
8285,2022.705078125,1.3374496
8286,2022.94921875,1.0961632
8287,2023.193359375,0.8453738
8288,2023.4375,0.5867122
8289,2023.681640625,0.30814478
8290,2023.92578125,0.033513557
8291,2024.169921875,-0.28565246
8292,2024.4140625,-0.5558302
8293,2024.658203125,-0.8528188
8294,2024.90234375,-1.1615933
8295,2025.146484375,-1.4486853
8296,2025.390625,-1.6938517
8297,2025.634765625,-1.9114872
8298,2025.87890625,-2.161422
8299,2026.123046875,-2.3012342
8300,2026.3671875,-2.4879205
8301,2026.611328125,-2.6830637
8302,2026.85546875,-2.7562988
8303,2027.099609375,-2.8746083
8304,2027.34375,-3.0334044
8305,2027.587890625,-3.1651192
8306,2027.83203125,-3.2824392
8307,2028.076171875,-3.405697
8308,2028.3203125,-3.5388515
8309,2028.564453125,-3.6454651
8310,2028.80859375,-3.6053388
8311,2029.052734375,-3.6065085
8312,2029.296875,-3.5863552
8313,2029.541015625,-3.584016
8314,2029.78515625,-3.5035837
8315,2030.029296875,-3.4392555
8316,2030.2734375,-3.3722286
8317,2030.517578125,-3.1897707
8318,2030.76171875,-3.0856762
8319,2031.005859375,-2.9732149
8320,2031.25,-2.7370455
8321,2031.494140625,-2.5526984
8322,2031.73828125,-2.3407307
8323,2031.982421875,-2.1694293
8324,2032.2265625,-1.8782886
8325,2032.470703125,-1.7032983
8326,2032.71484375,-1.4454465
8327,2032.958984375,-1.1863348
8328,2033.203125,-0.9570932
8329,2033.447265625,-0.6406712
8330,2033.69140625,-0.4395899
8331,2033.935546875,-0.13369435
8332,2034.1796875,0.13011807
8333,2034.423828125,0.43044677
8334,2034.66796875,0.7175612
8335,2034.912109375,0.9887062
8336,2035.15625,1.2975819
8337,2035.400390625,1.5361692
8338,2035.64453125,1.7838659
8339,2035.888671875,1.9681342
8340,2036.1328125,2.1747825
8341,2036.376953125,2.3238502
8342,2036.62109375,2.4476142
8343,2036.865234375,2.6116395
8344,2037.109375,2.7504172
8345,2037.353515625,2.8746872
8346,2037.59765625,3.009641
8347,2037.841796875,3.1501057
8348,2038.0859375,3.257619
8349,2038.330078125,3.4160774
8350,2038.57421875,3.4897397
8351,2038.818359375,3.5183048
8352,2039.0625,3.5739734
8353,2039.306640625,3.4795058
8354,2039.55078125,3.4715207
8355,2039.794921875,3.4217002
8356,2040.0390625,3.333643
8357,2040.283203125,3.2129154
8358,2040.52734375,3.152411
8359,2040.771484375,3.057381
8360,2041.015625,2.8594484
8361,2041.259765625,2.6574676
8362,2041.50390625,2.4619532
8363,2041.748046875,2.3268304
8364,2041.9921875,2.079865
8365,2042.236328125,1.866975
8366,2042.48046875,1.6755654
8367,2042.724609375,1.432086
8368,2042.96875,1.123154
8369,2043.212890625,0.8662917
8370,2043.45703125,0.6293351
8371,2043.701171875,0.39136636
8372,2043.9453125,0.06309096
8373,2044.189453125,-0.1596055
8374,2044.43359375,-0.4782767
8375,2044.677734375,-0.787771
8376,2044.921875,-1.0769323
8377,2045.166015625,-1.3606954
8378,2045.41015625,-1.6156683
8379,2045.654296875,-1.8354633
8380,2045.8984375,-2.0665045
8381,2046.142578125,-2.2716343
8382,2046.38671875,-2.422333
8383,2046.630859375,-2.5819385
8384,2046.875,-2.75315
8385,2047.119140625,-2.86939
8386,2047.36328125,-2.9801424
8387,2047.607421875,-3.1119473
8388,2047.8515625,-3.2488806
8389,2048.095703125,-3.373758
8390,2048.33984375,-3.4809115
8391,2048.583984375,-3.607588
8392,2048.828125,-3.6155052
8393,2049.072265625,-3.584196
8394,2049.31640625,-3.6033597
8395,2049.560546875,-3.595982
8396,2049.8046875,-3.5302145
8397,2050.048828125,-3.409206
8398,2050.29296875,-3.3621519
8399,2050.537109375,-3.2519395
8400,2050.78125,-3.1589112
8401,2051.025390625,-2.98752
8402,2051.26953125,-2.813879
8403,2051.513671875,-2.638259
8404,2051.7578125,-2.4356482
8405,2052.001953125,-2.2185526
8406,2052.24609375,-2.0513895
8407,2052.490234375,-1.7897588
8408,2052.734375,-1.5284882
8409,2052.978515625,-1.2833217
8410,2053.22265625,-1.0618174
8411,2053.466796875,-0.76545864
8412,2053.7109375,-0.5176832
8413,2053.955078125,-0.24786536
8414,2054.19921875,0.014395085
8415,2054.443359375,0.27249444
8416,2054.6875,0.5994203
8417,2054.931640625,0.91571856
8418,2055.17578125,1.1948482
8419,2055.419921875,1.4567151
8420,2055.6640625,1.6913662
8421,2055.908203125,1.8778275
8422,2056.15234375,2.0764349
8423,2056.396484375,2.2840388
8424,2056.640625,2.4845016
8425,2056.884765625,2.5609753
8426,2057.12890625,2.6991909
8427,2057.373046875,2.8806477
8428,2057.6171875,2.973316
8429,2057.861328125,3.104671
8430,2058.10546875,3.2228682
8431,2058.349609375,3.394091
8432,2058.59375,3.5126817
8433,2058.837890625,3.448916
8434,2059.08203125,3.5215664
8435,2059.326171875,3.516393
8436,2059.5703125,3.4588127
8437,2059.814453125,3.4221501
8438,2060.05859375,3.4007263
8439,2060.302734375,3.2892206
8440,2060.546875,3.1810327
8441,2060.791015625,3.080548
8442,2061.03515625,2.8868892
8443,2061.279296875,2.6847959
8444,2061.5234375,2.5054195
8445,2061.767578125,2.3486478
8446,2062.01171875,2.162749
8447,2062.255859375,1.9650415
8448,2062.5,1.6865304
8449,2062.744140625,1.4283185
8450,2062.98828125,1.18259
8451,2063.232421875,0.8838357
8452,2063.4765625,0.64046884
8453,2063.720703125,0.38315666
8454,2063.96484375,0.104476824
8455,2064.208984375,-0.20917857
8456,2064.453125,-0.4711691
8457,2064.697265625,-0.75502217
8458,2064.94140625,-1.074863
8459,2065.185546875,-1.3493593
8460,2065.4296875,-1.6276342
8461,2065.673828125,-1.8276359
8462,2065.91796875,-2.061466
8463,2066.162109375,-2.249052
8464,2066.40625,-2.4719958
8465,2066.650390625,-2.5898557
8466,2066.89453125,-2.741634
8467,2067.138671875,-2.9045682
8468,2067.3828125,-3.025487
8469,2067.626953125,-3.127692
8470,2067.87109375,-3.2650752
8471,2068.115234375,-3.3962505
8472,2068.359375,-3.5440698
8473,2068.603515625,-3.6183844
8474,2068.84765625,-3.669757
8475,2069.091796875,-3.6879308
8476,2069.3359375,-3.6361983
8477,2069.580078125,-3.6163151
8478,2069.82421875,-3.6148758
8479,2070.068359375,-3.5572052
8480,2070.3125,-3.4052472
8481,2070.556640625,-3.2744317
8482,2070.80078125,-3.2263882
8483,2071.044921875,-3.0506783
8484,2071.2890625,-2.8092008
8485,2071.533203125,-2.6844134
8486,2071.77734375,-2.5028553
8487,2072.021484375,-2.2591286
8488,2072.265625,-2.081979
8489,2072.509765625,-1.848149
8490,2072.75390625,-1.613239
8491,2072.998046875,-1.2845813
8492,2073.2421875,-1.0946562
8493,2073.486328125,-0.81098306
8494,2073.73046875,-0.50355804
8495,2073.974609375,-0.25803187
8496,2074.21875,-0.008906959
8497,2074.462890625,0.27052638
8498,2074.70703125,0.59835196
8499,2074.951171875,0.95671076
8500,2075.1953125,1.2083436
8501,2075.439453125,1.472066
8502,2075.68359375,1.7159953
8503,2075.927734375,1.9743758
8504,2076.171875,2.1542583
8505,2076.416015625,2.3086116
8506,2076.66015625,2.514866
8507,2076.904296875,2.6686013
8508,2077.1484375,2.772572
8509,2077.392578125,2.9112933
8510,2077.63671875,3.0650845
8511,2077.880859375,3.1987453
8512,2078.125,3.3374102
8513,2078.369140625,3.4511652
8514,2078.61328125,3.545633
8515,2078.857421875,3.5960157
8516,2079.1015625,3.5797088
8517,2079.345703125,3.567563
8518,2079.58984375,3.609961
8519,2079.833984375,3.5169554
8520,2080.078125,3.424512
8521,2080.322265625,3.3735106
8522,2080.56640625,3.2548075
8523,2080.810546875,3.1061893
8524,2081.0546875,2.9508798
8525,2081.298828125,2.7756648
8526,2081.54296875,2.5925212
8527,2081.787109375,2.3994808
8528,2082.03125,2.2398975
8529,2082.275390625,2.0230155
8530,2082.51953125,1.7850468
8531,2082.763671875,1.5321769
8532,2083.0078125,1.2177342
8533,2083.251953125,0.98454505
8534,2083.49609375,0.70794576
8535,2083.740234375,0.42696047
8536,2083.984375,0.17976986
8537,2084.228515625,-0.116600186
8538,2084.47265625,-0.3897469
8539,2084.716796875,-0.7399074
8540,2084.9609375,-0.9947003
8541,2085.205078125,-1.2864707
8542,2085.44921875,-1.5591675
8543,2085.693359375,-1.8064932
8544,2085.9375,-2.0413132
8545,2086.181640625,-2.2122545
8546,2086.42578125,-2.398491
8547,2086.669921875,-2.5711422
8548,2086.9140625,-2.726789
8549,2087.158203125,-2.8453684
8550,2087.40234375,-2.998766
8551,2087.646484375,-3.121934
8552,2087.890625,-3.252839
8553,2088.134765625,-3.3965201
8554,2088.37890625,-3.5085318
8555,2088.623046875,-3.6172147
8556,2088.8671875,-3.6276512
8557,2089.111328125,-3.6823528
8558,2089.35546875,-3.6674178
8559,2089.599609375,-3.622343
8560,2089.84375,-3.582037
8561,2090.087890625,-3.5455093
8562,2090.33203125,-3.4513113
8563,2090.576171875,-3.3154578
8564,2090.8203125,-3.2270179
8565,2091.064453125,-3.10475
8566,2091.30859375,-2.9045682
8567,2091.552734375,-2.7246296
8568,2091.796875,-2.5380332
8569,2092.041015625,-2.3590844
8570,2092.28515625,-2.1220155
8571,2092.529296875,-1.8903445
8572,2092.7734375,-1.6669508
8573,2093.017578125,-1.4237639
8574,2093.26171875,-1.1344227
8575,2093.505859375,-0.9387394
8576,2093.75,-0.6440001
8577,2093.994140625,-0.38110986
8578,2094.23828125,-0.10814307
8579,2094.482421875,0.1781954
8580,2094.7265625,0.46890864
8581,2094.970703125,0.8124226
8582,2095.21484375,1.0953197
8583,2095.458984375,1.3886197
8584,2095.703125,1.6074136
8585,2095.947265625,1.7953931
8586,2096.19140625,2.0420778
8587,2096.435546875,2.2282016
8588,2096.6796875,2.4136508
8589,2096.923828125,2.5396078
8590,2097.16796875,2.7375965
8591,2097.412109375,2.839374
8592,2097.65625,2.9510486
8593,2097.900390625,3.105852
8594,2098.14453125,3.264029
8595,2098.388671875,3.3692932
8596,2098.6328125,3.4819798
8597,2098.876953125,3.6023698
8598,2099.12109375,3.5765038
8599,2099.365234375,3.528595
8600,2099.609375,3.4930573
8601,2099.853515625,3.491258
8602,2100.09765625,3.46303
8603,2100.341796875,3.3512995
8604,2100.5859375,3.2670095
8605,2100.830078125,3.1848
8606,2101.07421875,3.0424798
8607,2101.318359375,2.7993941
8608,2101.5625,2.6780481
8609,2101.806640625,2.4558802
8610,2102.05078125,2.2540116
8611,2102.294921875,2.0578222
8612,2102.5390625,1.8648382
8613,2102.783203125,1.5902631
8614,2103.02734375,1.3486395
8615,2103.271484375,1.0956571
8616,2103.515625,0.83716416
8617,2103.759765625,0.56281406
8618,2104.00390625,0.31427392
8619,2104.248046875,-0.02888014
8620,2104.4921875,-0.25821182
8621,2104.736328125,-0.57625324
8622,2104.98046875,-0.89573413
8623,2105.224609375,-1.1678013
8624,2105.46875,-1.4421176
8625,2105.712890625,-1.6827854
8626,2105.95703125,-1.9347893
8627,2106.201171875,-2.1181467
8628,2106.4453125,-2.3086116
8629,2106.689453125,-2.5253477
8630,2106.93359375,-2.662101
8631,2107.177734375,-2.767905
8632,2107.421875,-2.8621926
8633,2107.666015625,-3.0296254
8634,2107.91015625,-3.1701577
8635,2108.154296875,-3.271283
8636,2108.3984375,-3.4297187
8637,2108.642578125,-3.5542364
8638,2108.88671875,-3.6368282
8639,2109.130859375,-3.6645389
8640,2109.375,-3.6331396
8641,2109.619140625,-3.6323297
8642,2109.86328125,-3.5917535
8643,2110.107421875,-3.5312042
8644,2110.3515625,-3.4487925
8645,2110.595703125,-3.341639
8646,2110.83984375,-3.2408733
8647,2111.083984375,-3.121754
8648,2111.328125,-2.9742944
8649,2111.572265625,-2.7702441
8650,2111.81640625,-2.571682
8651,2112.060546875,-2.413606
8652,2112.3046875,-2.2274594
8653,2112.548828125,-1.9828329
8654,2112.79296875,-1.7399158
8655,2113.037109375,-1.5035666
8656,2113.28125,-1.2241219
8657,2113.525390625,-0.97661656
8658,2113.76953125,-0.7488143
8659,2114.013671875,-0.503648
8660,2114.2578125,-0.21268737
8661,2114.501953125,0.081478424
8662,2114.74609375,0.32945627
8663,2114.990234375,0.688265
8664,2115.234375,0.9732989
8665,2115.478515625,1.2427006
8666,2115.72265625,1.5121588
8667,2115.966796875,1.7221245
8668,2116.2109375,1.9547513
8669,2116.455078125,2.1566198
8670,2116.69921875,2.3629308
8671,2116.943359375,2.5051384
8672,2117.1875,2.6528003
8673,2117.431640625,2.801587
8674,2117.67578125,2.8838527
8675,2117.919921875,2.988161
8676,2118.1640625,3.152692
8677,2118.408203125,3.3320684
8678,2118.65234375,3.4220378
8679,2118.896484375,3.4892337
8680,2119.140625,3.5199919
8681,2119.384765625,3.522241
8682,2119.62890625,3.4880528
8683,2119.873046875,3.4726455
8684,2120.1171875,3.4515028
8685,2120.361328125,3.374129
8686,2120.60546875,3.220169
8687,2120.849609375,3.1618576
8688,2121.09375,3.0001943
8689,2121.337890625,2.8465157
8690,2121.58203125,2.6278338
8691,2121.826171875,2.4807904
8692,2122.0703125,2.3212638
8693,2122.314453125,2.0818892
8694,2122.55859375,1.8823824
8695,2122.802734375,1.6399713
8696,2123.046875,1.376305
8697,2123.291015625,1.1009991
8698,2123.53515625,0.87871873
8699,2123.779296875,0.65705687
8700,2124.0234375,0.40086934
8701,2124.267578125,0.06747696
8702,2124.51171875,-0.19271418
8703,2124.755859375,-0.47332835
8704,2125.0,-0.7707668
8705,2125.244140625,-1.0488619
8706,2125.48828125,-1.335324
8707,2125.732421875,-1.5819298
8708,2125.9765625,-1.836183
8709,2126.220703125,-2.0332158
8710,2126.46484375,-2.2747831
8711,2126.708984375,-2.3906636
8712,2126.953125,-2.5410922
8713,2127.197265625,-2.729578
8714,2127.44140625,-2.819997
8715,2127.685546875,-2.9388466
8716,2127.9296875,-3.0630941
8717,2128.173828125,-3.214962
8718,2128.41796875,-3.3249047
8719,2128.662109375,-3.458329
8720,2128.90625,-3.564493
8721,2129.150390625,-3.599311
8722,2129.39453125,-3.5512674
8723,2129.638671875,-3.5929232
8724,2129.8828125,-3.6031797
8725,2130.126953125,-3.5427203
8726,2130.37109375,-3.4643571
8727,2130.615234375,-3.4054272
8728,2130.859375,-3.3142884
8729,2131.103515625,-3.1423569
8730,2131.34765625,-2.9736645
8731,2131.591796875,-2.8420396
8732,2131.8359375,-2.655353
8733,2132.080078125,-2.4790137
8734,2132.32421875,-2.2647967
8735,2132.568359375,-2.1018624
8736,2132.8125,-1.8309648
8737,2133.056640625,-1.5679846
8738,2133.30078125,-1.314811
8739,2133.544921875,-1.118768
8740,2133.7890625,-0.8322158
8741,2134.033203125,-0.5500722
8742,2134.27734375,-0.31057397
8743,2134.521484375,-0.03967645
8744,2134.765625,0.26040483
8745,2135.009765625,0.5986893
8746,2135.25390625,0.86201817
8747,2135.498046875,1.146546
8748,2135.7421875,1.4098185
8749,2135.986328125,1.6548724
8750,2136.23046875,1.8896923
8751,2136.474609375,2.0727797
8752,2136.71875,2.2659323
8753,2136.962890625,2.431195
8754,2137.20703125,2.5695224
8755,2137.451171875,2.6935115
8756,2137.6953125,2.8365064
8757,2137.939453125,2.9753404
8758,2138.18359375,3.1106315
8759,2138.427734375,3.21404
8760,2138.671875,3.3741853
8761,2138.916015625,3.4553826
8762,2139.16015625,3.470621
8763,2139.404296875,3.498118
8764,2139.6484375,3.4806867
8765,2139.892578125,3.452571
8766,2140.13671875,3.396509
8767,2140.380859375,3.3589466
8768,2140.625,3.2063928
8769,2140.869140625,3.1179414
8770,2141.11328125,3.0079541
8771,2141.357421875,2.8971794
8772,2141.6015625,2.6698384
8773,2141.845703125,2.5355592
8774,2142.08984375,2.3410006
8775,2142.333984375,2.1550455
8776,2142.578125,1.9170767
8777,2142.822265625,1.6534104
8778,2143.06640625,1.4531163
8779,2143.310546875,1.2141354
8780,2143.5546875,0.96424574
8781,2143.798828125,0.64164966
8782,2144.04296875,0.46199223
8783,2144.287109375,0.13579738
8784,2144.53125,-0.10301483
8785,2144.775390625,-0.39802408
8786,2145.01953125,-0.71804476
8787,2145.263671875,-0.9992888
8788,2145.5078125,-1.2922287
8789,2145.751953125,-1.5312772
8790,2145.99609375,-1.7508922
8791,2146.240234375,-1.9752755
8792,2146.484375,-2.1862533
8793,2146.728515625,-2.3560257
8794,2146.97265625,-2.4752347
8795,2147.216796875,-2.6743367
8796,2147.4609375,-2.8312433
8797,2147.705078125,-2.9423554
8798,2147.94921875,-3.048789
8799,2148.193359375,-3.213163
8800,2148.4375,-3.329583
8801,2148.681640625,-3.4065967
8802,2148.92578125,-3.5763688
8803,2149.169921875,-3.6163151
8804,2149.4140625,-3.5777183
8805,2149.658203125,-3.5751092
8806,2149.90234375,-3.582217
8807,2150.146484375,-3.5682716
8808,2150.390625,-3.4879289
8809,2150.634765625,-3.377267
8810,2150.87890625,-3.2690337
8811,2151.123046875,-3.1701577
8812,2151.3671875,-3.034124
8813,2151.611328125,-2.858144
8814,2151.85546875,-2.6917908
8815,2152.099609375,-2.4724457
8816,2152.34375,-2.2976356
8817,2152.587890625,-2.0955646
8818,2152.83203125,-1.8765792
8819,2153.076171875,-1.6157582
8820,2153.3203125,-1.3543075
8821,2153.564453125,-1.0831401
8822,2153.80859375,-0.8532686
8823,2154.052734375,-0.56131834
8824,2154.296875,-0.33252645
8825,2154.541015625,-0.030769492
8826,2154.78515625,0.25247627
8827,2155.029296875,0.5422336
8828,2155.2734375,0.8476793
8829,2155.517578125,1.1395733
8830,2155.76171875,1.3489769
8831,2156.005859375,1.6001036
8832,2156.25,1.8361043
8833,2156.494140625,2.0439894
8834,2156.73828125,2.2259524
8835,2156.982421875,2.4066782
8836,2157.2265625,2.5703096
8837,2157.470703125,2.6542623
8838,2157.71484375,2.7756648
8839,2157.958984375,2.9539726
8840,2158.203125,3.0835845
8841,2158.447265625,3.1653442
8842,2158.69140625,3.32026
8843,2158.935546875,3.4601622
8844,2159.1796875,3.503741
8845,2159.423828125,3.4977243
8846,2159.66796875,3.4651668
8847,2159.912109375,3.475401
8848,2160.15625,3.425468
8849,2160.400390625,3.3537173
8850,2160.64453125,3.3178983
8851,2160.888671875,3.2118468
8852,2161.1328125,3.0676713
8853,2161.376953125,2.9601579
8854,2161.62109375,2.7186465
8855,2161.865234375,2.5286427
8856,2162.109375,2.384636
8857,2162.353515625,2.2608154
8858,2162.59765625,2.02026
8859,2162.841796875,1.7788614
8860,2163.0859375,1.5275097
8861,2163.330078125,1.2599635
8862,2163.57421875,1.0018078
8863,2163.818359375,0.74117815
8864,2164.0625,0.47205755
8865,2164.306640625,0.22666635
8866,2164.55078125,-0.042645436
8867,2164.794921875,-0.36041692
8868,2165.0390625,-0.65227723
8869,2165.283203125,-0.9606919
8870,2165.52734375,-1.189124
8871,2165.771484375,-1.484673
8872,2166.015625,-1.7165239
8873,2166.259765625,-1.9463054
8874,2166.50390625,-2.1256142
8875,2166.748046875,-2.3006942
8876,2166.9921875,-2.5349743
8877,2167.236328125,-2.6266532
8878,2167.48046875,-2.7650259
8879,2167.724609375,-2.885315
8880,2167.96875,-3.034124
8881,2168.212890625,-3.1292214
8882,2168.45703125,-3.2817194
8883,2168.701171875,-3.4697552
8884,2168.9453125,-3.545689
8885,2169.189453125,-3.6002107
8886,2169.43359375,-3.599311
8887,2169.677734375,-3.6129863
8888,2169.921875,-3.5403812
8889,2170.166015625,-3.5262558
8890,2170.41015625,-3.5007946
8891,2170.654296875,-3.4270198
8892,2170.8984375,-3.3112292
8893,2171.142578125,-3.203626
8894,2171.38671875,-3.1051097
8895,2171.630859375,-2.896651
8896,2171.875,-2.697459
8897,2172.119140625,-2.530296
8898,2172.36328125,-2.40164
8899,2172.607421875,-2.1633112
8900,2172.8515625,-1.9175153
8901,2173.095703125,-1.6742383
8902,2173.33984375,-1.4049603
8903,2173.583984375,-1.1251558
8904,2173.828125,-0.896094
8905,2174.072265625,-0.66433316
8906,2174.31640625,-0.3388243
8907,2174.560546875,-0.100585654
8908,2174.8046875,0.17375317
8909,2175.048828125,0.5053462
8910,2175.29296875,0.7983649
8911,2175.537109375,1.128271
8912,2175.78125,1.3780482
8913,2176.025390625,1.6066264
8914,2176.26953125,1.8510616
8915,2176.513671875,2.0267828
8916,2176.7578125,2.2516499
8917,2177.001953125,2.3906524
8918,2177.24609375,2.5767763
8919,2177.490234375,2.7282622
8920,2177.734375,2.8632722
8921,2177.978515625,2.9487994
8922,2178.22265625,3.0949993
8923,2178.466796875,3.2638605
8924,2178.7109375,3.323409
8925,2178.955078125,3.4593751
8926,2179.19921875,3.5437775
8927,2179.443359375,3.512457
8928,2179.6875,3.4978368
8929,2179.931640625,3.4702837
8930,2180.17578125,3.5143685
8931,2180.419921875,3.3980834
8932,2180.6640625,3.2917511
8933,2180.908203125,3.2322588
8934,2181.15234375,3.0891514
8935,2181.396484375,2.9268131
8936,2181.640625,2.766949
8937,2181.884765625,2.6488643
8938,2182.12890625,2.4401357
8939,2182.373046875,2.2233098
8940,2182.6171875,2.0266705
8941,2182.861328125,1.7613735
8942,2183.10546875,1.5543318
8943,2183.349609375,1.3262596
8944,2183.59375,1.0708032
8945,2183.837890625,0.8026946
8946,2184.08203125,0.5140057
8947,2184.326171875,0.26630908
8948,2184.5703125,0.01748778
8949,2184.814453125,-0.24084775
8950,2185.05859375,-0.5752636
8951,2185.302734375,-0.8531787
8952,2185.546875,-1.1301941
8953,2185.791015625,-1.4081092
8954,2186.03515625,-1.6682104
8955,2186.279296875,-1.9056393
8956,2186.5234375,-2.0846782
8957,2186.767578125,-2.2709146
8958,2187.01171875,-2.425212
8959,2187.255859375,-2.615047
8960,2187.5,-2.7286782
8961,2187.744140625,-2.893592
8962,2187.98828125,-3.0379026
8963,2188.232421875,-3.127512
8964,2188.4765625,-3.300433
8965,2188.720703125,-3.383025
8966,2188.96484375,-3.5678217
8967,2189.208984375,-3.6151454
8968,2189.453125,-3.6450155
8969,2189.697265625,-3.6130764
8970,2189.94140625,-3.637368
8971,2190.185546875,-3.5881548
8972,2190.4296875,-3.5357027
8973,2190.673828125,-3.4623778
8974,2190.91796875,-3.370609
8975,2191.162109375,-3.2751515
8976,2191.40625,-3.1089785
8977,2191.650390625,-2.998856
8978,2191.89453125,-2.7954354
8979,2192.138671875,-2.6245837
8980,2192.3828125,-2.4055986
8981,2192.626953125,-2.1775265
8982,2192.87109375,-2.0072145
8983,2193.115234375,-1.7592592
8984,2193.359375,-1.4896213
8985,2193.603515625,-1.2589401
8986,2193.84765625,-0.9822846
8987,2194.091796875,-0.723443
8988,2194.3359375,-0.46981958
8989,2194.580078125,-0.19217438
8990,2194.82421875,0.111224525
8991,2195.068359375,0.39833897
8992,2195.3125,0.69782424
8993,2195.556640625,1.0058004
8994,2195.80078125,1.2474803
8995,2196.044921875,1.5150265
8996,2196.2890625,1.7358447
8997,2196.533203125,1.9641418
8998,2196.77734375,2.125524
8999,2197.021484375,2.2758853
9000,2197.265625,2.4824772
9001,2197.509765625,2.6084905
9002,2197.75390625,2.742376
9003,2197.998046875,2.8699076
9004,2198.2421875,3.018132
9005,2198.486328125,3.1334612
9006,2198.73046875,3.2704396
9007,2198.974609375,3.3906047
9008,2199.21875,3.468597
9009,2199.462890625,3.480349
9010,2199.70703125,3.4733765
9011,2199.951171875,3.451615
9012,2200.1953125,3.424568
9013,2200.439453125,3.3527615
9014,2200.68359375,3.2936065
9015,2200.927734375,3.141165
9016,2201.171875,3.0956178
9017,2201.416015625,2.9841685
9018,2201.66015625,2.7668364
9019,2201.904296875,2.6241226
9020,2202.1484375,2.4630778
9021,2202.392578125,2.2796528
9022,2202.63671875,2.0750852
9023,2202.880859375,1.8639386
9024,2203.125,1.6441324
9025,2203.369140625,1.3554996
9026,2203.61328125,1.1184869
9027,2203.857421875,0.8620744
9028,2204.1015625,0.60352516
9029,2204.345703125,0.39131013
9030,2204.58984375,0.080803655
9031,2204.833984375,-0.16914223
9032,2205.078125,-0.45578438
9033,2205.322265625,-0.77976376
9034,2205.56640625,-1.0831401
9035,2205.810546875,-1.4078393
9036,2206.0546875,-1.6174676
9037,2206.298828125,-1.8709112
9038,2206.54296875,-2.0738819
9039,2206.787109375,-2.2880986
9040,2207.03125,-2.4216132
9041,2207.275390625,-2.6346605
9042,2207.51953125,-2.7844594
9043,2207.763671875,-2.8690302
9044,2208.0078125,-2.9970565
9045,2208.251953125,-3.1291313
9046,2208.49609375,-3.2633657
9047,2208.740234375,-3.3901324
9048,2208.984375,-3.555226
9049,2209.228515625,-3.6813629
9050,2209.47265625,-3.6815429
9051,2209.716796875,-3.6530225
9052,2209.9609375,-3.6540122
9053,2210.205078125,-3.6354785
9054,2210.44921875,-3.520138
9055,2210.693359375,-3.491078
9056,2210.9375,-3.4078562
9057,2211.181640625,-3.285768
9058,2211.42578125,-3.1608007
9059,2211.669921875,-2.9798725
9060,2211.9140625,-2.8158586
9061,2212.158203125,-2.623864
9062,2212.40234375,-2.398851
9063,2212.646484375,-2.2456331
9064,2212.890625,-2.0276375
9065,2213.134765625,-1.7502623
9066,2213.37890625,-1.5297476
9067,2213.623046875,-1.2465243
9068,2213.8671875,-1.0176425
9069,2214.111328125,-0.7432362
9070,2214.35546875,-0.42843372
9071,2214.599609375,-0.2125974
9072,2214.84375,0.054543875
9073,2215.087890625,0.37781474
9074,2215.33203125,0.7027163
9075,2215.576171875,1.0281239
9076,2215.8203125,1.2681732
9077,2216.064453125,1.550508
9078,2216.30859375,1.7944373
9079,2216.552734375,1.9804488
9080,2216.796875,2.174389
9081,2217.041015625,2.40516
9082,2217.28515625,2.5115485
9083,2217.529296875,2.681197
9084,2217.7734375,2.795908
9085,2218.017578125,2.9220333
9086,2218.26171875,3.0642972
9087,2218.505859375,3.1617453
9088,2218.75,3.319304
9089,2218.994140625,3.4497595
9090,2219.23828125,3.5233092
9091,2219.482421875,3.5487256
9092,2219.7265625,3.570712
9093,2219.970703125,3.5287638
9094,2220.21484375,3.4901893
9095,2220.458984375,3.4772
9096,2220.703125,3.418439
9097,2220.947265625,3.3044028
9098,2221.19140625,3.1690555
9099,2221.435546875,3.075656
9100,2221.6796875,2.9120805
9101,2221.923828125,2.6732123
9102,2222.16796875,2.4665077
9103,2222.412109375,2.3460615
9104,2222.65625,2.1553266
9105,2222.900390625,1.9235994
9106,2223.14453125,1.6827629
9107,2223.388671875,1.4445692
9108,2223.6328125,1.1662267
9109,2223.876953125,0.8740516
9110,2224.12109375,0.6814048
9111,2224.365234375,0.3861369
9112,2224.609375,0.11521691
9113,2224.853515625,-0.16500366
9114,2225.09765625,-0.4553345
9115,2225.341796875,-0.7429663
9116,2225.5859375,-1.033927
9117,2225.830078125,-1.3507988
9118,2226.07421875,-1.6331223
9119,2226.318359375,-1.8222377
9120,2226.5625,-2.0562477
9121,2226.806640625,-2.2914274
9122,2227.05078125,-2.4721758
9123,2227.294921875,-2.6136975
9124,2227.5390625,-2.7851791
9125,2227.783203125,-2.9017792
9126,2228.02734375,-3.0269263
9127,2228.271484375,-3.1656592
9128,2228.515625,-3.2992635
9129,2228.759765625,-3.4638171
9130,2229.00390625,-3.5500977
9131,2229.248046875,-3.6096575
9132,2229.4921875,-3.6891003
9133,2229.736328125,-3.669037
9134,2229.98046875,-3.6414165
9135,2230.224609375,-3.6844218
9136,2230.46875,-3.6677775
9137,2230.712890625,-3.5566654
9138,2230.95703125,-3.461028
9139,2231.201171875,-3.388783
9140,2231.4453125,-3.2256687
9141,2231.689453125,-3.0597653
9142,2231.93359375,-2.8450086
9143,2232.177734375,-2.7122138
9144,2232.421875,-2.4944882
9145,2232.666015625,-2.3148196
9146,2232.91015625,-2.082339
9147,2233.154296875,-1.8220577
9148,2233.3984375,-1.590297
9149,2233.642578125,-1.3241678
9150,2233.88671875,-1.060198
9151,2234.130859375,-0.79316914
9152,2234.375,-0.5179531
9153,2234.619140625,-0.21313722
9154,2234.86328125,-0.0287002
9155,2235.107421875,0.3344608
9156,2235.3515625,0.64446115
9157,2235.595703125,0.9761667
9158,2235.83984375,1.2503481
9159,2236.083984375,1.4819065
9160,2236.328125,1.7788051
9161,2236.572265625,1.9730825
9162,2236.81640625,2.1846228
9163,2237.060546875,2.3530903
9164,2237.3046875,2.560132
9165,2237.548828125,2.681197
9166,2237.79296875,2.7612135
9167,2238.037109375,2.9354165
9168,2238.28125,3.0723383
9169,2238.525390625,3.2044806
9170,2238.76953125,3.3220594
9171,2239.013671875,3.4376137
9172,2239.2578125,3.5477135
9173,2239.501953125,3.5876374
9174,2239.74609375,3.559972
9175,2239.990234375,3.571499
9176,2240.234375,3.530563
9177,2240.478515625,3.450378
9178,2240.72265625,3.4039314
9179,2240.966796875,3.3409529
9180,2241.2109375,3.203581
9181,2241.455078125,3.0384874
9182,2241.69921875,2.9583585
9183,2241.943359375,2.7839308
9184,2242.1875,2.5901031
9185,2242.431640625,2.38278
9186,2242.67578125,2.2215102
9187,2242.919921875,2.011207
9188,2243.1640625,1.7767807
9189,2243.408203125,1.5075477
9190,2243.65234375,1.2881913
9191,2243.896484375,1.0014706
9192,2244.140625,0.74427086
9193,2244.384765625,0.46710923
9194,2244.62890625,0.20243089
9195,2244.873046875,-0.060639292
9196,2245.1171875,-0.3467416
9197,2245.361328125,-0.652997
9198,2245.60546875,-0.9732876
9199,2245.849609375,-1.2691066
9200,2246.09375,-1.5122036
9201,2246.337890625,-1.8017247
9202,2246.58203125,-1.9985776
9203,2246.826171875,-2.191202
9204,2247.0703125,-2.3734796
9205,2247.314453125,-2.5375834
9206,2247.55859375,-2.7014177
9207,2247.802734375,-2.8509467
9208,2248.046875,-2.9921083
9209,2248.291015625,-3.1533332
9210,2248.53515625,-3.2553585
9211,2248.779296875,-3.3899524
9212,2249.0234375,-3.528775
9213,2249.267578125,-3.6229727
9214,2249.51171875,-3.6823528
9215,2249.755859375,-3.6738057
9216,2250.0,-3.6891904
9217,2250.244140625,-3.6736257
9218,2250.48828125,-3.6408768
9219,2250.732421875,-3.5940928
9220,2250.9765625,-3.4887388
9221,2251.220703125,-3.3838344
9222,2251.46484375,-3.3054712
9223,2251.708984375,-3.1425369
9224,2251.953125,-2.9466736
9225,2252.197265625,-2.7422638
9226,2252.44140625,-2.5616953
9227,2252.685546875,-2.3765385
9228,2252.9296875,-2.1625917
9229,2253.173828125,-1.9172453
9230,2253.41796875,-1.6836851
9231,2253.662109375,-1.437889
9232,2253.90625,-1.1759884
9233,2254.150390625,-0.9074302
9234,2254.39453125,-0.61844885
9235,2254.638671875,-0.3956849
9236,2254.8828125,-0.059919536
9237,2255.126953125,0.19551449
9238,2255.37109375,0.5058523
9239,2255.615234375,0.8026384
9240,2255.859375,1.0890781
9241,2256.103515625,1.3841211
9242,2256.34765625,1.5683331
9243,2256.591796875,1.8287942
9244,2256.8359375,2.0894802
9245,2257.080078125,2.2166743
9246,2257.32421875,2.3811493
9247,2257.568359375,2.5731776
9248,2257.8125,2.703127
9249,2258.056640625,2.82571
9250,2258.30078125,2.966006
9251,2258.544921875,3.0746439
9252,2258.7890625,3.2052119
9253,2259.033203125,3.3308876
9254,2259.27734375,3.4150653
9255,2259.521484375,3.5203855
9256,2259.765625,3.5267956
9257,2260.009765625,3.4721394
9258,2260.25390625,3.4864783
9259,2260.498046875,3.4913142
9260,2260.7421875,3.3614771
9261,2260.986328125,3.2682464
9262,2261.23046875,3.2068424
9263,2261.474609375,3.0942686
9264,2261.71875,2.9292312
9265,2261.962890625,2.785505
9266,2262.20703125,2.5904968
9267,2262.451171875,2.4444654
9268,2262.6953125,2.2596345
9269,2262.939453125,2.05293
9270,2263.18359375,1.8101256
9271,2263.427734375,1.5928499
9272,2263.671875,1.3195119
9273,2263.916015625,1.0801936
9274,2264.16015625,0.82648027
9275,2264.404296875,0.58564377
9276,2264.6484375,0.2895886
9277,2264.892578125,0.08378389
9278,2265.13671875,-0.2477754
9279,2265.380859375,-0.53900594
9280,2265.625,-0.8616358
9281,2265.869140625,-1.1416202
9282,2266.11328125,-1.3964132
9283,2266.357421875,-1.6696498
9284,2266.6015625,-1.8792783
9285,2266.845703125,-2.1037514
9286,2267.08984375,-2.278292
9287,2267.333984375,-2.4857612
9288,2267.578125,-2.60659
9289,2267.822265625,-2.75234
9290,2268.06640625,-2.8989003
9291,2268.310546875,-3.0170298
9292,2268.5546875,-3.1407375
9293,2268.798828125,-3.2657049
9294,2269.04296875,-3.4575195
9295,2269.287109375,-3.5704308
9296,2269.53125,-3.6390774
9297,2269.775390625,-3.6332293
9298,2270.01953125,-3.6944084
9299,2270.263671875,-3.640067
9300,2270.5078125,-3.5917535
9301,2270.751953125,-3.5397513
9302,2270.99609375,-3.5187883
9303,2271.240234375,-3.3982296
9304,2271.484375,-3.2522993
9305,2271.728515625,-3.1527033
9306,2271.97265625,-2.971775
9307,2272.216796875,-2.7658355
9308,2272.4609375,-2.6131577
9309,2272.705078125,-2.419184
9310,2272.94921875,-2.2305183
9311,2273.193359375,-1.9883211
9312,2273.4375,-1.7210224
9313,2273.681640625,-1.496549
9314,2273.92578125,-1.241666
9315,2274.169921875,-0.9794056
9316,2274.4140625,-0.7388277
9317,2274.658203125,-0.46028283
9318,2274.90234375,-0.20827888
9319,2275.146484375,0.10037198
9320,2275.390625,0.38838613
9321,2275.634765625,0.6997923
9322,2275.87890625,0.98353285
9323,2276.123046875,1.2806565
9324,2276.3671875,1.521774
9325,2276.611328125,1.7100348
9326,2276.85546875,1.9794365
9327,2277.099609375,2.1748948
9328,2277.34375,2.322332
9329,2277.587890625,2.4737053
9330,2277.83203125,2.6152382
9331,2278.076171875,2.8067043
9332,2278.3203125,2.9037023
9333,2278.564453125,3.0046928
9334,2278.80859375,3.1741161
9335,2279.052734375,3.286915
9336,2279.296875,3.3961716
9337,2279.541015625,3.4504344
9338,2279.78515625,3.484454
9339,2280.029296875,3.4699464
9340,2280.2734375,3.4537518
9341,2280.517578125,3.4504344
9342,2280.76171875,3.4133782
9343,2281.005859375,3.3396597
9344,2281.25,3.185306
9345,2281.494140625,3.1161985
9346,2281.73828125,2.9730911
9347,2281.982421875,2.8065355
9348,2282.2265625,2.6723688
9349,2282.470703125,2.4797783
9350,2282.71484375,2.2946665
9351,2282.958984375,2.1004453
9352,2283.203125,1.8709112
9353,2283.447265625,1.6343482
9354,2283.69140625,1.3953111
9355,2283.935546875,1.1489077
9356,2284.1796875,0.8929451
9357,2284.423828125,0.66172403
9358,2284.66796875,0.3857995
9359,2284.912109375,0.13630345
9360,2285.15625,-0.16365412
9361,2285.400390625,-0.4775569
9362,2285.64453125,-0.7532228
9363,2285.888671875,-1.0723438
9364,2286.1328125,-1.3522383
9365,2286.376953125,-1.6012732
9366,2286.62109375,-1.853907
9367,2286.865234375,-2.071003
9368,2287.109375,-2.2360964
9369,2287.353515625,-2.395522
9370,2287.59765625,-2.5287666
9371,2287.841796875,-2.7054663
9372,2288.0859375,-2.8032627
9373,2288.330078125,-2.9742043
9374,2288.57421875,-3.124633
9375,2288.818359375,-3.2032661
9376,2289.0625,-3.3671901
9377,2289.306640625,-3.4741635
9378,2289.55078125,-3.6000307
9379,2289.794921875,-3.5949023
9380,2290.0390625,-3.642946
9381,2290.283203125,-3.640067
9382,2290.52734375,-3.6228828
9383,2290.771484375,-3.5530667
9384,2291.015625,-3.4729042
9385,2291.259765625,-3.4020982
9386,2291.50390625,-3.253919
9387,2291.748046875,-3.142447
9388,2291.9921875,-3.0256667
9389,2292.236328125,-2.8244956
9390,2292.48046875,-2.6281826
9391,2292.724609375,-2.4376276
9392,2292.96875,-2.2441037
9393,2293.212890625,-2.011623
9394,2293.45703125,-1.7625881
9395,2293.701171875,-1.5299275
9396,2293.9453125,-1.2813424
9397,2294.189453125,-1.0265495
9398,2294.43359375,-0.7534027
9399,2294.677734375,-0.48367482
9400,2294.921875,-0.20863876
9401,2295.166015625,0.07742981
9402,2295.41015625,0.3260824
9403,2295.654296875,0.6511527
9404,2295.8984375,0.93163186
9405,2296.142578125,1.2241446
9406,2296.38671875,1.4829186
9407,2296.630859375,1.7312338
9408,2296.875,1.9411435
9409,2297.119140625,2.132553
9410,2297.36328125,2.3281236
9411,2297.607421875,2.5083997
9412,2297.8515625,2.6280026
9413,2298.095703125,2.7610447
9414,2298.33984375,2.8884075
9415,2298.583984375,2.9813569
9416,2298.828125,3.1524673
9417,2299.072265625,3.2395127
9418,2299.31640625,3.369743
9419,2299.560546875,3.4390192
9420,2299.8046875,3.50301
9421,2300.048828125,3.5092516
9422,2300.29296875,3.454033
9423,2300.537109375,3.4290667
9424,2300.78125,3.4020195
9425,2301.025390625,3.329988
9426,2301.26953125,3.2481158
9427,2301.513671875,3.1033778
9428,2301.7578125,3.0046928
9429,2302.001953125,2.863722
9430,2302.24609375,2.6734934
9431,2302.490234375,2.5388205
9432,2302.734375,2.337233
9433,2302.978515625,2.1576319
9434,2303.22265625,1.9185387
9435,2303.466796875,1.6858555
9436,2303.7109375,1.4704916
9437,2303.955078125,1.2055322
9438,2304.19921875,0.9119511
9439,2304.443359375,0.6815173
9440,2304.6875,0.44045585
9441,2304.931640625,0.16037025
9442,2305.17578125,-0.12253816
9443,2305.419921875,-0.33909422
9444,2305.6640625,-0.6731501
9445,2305.908203125,-0.9844438
9446,2306.15234375,-1.2851212
9447,2306.396484375,-1.5451324
9448,2306.640625,-1.7185931
9449,2306.884765625,-1.985262
9450,2307.12890625,-2.2175627
9451,2307.373046875,-2.3890443
9452,2307.6171875,-2.5556674
9453,2307.861328125,-2.6955695
9454,2308.10546875,-2.8396103
9455,2308.349609375,-2.955041
9456,2308.59375,-3.095123
9457,2308.837890625,-3.247621
9458,2309.08203125,-3.341729
9459,2309.326171875,-3.4842403
9460,2309.5703125,-3.5811372
9461,2309.814453125,-3.6590505
9462,2310.05859375,-3.6569812
9463,2310.302734375,-3.628641
9464,2310.546875,-3.6278312
9465,2310.791015625,-3.599401
9466,2311.03515625,-3.5127604
9467,2311.279296875,-3.4298987
9468,2311.5234375,-3.3598127
9469,2311.767578125,-3.215862
9470,2312.01171875,-3.0206285
9471,2312.255859375,-2.8746984
9472,2312.5,-2.682524
9473,2312.744140625,-2.5003362
9474,2312.98828125,-2.3098712
9475,2313.232421875,-2.1051912
9476,2313.4765625,-1.8939433
9477,2313.720703125,-1.6049619
9478,2313.96484375,-1.3545774
9479,2314.208984375,-1.0983449
9480,2314.453125,-0.8409428
9481,2314.697265625,-0.5539409
9482,2314.94140625,-0.30526575
9483,2315.185546875,-0.0039586485
9484,2315.4296875,0.25894284
9485,2315.673828125,0.55634755
9486,2315.91796875,0.86033124
9487,2316.162109375,1.1688696
9488,2316.40625,1.4315798
9489,2316.650390625,1.6246765
9490,2316.89453125,1.8667501
9491,2317.138671875,2.0515807
9492,2317.3828125,2.273805
9493,2317.626953125,2.4247844
9494,2317.87109375,2.5812747
9495,2318.115234375,2.694636
9496,2318.359375,2.8190186
9497,2318.603515625,2.9505987
9498,2318.84765625,3.0559752
9499,2319.091796875,3.1975644
9500,2319.3359375,3.3421338
9501,2319.580078125,3.4355896
9502,2319.82421875,3.4878278
9503,2320.068359375,3.4929447
9504,2320.3125,3.5254462
9505,2320.556640625,3.4619615
9506,2320.80078125,3.4132657
9507,2321.044921875,3.3672688
9508,2321.2890625,3.3053024
9509,2321.533203125,3.140209
9510,2321.77734375,3.0299966
9511,2322.021484375,2.9375532
9512,2322.265625,2.7398458
9513,2322.509765625,2.5122232
9514,2322.75390625,2.3562953
9515,2322.998046875,2.2016606
9516,2323.2421875,1.9377695
9517,2323.486328125,1.7578872
9518,2323.73046875,1.4920843
9519,2323.974609375,1.2498982
9520,2324.21875,0.984039
9521,2324.462890625,0.7027163
9522,2324.70703125,0.44039962
9523,2324.951171875,0.1878671
9524,2325.1953125,-0.09140879
9525,2325.439453125,-0.3707634
9526,2325.68359375,-0.6967221
9527,2325.927734375,-0.9653704
9528,2326.171875,-1.2605596
9529,2326.416015625,-1.517062
9530,2326.66015625,-1.7549407
9531,2326.904296875,-2.0007367
9532,2327.1484375,-2.22548
9533,2327.392578125,-2.3863451
9534,2327.63671875,-2.5615153
9535,2327.880859375,-2.6878324
9536,2328.125,-2.7991242
9537,2328.369140625,-3.0123515
9538,2328.61328125,-3.0773091
9539,2328.857421875,-3.2025464
9540,2329.1015625,-3.358643
9541,2329.345703125,-3.5103314
9542,2329.58984375,-3.587255
9543,2329.833984375,-3.6493337
9544,2330.078125,-3.6802833
9545,2330.322265625,-3.6297207
9546,2330.56640625,-3.6146958
9547,2330.810546875,-3.6469946
9548,2331.0546875,-3.5593648
9549,2331.298828125,-3.4575195
9550,2331.54296875,-3.285588
9551,2331.787109375,-3.2322361
9552,2332.03125,-3.0941336
9553,2332.275390625,-2.9123955
9554,2332.51953125,-2.7253494
9555,2332.763671875,-2.5501792
9556,2333.0078125,-2.3642128
9557,2333.251953125,-2.1013227
9558,2333.49609375,-1.9029402
9559,2333.740234375,-1.6551648
9560,2333.984375,-1.4094588
9561,2334.228515625,-1.1327132
9562,2334.47265625,-0.90095234
9563,2334.716796875,-0.620788
9564,2334.9609375,-0.3578978
9565,2335.205078125,-0.08691032
9566,2335.44921875,0.16441885
9567,2335.693359375,0.49634928
9568,2335.9375,0.7954971
9569,2336.181640625,1.0931267
9570,2336.42578125,1.3714129
9571,2336.669921875,1.5749685
9572,2336.9140625,1.8526924
9573,2337.158203125,2.038254
9574,2337.40234375,2.2233658
9575,2337.646484375,2.3865476
9576,2337.890625,2.517959
9577,2338.134765625,2.633963
9578,2338.37890625,2.7938836
9579,2338.623046875,2.9644315
9580,2338.8671875,3.0584495
9581,2339.111328125,3.1900856
9582,2339.35546875,3.2753315
9583,2339.599609375,3.4385695
9584,2339.84375,3.4675286
9585,2340.087890625,3.481811
9586,2340.33203125,3.4533582
9587,2340.576171875,3.4628053
9588,2340.8203125,3.4581943
9589,2341.064453125,3.3783464
9590,2341.30859375,3.2833724
9591,2341.552734375,3.2193255
9592,2341.796875,3.0717762
9593,2342.041015625,2.9436824
9594,2342.28515625,2.8070414
9595,2342.529296875,2.6719189
9596,2342.7734375,2.4571733
9597,2343.017578125,2.248726
9598,2343.26171875,2.076772
9599,2343.505859375,1.8533671
9600,2343.75,1.5890824
9601,2343.994140625,1.3093342
9602,2344.23828125,1.0990872
9603,2344.482421875,0.8274924
9604,2344.7265625,0.576197
9605,2344.970703125,0.2873394
9606,2345.21484375,0.08097235
9607,2345.458984375,-0.21934511
9608,2345.703125,-0.58489025
9609,2345.947265625,-0.86343515
9610,2346.19140625,-1.1130998
9611,2346.435546875,-1.4012715
9612,2346.6796875,-1.6583138
9613,2346.923828125,-1.8840467
9614,2347.16796875,-2.1117587
9615,2347.412109375,-2.2707348
9616,2347.65625,-2.4614694
9617,2347.900390625,-2.624134
9618,2348.14453125,-2.7514405
9619,2348.388671875,-2.9141948
9620,2348.6328125,-3.0248573
9621,2348.876953125,-3.145506
9622,2349.12109375,-3.2666945
9623,2349.365234375,-3.435117
9624,2349.609375,-3.570251
9625,2349.853515625,-3.5971518
9626,2350.09765625,-3.6222532
9627,2350.341796875,-3.6415966
9628,2350.5859375,-3.6413264
9629,2350.830078125,-3.57241
9630,2351.07421875,-3.5599046
9631,2351.318359375,-3.4566197
9632,2351.5625,-3.349646
9633,2351.806640625,-3.2371848
9634,2352.05078125,-3.106999
9635,2352.294921875,-2.9572003
9636,2352.5390625,-2.7483816
9637,2352.783203125,-2.5758204
9638,2353.02734375,-2.3997505
9639,2353.271484375,-2.155304
9640,2353.515625,-1.9479249
9641,2353.759765625,-1.7223719
9642,2354.00390625,-1.4561527
9643,2354.248046875,-1.2162948
9644,2354.4921875,-0.90419126
9645,2354.736328125,-0.6709908
9646,2354.98046875,-0.38326913
9647,2355.224609375,-0.14736967
9648,2355.46875,0.154466
9649,2355.712890625,0.46649072
9650,2355.95703125,0.73488027
9651,2356.201171875,1.0782818
9652,2356.4453125,1.3368872
9653,2356.689453125,1.5930748
9654,2356.93359375,1.7830787
9655,2357.177734375,2.024871
9656,2357.421875,2.2356803
9657,2357.666015625,2.3923392
9658,2357.91015625,2.5536091
9659,2358.154296875,2.6975038
9660,2358.3984375,2.8243043
9661,2358.642578125,2.9207401
9662,2358.88671875,3.0445042
9663,2359.130859375,3.2093165
9664,2359.375,3.2943375
9665,2359.619140625,3.4150088
9666,2359.86328125,3.4921575
9667,2360.107421875,3.5398414
9668,2360.3515625,3.5193732
9669,2360.595703125,3.4740512
9670,2360.83984375,3.4901893
9671,2361.083984375,3.4134908
9672,2361.328125,3.3112068
9673,2361.572265625,3.223768
9674,2361.81640625,3.13363
9675,2362.060546875,2.9886107
9676,2362.3046875,2.7802193
9677,2362.548828125,2.6426225
9678,2362.79296875,2.4809027
9679,2363.037109375,2.2890434
9680,2363.28125,2.0296507
9681,2363.525390625,1.8697302
9682,2363.76953125,1.62895
9683,2364.013671875,1.3431851
9684,2364.2578125,1.1153941
9685,2364.501953125,0.8964314
9686,2364.74609375,0.57687175
9687,2364.990234375,0.30235302
9688,2365.234375,0.03087071
9689,2365.478515625,-0.23922832
9690,2365.72265625,-0.53774637
9691,2365.966796875,-0.8649646
9692,2366.2109375,-1.1291144
9693,2366.455078125,-1.43519
9694,2366.69921875,-1.6593934
9695,2366.943359375,-1.9255226
9696,2367.1875,-2.13803
9697,2367.431640625,-2.3511672
9698,2367.67578125,-2.4965575
9699,2367.919921875,-2.6815345
9700,2368.1640625,-2.8071315
9701,2368.408203125,-2.9392064
9702,2368.65234375,-3.0684922
9703,2368.896484375,-3.2467213
9704,2369.140625,-3.3509958
9705,2369.384765625,-3.4402454
9706,2369.62890625,-3.6067784
9707,2369.873046875,-3.6942286
9708,2370.1171875,-3.6789339
9709,2370.361328125,-3.6791136
9710,2370.60546875,-3.7095232
9711,2370.849609375,-3.66013
9712,2371.09375,-3.552527
9713,2371.337890625,-3.510961
9714,2371.58203125,-3.441145
9715,2371.826171875,-3.33858
9716,2372.0703125,-3.1563923
9717,2372.314453125,-3.0177495
9718,2372.55859375,-2.7988544
9719,2372.802734375,-2.5928247
9720,2373.046875,-2.4064982
9721,2373.291015625,-2.2185526
9722,2373.53515625,-1.985532
9723,2373.779296875,-1.748373
9724,2374.0234375,-1.4626306
9725,2374.267578125,-1.2358179
9726,2374.51171875,-0.9588925
9727,2374.755859375,-0.6112513
9728,2375.0,-0.44741723
9729,2375.244140625,-0.1715714
9730,2375.48828125,0.12100869
9731,2375.732421875,0.43269598
9732,2375.9765625,0.79094243
9733,2376.220703125,1.0630432
9734,2376.46484375,1.3594358
9735,2376.708984375,1.6258574
9736,2376.953125,1.825308
9737,2377.197265625,2.0390413
9738,2377.44140625,2.254124
9739,2377.685546875,2.425628
9740,2377.9296875,2.575483
9741,2378.173828125,2.7025647
9742,2378.41796875,2.8033302
9743,2378.662109375,2.9894543
9744,2378.90625,3.0852716
9745,2379.150390625,3.1987453
9746,2379.39453125,3.376041
9747,2379.638671875,3.4701715
9748,2379.8828125,3.5803835
9749,2380.126953125,3.5637956
9750,2380.37109375,3.5762227
9751,2380.615234375,3.5359051
9752,2380.859375,3.5174613
9753,2381.103515625,3.4809675
9754,2381.34765625,3.4192262
9755,2381.591796875,3.2798862
9756,2381.8359375,3.1817071
9757,2382.080078125,3.0923564
9758,2382.32421875,2.9152296
9759,2382.568359375,2.6832774
9760,2382.8125,2.5242004
9761,2383.056640625,2.3791814
9762,2383.30078125,2.151053
9763,2383.544921875,1.9302347
9764,2383.7890625,1.7199876
9765,2384.033203125,1.4568275
9766,2384.27734375,1.1769106
9767,2384.521484375,0.91065776
9768,2384.765625,0.6298974
9769,2385.009765625,0.40806693
9770,2385.25390625,0.13405423
9771,2385.498046875,-0.1566365
9772,2385.7421875,-0.4719788
9773,2385.986328125,-0.7582611
9774,2386.23046875,-1.0845796
9775,2386.474609375,-1.391375
9776,2386.71875,-1.6408597
9777,2386.962890625,-1.862904
9778,2387.20703125,-2.0892665
9779,2387.451171875,-2.354586
9780,2387.6953125,-2.5241783
9781,2387.939453125,-2.7001579
9782,2388.18359375,-2.826295
9783,2388.427734375,-2.9482033
9784,2388.671875,-3.072001
9785,2388.916015625,-3.1633198
9786,2389.16015625,-3.3376803
9787,2389.404296875,-3.449782
9788,2389.6484375,-3.5689013
9789,2389.892578125,-3.6739855
9790,2390.13671875,-3.7566671
9791,2390.380859375,-3.7285068
9792,2390.625,-3.713392
9793,2390.869140625,-3.6862214
9794,2391.11328125,-3.6622896
9795,2391.357421875,-3.5707908
9796,2391.6015625,-3.4688556
9797,2391.845703125,-3.3818552
9798,2392.08984375,-3.227108
9799,2392.333984375,-3.0614748
9800,2392.578125,-2.872539
9801,2392.822265625,-2.7079852
9802,2393.06640625,-2.4879205
9803,2393.310546875,-2.2797315
9804,2393.5546875,-2.0746014
9805,2393.798828125,-1.8242171
9806,2394.04296875,-1.5705037
9807,2394.287109375,-1.2820623
9808,2394.53125,-1.0664958
9809,2394.775390625,-0.8080141
9810,2395.01953125,-0.56302774
9811,2395.263671875,-0.2764756
9812,2395.5078125,-0.022942167
9813,2395.751953125,0.30004755
9814,2395.99609375,0.59891427
9815,2396.240234375,0.8822613
9816,2396.484375,1.1843331
9817,2396.728515625,1.4271939
9818,2396.97265625,1.707898
9819,2397.216796875,1.8906482
9820,2397.4609375,2.1151776
9821,2397.705078125,2.2816772
9822,2397.94921875,2.4679134
9823,2398.193359375,2.5911152
9824,2398.4375,2.721402
9825,2398.681640625,2.850058
9826,2398.92578125,3.0025558
9827,2399.169921875,3.0987108
9828,2399.4140625,3.2177513
9829,2399.658203125,3.3893116
9830,2399.90234375,3.4760194
9831,2400.146484375,3.5184736
9832,2400.390625,3.5011544
9833,2400.634765625,3.534162
9834,2400.87890625,3.5032914
9835,2401.123046875,3.4553263
9836,2401.3671875,3.4044938
9837,2401.611328125,3.3119378
9838,2401.85546875,3.209148
9839,2402.099609375,3.062498
9840,2402.34375,2.9350228
9841,2402.587890625,2.77156
9842,2402.83203125,2.5703096
9843,2403.076171875,2.4055536
9844,2403.3203125,2.2081835
9845,2403.564453125,2.0071585
9846,2403.80859375,1.7737443
9847,2404.052734375,1.5137894
9848,2404.296875,1.2723342
9849,2404.541015625,0.99933374
9850,2404.78515625,0.74303377
9851,2405.029296875,0.4504087
9852,2405.2734375,0.19658287
9853,2405.517578125,-0.11048227
9854,2405.76171875,-0.33072707
9855,2406.005859375,-0.67243034
9856,2406.25,-0.93262154
9857,2406.494140625,-1.2528222
9858,2406.73828125,-1.5705037
9859,2406.982421875,-1.7972263
9860,2407.2265625,-1.9895806
9861,2407.470703125,-2.1968699
9862,2407.71484375,-2.4151351
9863,2407.958984375,-2.5669136
9864,2408.203125,-2.6526542
9865,2408.447265625,-2.867141
9866,2408.69140625,-2.9787028
9867,2408.935546875,-3.077669
9868,2409.1796875,-3.224409
9869,2409.423828125,-3.379156
9870,2409.66796875,-3.4863994
9871,2409.912109375,-3.5709705
9872,2410.15625,-3.6378176
9873,2410.400390625,-3.628821
9874,2410.64453125,-3.6618395
9875,2410.888671875,-3.637098
9876,2411.1328125,-3.5867152
9877,2411.376953125,-3.531744
9878,2411.62109375,-3.385634
9879,2411.865234375,-3.3067307
9880,2412.109375,-3.1988578
9881,2412.353515625,-3.0906248
9882,2412.59765625,-2.9323685
9883,2412.841796875,-2.699438
9884,2413.0859375,-2.513382
9885,2413.330078125,-2.3302941
9886,2413.57421875,-2.0856678
9887,2413.818359375,-1.8925937
9888,2414.0625,-1.6582237
9889,2414.306640625,-1.367443
9890,2414.55078125,-1.1588942
9891,2414.794921875,-0.9043712
9892,2415.0390625,-0.64669913
9893,2415.283203125,-0.3440425
9894,2415.52734375,-0.11237163
9895,2415.771484375,0.1535101
9896,2416.015625,0.4946061
9897,2416.259765625,0.8146156
9898,2416.50390625,1.0737834
9899,2416.748046875,1.2949953
9900,2416.9921875,1.5732254
9901,2417.236328125,1.8119813
9902,2417.48046875,2.0115442
9903,2417.724609375,2.205878
9904,2417.96875,2.3682725
9905,2418.212890625,2.5366838
9906,2418.45703125,2.637393
9907,2418.701171875,2.77499
9908,2418.9453125,2.8959985
9909,2419.189453125,3.0416925
9910,2419.43359375,3.1907606
9911,2419.677734375,3.2841036
9912,2419.921875,3.4527397
9913,2420.166015625,3.5160558
9914,2420.41015625,3.4974432
9915,2420.654296875,3.4543142
9916,2420.8984375,3.480349
9917,2421.142578125,3.471127
9918,2421.38671875,3.3715987
9919,2421.630859375,3.2961934
9920,2421.875,3.2301784
9921,2422.119140625,3.1052334
9922,2422.36328125,2.985068
9923,2422.607421875,2.79349
9924,2422.8515625,2.6506636
9925,2423.095703125,2.4608283
9926,2423.33984375,2.2873564
9927,2423.583984375,2.0888057
9928,2423.828125,1.8363292
9929,2424.072265625,1.6079197
9930,2424.31640625,1.3472337
9931,2424.560546875,1.079069
9932,2424.8046875,0.8601063
9933,2425.048828125,0.5579782
9934,2425.29296875,0.3076387
9935,2425.537109375,0.079454124
9936,2425.78125,-0.23931828
9937,2426.025390625,-0.5841705
9938,2426.26953125,-0.84832036
9939,2426.513671875,-1.153946
9940,2426.7578125,-1.40586
9941,2427.001953125,-1.634292
9942,2427.24609375,-1.8916941
9943,2427.490234375,-2.072982
9944,2427.734375,-2.3170688
9945,2427.978515625,-2.4619193
9946,2428.22265625,-2.5792391
9947,2428.466796875,-2.6870224
9948,2428.7109375,-2.8691204
9949,2428.955078125,-3.0065935
9950,2429.19921875,-3.0924242
9951,2429.443359375,-3.277041
9952,2429.6875,-3.3910322
9953,2429.931640625,-3.5698009
9954,2430.17578125,-3.5593648
9955,2430.419921875,-3.6189241
9956,2430.6640625,-3.5714204
9957,2430.908203125,-3.6092074
9958,2431.15234375,-3.5536067
9959,2431.396484375,-3.5078123
9960,2431.640625,-3.4521213
9961,2431.884765625,-3.3479369
9962,2432.12890625,-3.2289975
9963,2432.373046875,-3.109878
9964,2432.6171875,-2.9130254
9965,2432.861328125,-2.6728973
9966,2433.10546875,-2.5409122
9967,2433.349609375,-2.3451393
9968,2433.59375,-2.1851737
9969,2433.837890625,-1.9568317
9970,2434.08203125,-1.7062674
9971,2434.326171875,-1.4329407
9972,2434.5703125,-1.235548
9973,2434.814453125,-0.9649206
9974,2435.05859375,-0.71849465
9975,2435.302734375,-0.47089916
9976,2435.546875,-0.1437709
9977,2435.791015625,0.10554521
9978,2436.03515625,0.41267782
9979,2436.279296875,0.7128378
9980,2436.5234375,1.0128853
9981,2436.767578125,1.2580516
9982,2437.01171875,1.5004064
9983,2437.255859375,1.7586745
9984,2437.5,1.9454732
9985,2437.744140625,2.1822612
9986,2437.98828125,2.3056877
9987,2438.232421875,2.4431157
9988,2438.4765625,2.601462
9989,2438.720703125,2.7528913
9990,2438.96484375,2.86226
9991,2439.208984375,3.0112154
9992,2439.453125,3.1783898
9993,2439.697265625,3.224949
9994,2439.94140625,3.3784587
9995,2440.185546875,3.4843416
9996,2440.4296875,3.5098703
9997,2440.673828125,3.4531896
9998,2440.91796875,3.4631987
9999,2441.162109375,3.4810238
10000,2441.40625,3.4278295
10001,2441.650390625,3.323971
10002,2441.89453125,3.237432
10003,2442.138671875,3.1485872
10004,2442.3828125,3.0134084
10005,2442.626953125,2.8018682
10006,2442.87109375,2.6584234
10007,2443.115234375,2.502383
10008,2443.359375,2.3112545
10009,2443.603515625,2.118383
10010,2443.84765625,1.905718
10011,2444.091796875,1.6705046
10012,2444.3359375,1.3746182
10013,2444.580078125,1.1373241
10014,2444.82421875,0.8963751
10015,2445.068359375,0.6366451
10016,2445.3125,0.33828446
10017,2445.556640625,0.055837184
10018,2445.80078125,-0.23580948
10019,2446.044921875,-0.5076966
10020,2446.2890625,-0.8065746
10021,2446.533203125,-1.1179582
10022,2446.77734375,-1.4093688
10023,2447.021484375,-1.5946155
10024,2447.265625,-1.8855761
10025,2447.509765625,-2.111399
10026,2447.75390625,-2.2809012
10027,2447.998046875,-2.4707363
10028,2448.2421875,-2.6494153
10029,2448.486328125,-2.7361457
10030,2448.73046875,-2.8685806
10031,2448.974609375,-3.0178394
10032,2449.21875,-3.171867
10033,2449.462890625,-3.288197
10034,2449.70703125,-3.3779864
10035,2449.951171875,-3.5284152
10036,2450.1953125,-3.5995808
10037,2450.439453125,-3.628821
10038,2450.68359375,-3.599851
10039,2450.927734375,-3.6151454
10040,2451.171875,-3.5886045
10041,2451.416015625,-3.511321
10042,2451.66015625,-3.438536
10043,2451.904296875,-3.3805056
10044,2452.1484375,-3.236015
10045,2452.392578125,-3.1285915
10046,2452.63671875,-2.978523
10047,2452.880859375,-2.7907572
10048,2453.125,-2.5750108
10049,2453.369140625,-2.3771684
10050,2453.61328125,-2.2055967
10051,2453.857421875,-1.9912901
10052,2454.1015625,-1.7445942
10053,2454.345703125,-1.4800847
10054,2454.58984375,-1.2608294
10055,2454.833984375,-1.0402248
10056,2455.078125,-0.77445555
10057,2455.322265625,-0.49600062
10058,2455.56640625,-0.22753231
10059,2455.810546875,0.04925818
10060,2456.0546875,0.35211727
10061,2456.298828125,0.6594186
10062,2456.54296875,0.9375923
10063,2456.787109375,1.2014272
10064,2457.03125,1.4912409
10065,2457.275390625,1.7107657
10066,2457.51953125,1.9282104
10067,2457.763671875,2.128111
10068,2458.0078125,2.2897744
10069,2458.251953125,2.4538558
10070,2458.49609375,2.5903842
10071,2458.740234375,2.7481115
10072,2458.984375,2.8838527
10073,2459.228515625,2.9990134
10074,2459.47265625,3.129019
10075,2459.716796875,3.276175
10076,2459.9609375,3.3837445
10077,2460.205078125,3.4998612
10078,2460.44921875,3.5389416
10079,2460.693359375,3.578472
10080,2460.9375,3.5085769
10081,2461.181640625,3.475682
10082,2461.42578125,3.4197323
10083,2461.669921875,3.3676064
10084,2461.9140625,3.2347329
10085,2462.158203125,3.1775463
10086,2462.40234375,3.0957303
10087,2462.646484375,2.909269
10088,2462.890625,2.7118428
10089,2463.134765625,2.5152037
10090,2463.37890625,2.3141785
10091,2463.623046875,2.1134908
10092,2463.8671875,1.9197757
10093,2464.111328125,1.712509
10094,2464.35546875,1.4582334
10095,2464.599609375,1.1660581
10096,2464.84375,0.9128508
10097,2465.087890625,0.654414
10098,2465.33203125,0.37365365
10099,2465.576171875,0.07742981
10100,2465.8203125,-0.19442362
10101,2466.064453125,-0.4394999
10102,2466.30859375,-0.7718464
10103,2466.552734375,-1.0377057
10104,2466.796875,-1.3816582
10105,2467.041015625,-1.631233
10106,2467.28515625,-1.8694717
10107,2467.529296875,-2.0802696
10108,2467.7734375,-2.2945764
10109,2468.017578125,-2.4708264
10110,2468.26171875,-2.6274629
10111,2468.505859375,-2.7628665
10112,2468.75,-2.9117656
10113,2468.994140625,-2.9885995
10114,2469.23828125,-3.1444263
10115,2469.482421875,-3.2759614
10116,2469.7265625,-3.4101956
10117,2469.970703125,-3.526076
10118,2470.21484375,-3.625582
10119,2470.458984375,-3.6747053
10120,2470.703125,-3.6566215
10121,2470.947265625,-3.646005
10122,2471.19140625,-3.6691272
10123,2471.435546875,-3.598591
10124,2471.6796875,-3.5106914
10125,2471.923828125,-3.4150538
10126,2472.16796875,-3.3223855
10127,2472.412109375,-3.2042558
10128,2472.65625,-3.0177495
10129,2472.900390625,-2.8485174
10130,2473.14453125,-2.618106
10131,2473.388671875,-2.4173844
10132,2473.6328125,-2.28405
10133,2473.876953125,-2.0744216
10134,2474.12109375,-1.7976762
10135,2474.365234375,-1.5444126
10136,2474.609375,-1.3386528
10137,2474.853515625,-1.0680254
10138,2475.09765625,-0.7910999
10139,2475.341796875,-0.538916
10140,2475.5859375,-0.26828837
10141,2475.830078125,-0.026271028
10142,2476.07421875,0.29717976
10143,2476.318359375,0.6224187
10144,2476.5625,0.9111076
10145,2476.806640625,1.1472208
10146,2477.05078125,1.4280374
10147,2477.294921875,1.6526794
10148,2477.5390625,1.8926724
10149,2477.783203125,2.0754788
10150,2478.02734375,2.3176649
10151,2478.271484375,2.4792159
10152,2478.515625,2.6051168
10153,2478.759765625,2.7234826
10154,2479.00390625,2.864397
10155,2479.248046875,3.0031183
10156,2479.4921875,3.07813
10157,2479.736328125,3.2510397
10158,2479.98046875,3.3754787
10159,2480.224609375,3.4702275
10160,2480.46875,3.5323064
10161,2480.712890625,3.5133004
10162,2480.95703125,3.5111072
10163,2481.201171875,3.4858036
10164,2481.4453125,3.458644
10165,2481.689453125,3.4229374
10166,2481.93359375,3.3155367
10167,2482.177734375,3.2027378
10168,2482.421875,3.1065266
10169,2482.666015625,2.970448
10170,2482.91015625,2.7551405
10171,2483.154296875,2.5592885
10172,2483.3984375,2.4215794
10173,2483.642578125,2.28089
10174,2483.88671875,2.0288072
10175,2484.130859375,1.7698644
10176,2484.375,1.5182878
10177,2484.619140625,1.2925774
10178,2484.86328125,1.0017517
10179,2485.107421875,0.7134564
10180,2485.3515625,0.51687354
10181,2485.595703125,0.22863443
10182,2485.83984375,-0.03850685
10183,2486.083984375,-0.31480253
10184,2486.328125,-0.63851196
10185,2486.572265625,-0.9091396
10186,2486.81640625,-1.244455
10187,2487.060546875,-1.5030267
10188,2487.3046875,-1.718773
10189,2487.548828125,-1.9480149
10190,2487.79296875,-2.1509855
10191,2488.037109375,-2.3795075
10192,2488.28125,-2.4853115
10193,2488.525390625,-2.6578724
10194,2488.76953125,-2.8119898
10195,2489.013671875,-2.9358776
10196,2489.2578125,-3.0528376
10197,2489.501953125,-3.210284
10198,2489.74609375,-3.3391197
10199,2489.990234375,-3.4407852
10200,2490.234375,-3.5368724
10201,2490.478515625,-3.6245024
10202,2490.72265625,-3.60156
10203,2490.966796875,-3.554866
10204,2491.2109375,-3.575739
10205,2491.455078125,-3.5689013
10206,2491.69921875,-3.4819012
10207,2491.943359375,-3.380056
10208,2492.1875,-3.3120391
10209,2492.431640625,-3.1966984
10210,2492.67578125,-3.0784788
10211,2492.919921875,-2.834752
10212,2493.1640625,-2.697099
10213,2493.408203125,-2.5254376
10214,2493.65234375,-2.316799
10215,2493.896484375,-2.0952945
10216,2494.140625,-1.8943931
10217,2494.384765625,-1.6654214
10218,2494.62890625,-1.3514285
10219,2494.873046875,-1.156645
10220,2495.1171875,-0.9405388
10221,2495.361328125,-0.6577654
10222,2495.60546875,-0.35276955
10223,2495.849609375,-0.07404471
10224,2496.09375,0.18393095
10225,2496.337890625,0.47110164
10226,2496.58203125,0.74303377
10227,2496.826171875,1.0915523
10228,2497.0703125,1.3106275
10229,2497.314453125,1.5834031
10230,2497.55859375,1.8540419
10231,2497.802734375,2.0096326
10232,2498.046875,2.1996925
10233,2498.291015625,2.3817117
10234,2498.53515625,2.504576
10235,2498.779296875,2.6643276
10236,2499.0234375,2.775046
10237,2499.267578125,2.9639254
10238,2499.51171875,3.0575497
10239,2499.755859375,3.1915479
10240,2500.0,3.349444
10241,2500.244140625,3.4743886
10242,2500.48828125,3.5216787
10243,2500.732421875,3.4959812
10244,2500.9765625,3.5328686
10245,2501.220703125,3.528539
10246,2501.46484375,3.4860284
10247,2501.708984375,3.4034252
10248,2501.953125,3.3405592
10249,2502.197265625,3.2329335
10250,2502.44140625,3.1199095
10251,2502.685546875,2.9612262
10252,2502.9296875,2.8275094
10253,2503.173828125,2.6406546
10254,2503.41796875,2.439292
10255,2503.662109375,2.2777972
10256,2503.90625,2.0826201
10257,2504.150390625,1.7792549
10258,2504.39453125,1.5664214
10259,2504.638671875,1.2983129
10260,2504.8828125,1.0656861
10261,2505.126953125,0.764289
10262,2505.37109375,0.51254374
10263,2505.615234375,0.20012541
10264,2505.859375,-0.059199784
10265,2506.103515625,-0.34170333
10266,2506.34765625,-0.6709009
10267,2506.591796875,-0.9290228
10268,2506.8359375,-1.2189038
10269,2507.080078125,-1.5274084
10270,2507.32421875,-1.7417152
10271,2507.568359375,-1.9692475
10272,2507.8125,-2.1662803
10273,2508.056640625,-2.3710504
10274,2508.30078125,-2.5165308
10275,2508.544921875,-2.685943
10276,2508.7890625,-2.8006535
10277,2509.033203125,-2.9713254
10278,2509.27734375,-3.0830672
10279,2509.521484375,-3.1699774
10280,2509.765625,-3.3451478
10281,2510.009765625,-3.4607582
10282,2510.25390625,-3.5742097
10283,2510.498046875,-3.6314301
10284,2510.7421875,-3.6744351
10285,2510.986328125,-3.6525729
10286,2511.23046875,-3.6129863
10287,2511.474609375,-3.5894144
10288,2511.71875,-3.569261
10289,2511.962890625,-3.467326
10290,2512.20703125,-3.3299427
10291,2512.451171875,-3.25005
10292,2512.6953125,-3.1313806
10293,2512.939453125,-2.9261608
10294,2513.18359375,-2.7171621
10295,2513.427734375,-2.5439713
10296,2513.671875,-2.3607037
10297,2513.916015625,-2.1388397
10298,2514.16015625,-1.9453157
10299,2514.404296875,-1.6865641
10300,2514.6484375,-1.4485054
10301,2514.892578125,-1.1739192
10302,2515.13671875,-0.92047566
10303,2515.380859375,-0.67126083
10304,2515.625,-0.3614066
10305,2515.869140625,-0.07818331
10306,2516.11328125,0.15913315
10307,2516.357421875,0.46688432
10308,2516.6015625,0.770137
10309,2516.845703125,1.0514597
10310,2517.08984375,1.3159132
10311,2517.333984375,1.5409489
10312,2517.578125,1.8591589
10313,2517.822265625,2.036117
10314,2518.06640625,2.2093644
10315,2518.310546875,2.3925643
10316,2518.5546875,2.5901031
10317,2518.798828125,2.7334354
10318,2519.04296875,2.8431416
10319,2519.287109375,2.9901853
10320,2519.53125,3.1061893
10321,2519.775390625,3.2474973
10322,2520.01953125,3.3435397
10323,2520.263671875,3.4687095
10324,2520.5078125,3.5865128
10325,2520.751953125,3.62042
10326,2520.99609375,3.5721178
10327,2521.240234375,3.5225785
10328,2521.484375,3.5406847
10329,2521.728515625,3.4481852
10330,2521.97265625,3.335386
10331,2522.216796875,3.2730825
10332,2522.4609375,3.1590464
10333,2522.705078125,3.0321896
10334,2522.94921875,2.8274534
10335,2523.193359375,2.6425102
10336,2523.4375,2.4635837
10337,2523.681640625,2.2542927
10338,2523.92578125,2.060634
10339,2524.169921875,1.8770967
10340,2524.4140625,1.6163543
10341,2524.658203125,1.3519008
10342,2524.90234375,1.0843548
10343,2525.146484375,0.8633114
10344,2525.390625,0.5365543
10345,2525.634765625,0.2758683
10346,2525.87890625,-0.0005398157
10347,2526.123046875,-0.29797825
10348,2526.3671875,-0.6035139
10349,2526.611328125,-0.9332513
10350,2526.85546875,-1.2252916
10351,2527.099609375,-1.4806244
10352,2527.34375,-1.6895331
10353,2527.587890625,-1.9924598
10354,2527.83203125,-2.1692493
10355,2528.076171875,-2.3652923
10356,2528.3203125,-2.5761805
10357,2528.564453125,-2.744423
10358,2528.80859375,-2.8437488
10359,2529.052734375,-2.9654772
10360,2529.296875,-3.097732
10361,2529.541015625,-3.2313366
10362,2529.78515625,-3.3465872
10363,2530.029296875,-3.467056
10364,2530.2734375,-3.6045294
10365,2530.517578125,-3.6946783
10366,2530.76171875,-3.742992
10367,2531.005859375,-3.7299461
10368,2531.25,-3.6685874
10369,2531.494140625,-3.6565316
10370,2531.73828125,-3.5772684
10371,2531.982421875,-3.5340834
10372,2532.2265625,-3.4361968
10373,2532.470703125,-3.2854981
10374,2532.71484375,-3.168358
10375,2532.958984375,-3.0092025
10376,2533.203125,-2.8029928
10377,2533.447265625,-2.6351101
10378,2533.69140625,-2.4345686
10379,2533.935546875,-2.2074862
10380,2534.1796875,-1.9988475
10381,2534.423828125,-1.765737
10382,2534.66796875,-1.5181416
10383,2534.912109375,-1.2630787
10384,2535.15625,-1.0003684
10385,2535.400390625,-0.71777487
10386,2535.64453125,-0.4518257
10387,2535.888671875,-0.1924443
10388,2536.1328125,0.102564976
10389,2536.376953125,0.40874165
10390,2536.62109375,0.694113
10391,2536.865234375,1.0246376
10392,2537.109375,1.2617629
10393,2537.353515625,1.5259352
10394,2537.59765625,1.7575499
10395,2537.841796875,1.9648167
10396,2538.0859375,2.2135253
10397,2538.330078125,2.399312
10398,2538.57421875,2.5329163
10399,2538.818359375,2.6840086
10400,2539.0625,2.7845492
10401,2539.306640625,2.964994
10402,2539.55078125,3.0801544
10403,2539.794921875,3.21061
10404,2540.0390625,3.3153117
10405,2540.283203125,3.4507716
10406,2540.52734375,3.527077
10407,2540.771484375,3.567563
10408,2541.015625,3.5973654
10409,2541.259765625,3.5318003
10410,2541.50390625,3.4921014
10411,2541.748046875,3.5057092
10412,2541.9921875,3.4301913
10413,2542.236328125,3.3067646
10414,2542.48046875,3.2144337
10415,2542.724609375,3.079311
10416,2542.96875,2.9066262
10417,2543.212890625,2.7586267
10418,2543.45703125,2.5391018
10419,2543.701171875,2.388572
10420,2543.9453125,2.1621866
10421,2544.189453125,1.8959901
10422,2544.43359375,1.7152643
10423,2544.677734375,1.4151043
10424,2544.921875,1.1596478
10425,2545.166015625,0.939223
10426,2545.41015625,0.66352344
10427,2545.654296875,0.40300614
10428,2545.8984375,0.11583544
10429,2546.142578125,-0.1856966
10430,2546.38671875,-0.46847004
10431,2546.630859375,-0.7740057
10432,2546.875,-1.0714442
10433,2547.119140625,-1.3416219
10434,2547.36328125,-1.6261047
10435,2547.607421875,-1.8286256
10436,2547.8515625,-2.0969138
10437,2548.095703125,-2.278382
10438,2548.33984375,-2.4230525
10439,2548.583984375,-2.5840976
10440,2548.828125,-2.7846391
10441,2549.072265625,-2.8825257
10442,2549.31640625,-2.9967868
10443,2549.560546875,-3.1532433
10444,2549.8046875,-3.2754216
10445,2550.048828125,-3.4004788
10446,2550.29296875,-3.5092516
10447,2550.537109375,-3.6072283
10448,2550.78125,-3.6443856
10449,2551.025390625,-3.6509533
10450,2551.26953125,-3.6344888
10451,2551.513671875,-3.6595006
10452,2551.7578125,-3.576279
10453,2552.001953125,-3.4566197
10454,2552.24609375,-3.4172132
10455,2552.490234375,-3.3394797
10456,2552.734375,-3.1909404
10457,2552.978515625,-3.0214384
10458,2553.22265625,-2.8626425
10459,2553.466796875,-2.661921
10460,2553.7109375,-2.4975471
10461,2553.955078125,-2.3137398
10462,2554.19921875,-2.0752313
10463,2554.443359375,-1.8276359
10464,2554.6875,-1.6090106
10465,2554.931640625,-1.3574564
10466,2555.17578125,-1.0983449
10467,2555.419921875,-0.8482303
10468,2555.6640625,-0.5749936
10469,2555.908203125,-0.28619227
10470,2556.15234375,-0.006837665
10471,2556.396484375,0.25573766
10472,2556.640625,0.5738353
10473,2556.884765625,0.8436307
10474,2557.12890625,1.121467
10475,2557.373046875,1.4166788
10476,2557.6171875,1.6743845
10477,2557.861328125,1.9007134
10478,2558.10546875,2.0414593
10479,2558.349609375,2.2711058
10480,2558.59375,2.419105
10481,2558.837890625,2.583074
10482,2559.08203125,2.6864264
10483,2559.326171875,2.818625
10484,2559.5703125,2.9613388
10485,2559.814453125,3.069021
10486,2560.05859375,3.2418742
10487,2560.302734375,3.3840258
10488,2560.546875,3.4877715
10489,2560.791015625,3.5095892
10490,2561.03515625,3.5619962
10491,2561.279296875,3.5116134
10492,2561.5234375,3.5050342
10493,2561.767578125,3.4449239
10494,2562.01171875,3.3957217
10495,2562.255859375,3.2949
10496,2562.5,3.156066
10497,2562.744140625,3.07515
10498,2562.98828125,2.9616199
10499,2563.232421875,2.7670052
10500,2563.4765625,2.5941517
10501,2563.720703125,2.3984122
10502,2563.96484375,2.2007048
10503,2564.208984375,2.0184608
10504,2564.453125,1.762217
10505,2564.697265625,1.5177255
10506,2564.94140625,1.2563084
10507,2565.185546875,0.9667761
10508,2565.4296875,0.7371858
10509,2565.673828125,0.5190103
10510,2565.91796875,0.20856003
10511,2566.162109375,-0.073504895
10512,2566.40625,-0.32829788
10513,2566.650390625,-0.6108014
10514,2566.89453125,-0.94773644
10515,2567.138671875,-1.2524623
10516,2567.3828125,-1.5191312
10517,2567.626953125,-1.7374867
10518,2567.87109375,-1.920754
10519,2568.115234375,-2.1696992
10520,2568.359375,-2.3554857
10521,2568.603515625,-2.4704666
10522,2568.84765625,-2.6393387
10523,2569.091796875,-2.770514
10524,2569.3359375,-2.9102364
10525,2569.580078125,-3.0056036
10526,2569.82421875,-3.1545029
10527,2570.068359375,-3.2689438
10528,2570.3125,-3.4182928
10529,2570.556640625,-3.4786623
10530,2570.80078125,-3.5770886
10531,2571.044921875,-3.5975115
10532,2571.2890625,-3.5594544
10533,2571.533203125,-3.555226
10534,2571.77734375,-3.5272455
10535,2572.021484375,-3.464627
10536,2572.265625,-3.3403792
10537,2572.509765625,-3.2595868
10538,2572.75390625,-3.1995773
10539,2572.998046875,-3.0021849
10540,2573.2421875,-2.81172
10541,2573.486328125,-2.6443772
10542,2573.73046875,-2.498087
10543,2573.974609375,-2.3083417
10544,2574.21875,-2.0888166
10545,2574.462890625,-1.8961926
10546,2574.70703125,-1.6553447
10547,2574.951171875,-1.3654637
10548,2575.1953125,-1.1208372
10549,2575.439453125,-0.86586434
10550,2575.68359375,-0.61862874
10551,2575.927734375,-0.35951725
10552,2576.171875,-0.09635709
10553,2576.416015625,0.19523333
10554,2576.66015625,0.449509
10555,2576.904296875,0.804719
10556,2577.1484375,1.0991434
10557,2577.392578125,1.3629222
10558,2577.63671875,1.5738438
10559,2577.880859375,1.8373413
10560,2578.125,2.0793586
10561,2578.369140625,2.2086897
10562,2578.61328125,2.3792377
10563,2578.857421875,2.5654178
10564,2579.1015625,2.685583
10565,2579.345703125,2.781344
10566,2579.58984375,2.9657812
10567,2579.833984375,3.0643537
10568,2580.078125,3.1848564
10569,2580.322265625,3.2878146
10570,2580.56640625,3.4400878
10571,2580.810546875,3.4886713
10572,2581.0546875,3.5117822
10573,2581.298828125,3.4890084
10574,2581.54296875,3.4915953
10575,2581.787109375,3.424006
10576,2582.03125,3.3615334
10577,2582.275390625,3.3097448
10578,2582.51953125,3.1985204
10579,2582.763671875,3.0920753
10580,2583.0078125,2.959202
10581,2583.251953125,2.7590203
10582,2583.49609375,2.5847049
10583,2583.740234375,2.4131448
10584,2583.984375,2.228258
10585,2584.228515625,2.0343742
10586,2584.47265625,1.7796485
10587,2584.716796875,1.5447725
10588,2584.9609375,1.2897096
10589,2585.205078125,1.0415632
10590,2585.44921875,0.7683939
10591,2585.693359375,0.52699506
10592,2585.9375,0.21733204
10593,2586.181640625,-0.018533671
10594,2586.42578125,-0.31723168
10595,2586.669921875,-0.59676623
10596,2586.9140625,-0.93640023
10597,2587.158203125,-1.197941
10598,2587.40234375,-1.4829637
10599,2587.646484375,-1.72777
10600,2587.890625,-1.9410871
10601,2588.134765625,-2.1659205
10602,2588.37890625,-2.3847256
10603,2588.623046875,-2.5311058
10604,2588.8671875,-2.6512148
10605,2589.111328125,-2.7910268
10606,2589.35546875,-2.9291298
10607,2589.599609375,-3.0501385
10608,2589.84375,-3.1583714
10609,2590.087890625,-3.326974
10610,2590.33203125,-3.438086
10611,2590.576171875,-3.5309343
10612,2590.8203125,-3.6132562
10613,2591.064453125,-3.6358385
10614,2591.30859375,-3.6355684
10615,2591.552734375,-3.5896842
10616,2591.796875,-3.586895
10617,2592.041015625,-3.5719604
10618,2592.28515625,-3.4638171
10619,2592.529296875,-3.329853
10620,2592.7734375,-3.1992176
10621,2593.017578125,-3.1301212
10622,2593.26171875,-2.9140148
10623,2593.505859375,-2.7162626
10624,2593.75,-2.5473902
10625,2593.994140625,-2.3939025
10626,2594.23828125,-2.1455872
10627,2594.482421875,-1.9388379
10628,2594.7265625,-1.6957409
10629,2594.970703125,-1.411528
10630,2595.21484375,-1.1923628
10631,2595.458984375,-0.9624014
10632,2595.703125,-0.70373964
10633,2595.947265625,-0.4155681
10634,2596.19140625,-0.13630345
10635,2596.435546875,0.13084906
10636,2596.6796875,0.41773862
10637,2596.923828125,0.7497815
10638,2597.16796875,1.0311604
10639,2597.412109375,1.2880228
10640,2597.65625,1.5535445
10641,2597.900390625,1.7464724
10642,2598.14453125,2.0018728
10643,2598.388671875,2.1859162
10644,2598.6328125,2.346455
10645,2598.876953125,2.515766
10646,2599.12109375,2.6440845
10647,2599.365234375,2.781569
10648,2599.609375,2.8894758
10649,2599.853515625,3.0382063
10650,2600.09765625,3.1791205
10651,2600.341796875,3.293213
10652,2600.5859375,3.412366
10653,2600.830078125,3.4945755
10654,2601.07421875,3.4817548
10655,2601.318359375,3.4714646
10656,2601.5625,3.4556637
10657,2601.806640625,3.4876592
10658,2602.05078125,3.3872309
10659,2602.294921875,3.3297067
10660,2602.5390625,3.2197757
10661,2602.783203125,3.1334612
10662,2603.02734375,3.0197625
10663,2603.271484375,2.8366752
10664,2603.515625,2.6857514
10665,2603.759765625,2.451438
10666,2604.00390625,2.2857258
10667,2604.248046875,2.0971277
10668,2604.4921875,1.8699552
10669,2604.736328125,1.6314242
10670,2604.98046875,1.3912061
10671,2605.224609375,1.1123015
10672,2605.46875,0.84498024
10673,2605.712890625,0.56388247
10674,2605.95703125,0.30977547
10675,2606.201171875,0.05729918
10676,2606.4453125,-0.22663261
10677,2606.689453125,-0.5406254
10678,2606.93359375,-0.85974646
10679,2607.177734375,-1.1524165
10680,2607.421875,-1.4260131
10681,2607.666015625,-1.6502165
10682,2607.91015625,-1.8984418
10683,2608.154296875,-2.1164372
10684,2608.3984375,-2.2781122
10685,2608.642578125,-2.468487
10686,2608.88671875,-2.6393387
10687,2609.130859375,-2.7666452
10688,2609.375,-2.8887336
10689,2609.619140625,-3.0643537
10690,2609.86328125,-3.1609807
10691,2610.107421875,-3.259227
10692,2610.3515625,-3.4022782
10693,2610.595703125,-3.5531566
10694,2610.83984375,-3.6270213
10695,2611.083984375,-3.5950823
10696,2611.328125,-3.6324196
10697,2611.572265625,-3.643486
10698,2611.81640625,-3.5999408
10699,2612.060546875,-3.5445197
10700,2612.3046875,-3.4694853
10701,2612.548828125,-3.3857238
10702,2612.79296875,-3.2351153
10703,2613.037109375,-3.1450562
10704,2613.28125,-3.007493
10705,2613.525390625,-2.7917466
10706,2613.76953125,-2.6020017
10707,2614.013671875,-2.436188
10708,2614.2578125,-2.2113547
10709,2614.501953125,-2.0113533
10710,2614.74609375,-1.7556605
10711,2614.990234375,-1.5077051
10712,2615.234375,-1.2470641
10713,2615.478515625,-0.97157824
10714,2615.72265625,-0.73927754
10715,2615.966796875,-0.50571734
10716,2616.2109375,-0.15294777
10717,2616.455078125,0.07158181
10718,2616.69921875,0.36415067
10719,2616.943359375,0.66999
10720,2617.1875,0.9758855
10721,2617.431640625,1.289822
10722,2617.67578125,1.5335263
10723,2617.919921875,1.743942
10724,2618.1640625,1.9652663
10725,2618.408203125,2.1357582
10726,2618.65234375,2.3417315
10727,2618.896484375,2.4676886
10728,2619.140625,2.6477396
10729,2619.384765625,2.7939959
10730,2619.62890625,2.9366534
10731,2619.873046875,3.010653
10732,2620.1171875,3.1693366
10733,2620.361328125,3.2963617
10734,2620.60546875,3.40365
10735,2620.849609375,3.5040221
10736,2621.09375,3.5781343
10737,2621.337890625,3.544396
10738,2621.58203125,3.4974995
10739,2621.826171875,3.5293822
10740,2622.0703125,3.4853535
10741,2622.314453125,3.3326309
10742,2622.55859375,3.2291098
10743,2622.802734375,3.1664686
10744,2623.046875,3.04889
10745,2623.291015625,2.8669274
10746,2623.53515625,2.6365497
10747,2623.779296875,2.5311732
10748,2624.0234375,2.373502
10749,2624.267578125,2.1205196
10750,2624.51171875,1.924443
10751,2624.755859375,1.6638694
10752,2625.0,1.4056575
10753,2625.244140625,1.1931051
10754,2625.48828125,0.9280331
10755,2625.732421875,0.6623988
10756,2625.9765625,0.37545305
10757,2626.220703125,0.077036195
10758,2626.46484375,-0.14763959
10759,2626.708984375,-0.41016993
10760,2626.953125,-0.75502217
10761,2627.197265625,-1.0071161
10762,2627.44140625,-1.3291161
10763,2627.685546875,-1.5590776
10764,2627.9296875,-1.7851704
10765,2628.173828125,-1.9990274
10766,2628.41796875,-2.205327
10767,2628.662109375,-2.3766284
10768,2628.90625,-2.5252578
10769,2629.150390625,-2.670918
10770,2629.39453125,-2.7864385
10771,2629.638671875,-2.9234617
10772,2629.8828125,-3.10349
10773,2630.126953125,-3.2146022
10774,2630.37109375,-3.312399
10775,2630.615234375,-3.4955764
10776,2630.859375,-3.57349
10777,2631.103515625,-3.6331396
10778,2631.34765625,-3.6114569
10779,2631.591796875,-3.5914836
10780,2631.8359375,-3.6263018
10781,2632.080078125,-3.5564857
10782,2632.32421875,-3.508802
10783,2632.568359375,-3.3898625
10784,2632.8125,-3.3107796
10785,2633.056640625,-3.1580117
10786,2633.30078125,-3.0152302
10787,2633.544921875,-2.8362815
10788,2633.7890625,-2.6630006
10789,2634.033203125,-2.4373577
10790,2634.27734375,-2.3044732
10791,2634.521484375,-2.0910661
10792,2634.765625,-1.8304249
10793,2635.009765625,-1.5937159
10794,2635.25390625,-1.3443209
10795,2635.498046875,-1.0998745
10796,2635.7421875,-0.8168311
10797,2635.986328125,-0.5583494
10798,2636.23046875,-0.2955491
10799,2636.474609375,-0.05119252
10800,2636.71875,0.26484707
10801,2636.962890625,0.57839
10802,2637.20703125,0.877088
10803,2637.451171875,1.1241099
10804,2637.6953125,1.4268565
10805,2637.939453125,1.6855183
10806,2638.18359375,1.8763094
10807,2638.427734375,2.059453
10808,2638.671875,2.2722867
10809,2638.916015625,2.4299579
10810,2639.16015625,2.518465
10811,2639.404296875,2.6822653
10812,2639.6484375,2.8416798
10813,2639.892578125,2.9359226
10814,2640.13671875,3.0424237
10815,2640.380859375,3.1663
10816,2640.625,3.3732295
10817,2640.869140625,3.4719708
10818,2641.11328125,3.4763567
10819,2641.357421875,3.4972184
10820,2641.6015625,3.446273
10821,2641.845703125,3.4324405
10822,2642.08984375,3.3994331
10823,2642.333984375,3.3635576
10824,2642.578125,3.229616
10825,2642.822265625,3.179683
10826,2643.06640625,3.0469222
10827,2643.310546875,2.9026902
10828,2643.5546875,2.7092562
10829,2643.798828125,2.52943
10830,2644.04296875,2.3974564
10831,2644.287109375,2.1908083
10832,2644.53125,1.9618363
10833,2644.775390625,1.7696956
10834,2645.01953125,1.5041176
10835,2645.263671875,1.2531595
10836,2645.5078125,0.9777974
10837,2645.751953125,0.7444958
10838,2645.99609375,0.50467145
10839,2646.240234375,0.22368611
10840,2646.484375,-0.0550612
10841,2646.728515625,-0.3575379
10842,2646.97265625,-0.65146756
10843,2647.216796875,-0.93559057
10844,2647.4609375,-1.2266412
10845,2647.705078125,-1.5210207
10846,2647.94921875,-1.7417152
10847,2648.193359375,-1.9492744
10848,2648.4375,-2.179056
10849,2648.681640625,-2.351887
10850,2648.92578125,-2.5029454
10851,2649.169921875,-2.6610212
10852,2649.4140625,-2.7872484
10853,2649.658203125,-2.9262507
10854,2649.90234375,-3.0237775
10855,2650.146484375,-3.2146924
10856,2650.390625,-3.3541446
10857,2650.634765625,-3.4518511
10858,2650.87890625,-3.549288
10859,2651.123046875,-3.6705666
10860,2651.3671875,-3.6411467
10861,2651.611328125,-3.6228828
10862,2651.85546875,-3.6206336
10863,2652.099609375,-3.6304402
10864,2652.34375,-3.5052931
10865,2652.587890625,-3.423781
10866,2652.83203125,-3.3697093
10867,2653.076171875,-3.241863
10868,2653.3203125,-3.0652533
10869,2653.564453125,-2.8705597
10870,2653.80859375,-2.7151828
10871,2654.052734375,-2.4907095
10872,2654.296875,-2.3211174
10873,2654.541015625,-2.1148179
10874,2654.78515625,-1.8883653
10875,2655.029296875,-1.6279042
10876,2655.2734375,-1.3583561
10877,2655.517578125,-1.1164289
10878,2655.76171875,-0.86928314
10879,2656.005859375,-0.58462036
10880,2656.25,-0.32191005
10881,2656.494140625,-0.026990782
10882,2656.73828125,0.2048488
10883,2656.982421875,0.5195726
10884,2657.2265625,0.8344089
10885,2657.470703125,1.1537435
10886,2657.71484375,1.3993596
10887,2657.958984375,1.6525108
10888,2658.203125,1.880133
10889,2658.447265625,2.0431461
10890,2658.69140625,2.2883687
10891,2658.935546875,2.455093
10892,2659.1796875,2.5831304
10893,2659.423828125,2.7283185
10894,2659.66796875,2.8645093
10895,2659.912109375,3.0251045
10896,2660.15625,3.1302
10897,2660.400390625,3.2394001
10898,2660.64453125,3.36457
10899,2660.888671875,3.5163367
10900,2661.1328125,3.519823
10901,2661.376953125,3.5116134
10902,2661.62109375,3.5755477
10903,2661.865234375,3.54687
10904,2662.109375,3.4713523
10905,2662.353515625,3.3835196
10906,2662.59765625,3.3189104
10907,2662.841796875,3.209148
10908,2663.0859375,3.0883641
10909,2663.330078125,2.9400835
10910,2663.57421875,2.7677362
10911,2663.818359375,2.5707598
10912,2664.0625,2.3736708
10913,2664.306640625,2.2384357
10914,2664.55078125,1.9937754
10915,2664.794921875,1.7640164
10916,2665.0390625,1.4974263
10917,2665.283203125,1.2862233
10918,2665.52734375,1.0194644
10919,2665.771484375,0.7635018
10920,2666.015625,0.47025818
10921,2666.259765625,0.22273019
10922,2666.50390625,-0.072155364
10923,2666.748046875,-0.38542837
10924,2666.9921875,-0.6661325
10925,2667.236328125,-0.98984194
10926,2667.48046875,-1.2666775
10927,2667.724609375,-1.5907469
10928,2667.96875,-1.7777929
10929,2668.212890625,-2.0134225
10930,2668.45703125,-2.264077
10931,2668.701171875,-2.4317796
10932,2668.9453125,-2.626833
10933,2669.189453125,-2.711854
10934,2669.43359375,-2.876138
10935,2669.677734375,-3.019729
10936,2669.921875,-3.1593614
10937,2670.166015625,-3.2612963
10938,2670.41015625,-3.4263
10939,2670.654296875,-3.5133004
10940,2670.8984375,-3.586895
10941,2671.142578125,-3.7200499
10942,2671.38671875,-3.7405627
10943,2671.630859375,-3.7556772
10944,2671.875,-3.7065542
10945,2672.119140625,-3.6675076
10946,2672.36328125,-3.6270213
10947,2672.607421875,-3.496476
10948,2672.8515625,-3.3982296
10949,2673.095703125,-3.3073606
10950,2673.33984375,-3.1623302
10951,2673.583984375,-2.975374
10952,2673.828125,-2.7643962
10953,2674.072265625,-2.6134276
10954,2674.31640625,-2.3742893
10955,2674.560546875,-2.1577332
10956,2674.8046875,-1.9227335
10957,2675.048828125,-1.7140948
10958,2675.29296875,-1.43501
10959,2675.537109375,-1.1686109
10960,2675.78125,-0.8888065
10961,2676.025390625,-0.6350931
10962,2676.26953125,-0.35663822
10963,2676.513671875,-0.061538983
10964,2676.7578125,0.18275009
10965,2677.001953125,0.49213195
10966,2677.24609375,0.83283436
10967,2677.490234375,1.1254032
10968,2677.734375,1.4235389
10969,2677.978515625,1.6549848
10970,2678.22265625,1.9051557
10971,2678.466796875,2.1321032
10972,2678.7109375,2.3111422
10973,2678.955078125,2.5028892
10974,2679.19921875,2.6516194
10975,2679.443359375,2.8038926
10976,2679.6875,2.8898695
10977,2679.931640625,3.048609
10978,2680.17578125,3.1956525
10979,2680.419921875,3.2866902
10980,2680.6640625,3.4051685
10981,2680.908203125,3.5346117
10982,2681.15234375,3.620139
10983,2681.396484375,3.6302605
10984,2681.640625,3.600233
10985,2681.884765625,3.5753229
10986,2682.12890625,3.5505815
10987,2682.373046875,3.4609494
10988,2682.6171875,3.382845
10989,2682.861328125,3.298386
10990,2683.10546875,3.1774337
10991,2683.349609375,3.0441105
10992,2683.59375,2.8495522
10993,2683.837890625,2.6727061
10994,2684.08203125,2.470725
10995,2684.326171875,2.2831392
10996,2684.5703125,2.1084862
10997,2684.814453125,1.8750722
10998,2685.05859375,1.6100003
10999,2685.302734375,1.3237855
11000,2685.546875,1.1009429
11001,2685.791015625,0.87495124
11002,2686.03515625,0.5877806
11003,2686.279296875,0.32799423
11004,2686.5234375,0.05268826
11005,2686.767578125,-0.20054151
11006,2687.01171875,-0.51246506
11007,2687.255859375,-0.82213926
11008,2687.5,-1.1409004
11009,2687.744140625,-1.4189055
11010,2687.98828125,-1.6367211
11011,2688.232421875,-1.909058
11012,2688.4765625,-2.0842285
11013,2688.720703125,-2.2923272
11014,2688.96484375,-2.500786
11015,2689.208984375,-2.658772
11016,2689.453125,-2.7456825
11017,2689.697265625,-2.9209425
11018,2689.94140625,-3.0411415
11019,2690.185546875,-3.1535132
11020,2690.4296875,-3.294585
11021,2690.673828125,-3.464627
11022,2690.91796875,-3.6047091
11023,2691.162109375,-3.6274714
11024,2691.40625,-3.6674178
11025,2691.650390625,-3.6728158
11026,2691.89453125,-3.6352086
11027,2692.138671875,-3.6150556
11028,2692.3828125,-3.593463
11029,2692.626953125,-3.5514472
11030,2692.87109375,-3.423601
11031,2693.115234375,-3.303582
11032,2693.359375,-3.1812236
11033,2693.603515625,-3.0306153
11034,2693.84765625,-2.828994
11035,2694.091796875,-2.633401
11036,2694.3359375,-2.465698
11037,2694.580078125,-2.2564297
11038,2694.82421875,-2.0401435
11039,2695.068359375,-1.8383422
11040,2695.3125,-1.5474715
11041,2695.556640625,-1.2692866
11042,2695.80078125,-1.0320376
11043,2696.044921875,-0.7541225
11044,2696.2890625,-0.47872654
11045,2696.533203125,-0.20387039
11046,2696.77734375,0.07377481
11047,2697.021484375,0.41554558
11048,2697.265625,0.65891254
11049,2697.509765625,0.9920799
11050,2697.75390625,1.2727842
11051,2697.998046875,1.5081662
11052,2698.2421875,1.7183008
11053,2698.486328125,1.9996235
11054,2698.73046875,2.1811364
11055,2698.974609375,2.374908
11056,2699.21875,2.481409
11057,2699.462890625,2.6474023
11058,2699.70703125,2.8075476
11059,2699.951171875,2.9268131
11060,2700.1953125,3.0436606
11061,2700.439453125,3.1713607
11062,2700.68359375,3.3044028
11063,2700.927734375,3.4056184
11064,2701.171875,3.518867
11065,2701.416015625,3.5621085
11066,2701.66015625,3.5093641
11067,2701.904296875,3.4770877
11068,2702.1484375,3.477425
11069,2702.392578125,3.4702275
11070,2702.63671875,3.349444
11071,2702.880859375,3.228435
11072,2703.125,3.1184478
11073,2703.369140625,3.037588
11074,2703.61328125,2.8389244
11075,2703.857421875,2.6718626
11076,2704.1015625,2.5119421
11077,2704.345703125,2.2974782
11078,2704.58984375,2.1127036
11079,2704.833984375,1.902569
11080,2705.078125,1.6634195
11081,2705.322265625,1.4712788
11082,2705.56640625,1.153125
11083,2705.810546875,0.9391106
11084,2706.0546875,0.67342
11085,2706.298828125,0.38664296
11086,2706.54296875,0.1367533
11087,2706.787109375,-0.104724236
11088,2707.03125,-0.41745746
11089,2707.275390625,-0.71633536
11090,2707.51953125,-0.9979392
11091,2707.763671875,-1.3155308
11092,2708.0078125,-1.5710436
11093,2708.251953125,-1.7930877
11094,2708.49609375,-2.002986
11095,2708.740234375,-2.213784
11096,2708.984375,-2.3508074
11097,2709.228515625,-2.5688028
11098,2709.47265625,-2.6829739
11099,2709.716796875,-2.784729
11100,2709.9609375,-2.9407358
11101,2710.205078125,-3.0972824
11102,2710.44921875,-3.19157
11103,2710.693359375,-3.3450577
11104,2710.9375,-3.4775825
11105,2711.181640625,-3.5637732
11106,2711.42578125,-3.5832965
11107,2711.669921875,-3.636738
11108,2711.9140625,-3.6439357
11109,2712.158203125,-3.6182046
11110,2712.40234375,-3.5623336
11111,2712.646484375,-3.545869
11112,2712.890625,-3.4325979
11113,2713.134765625,-3.2704732
11114,2713.37890625,-3.1931896
11115,2713.623046875,-3.0392523
11116,2713.8671875,-2.893682
11117,2714.111328125,-2.6643503
11118,2714.35546875,-2.48909
11119,2714.599609375,-2.305013
11120,2714.84375,-2.0950246
11121,2715.087890625,-1.848239
11122,2715.33203125,-1.6205267
11123,2715.576171875,-1.3900254
11124,2715.8203125,-1.1256057
11125,2716.064453125,-0.85344857
11126,2716.30859375,-0.5373865
11127,2716.552734375,-0.32397935
11128,2716.796875,-0.010706344
11129,2717.041015625,0.23667544
11130,2717.28515625,0.5262078
11131,2717.529296875,0.84576744
11132,2717.7734375,1.1471083
11133,2718.017578125,1.4088627
11134,2718.26171875,1.6341795
11135,2718.505859375,1.8614081
11136,2718.75,2.0620396
11137,2718.994140625,2.256542
11138,2719.23828125,2.4064534
11139,2719.482421875,2.5487733
11140,2719.7265625,2.681703
11141,2719.970703125,2.853432
11142,2720.21484375,2.940646
11143,2720.458984375,3.1126559
11144,2720.703125,3.216233
11145,2720.947265625,3.363164
11146,2721.19140625,3.4499283
11147,2721.435546875,3.483273
11148,2721.6796875,3.5059903
11149,2721.923828125,3.45139
11150,2722.16796875,3.4332838
11151,2722.412109375,3.4076426
11152,2722.65625,3.3450577
11153,2722.900390625,3.2363636
11154,2723.14453125,3.0962367
11155,2723.388671875,3.0260043
11156,2723.6328125,2.8582115
11157,2723.876953125,2.6654525
11158,2724.12109375,2.5103676
11159,2724.365234375,2.3219945
11160,2724.609375,2.1641545
11161,2724.853515625,1.9176389
11162,2725.09765625,1.700082
11163,2725.341796875,1.5043426
11164,2725.5859375,1.2477052
11165,2725.830078125,0.9652578
11166,2726.07421875,0.74309003
11167,2726.318359375,0.44546038
11168,2726.5625,0.20389289
11169,2726.806640625,-0.029959768
11170,2727.05078125,-0.37652144
11171,2727.294921875,-0.63122445
11172,2727.5390625,-0.9755368
11173,2727.783203125,-1.2253816
11174,2728.02734375,-1.4967289
11175,2728.271484375,-1.7167938
11176,2728.515625,-1.909238
11177,2728.759765625,-2.1621416
11178,2729.00390625,-2.328315
11179,2729.248046875,-2.4690268
11180,2729.4921875,-2.6675892
11181,2729.736328125,-2.7786112
11182,2729.98046875,-2.9269705
11183,2730.224609375,-3.0353835
11184,2730.46875,-3.2111835
11185,2730.712890625,-3.3403792
11186,2730.95703125,-3.4685855
11187,2731.201171875,-3.5635931
11188,2731.4453125,-3.6355684
11189,2731.689453125,-3.6246822
11190,2731.93359375,-3.5823066
11191,2732.177734375,-3.6025498
11192,2732.421875,-3.5673718
11193,2732.666015625,-3.473264
11194,2732.91015625,-3.400299
11195,2733.154296875,-3.326884
11196,2733.3984375,-3.2410533
11197,2733.642578125,-3.071731
11198,2733.88671875,-2.878297
11199,2734.130859375,-2.717702
11200,2734.375,-2.5388432
11201,2734.619140625,-2.336682
11202,2734.86328125,-2.1267838
11203,2735.107421875,-1.8901645
11204,2735.3515625,-1.6448183
11205,2735.595703125,-1.3968631
11206,2735.83984375,-1.1746389
11207,2736.083984375,-0.90761006
11208,2736.328125,-0.58462036
11209,2736.572265625,-0.3423331
11210,2736.81640625,-0.102744915
11211,2737.060546875,0.1847744
11212,2737.3046875,0.49336904
11213,2737.548828125,0.80438155
11214,2737.79296875,1.1077467
11215,2738.037109375,1.3508887
11216,2738.28125,1.6015093
11217,2738.525390625,1.8473505
11218,2738.76953125,2.035836
11219,2739.013671875,2.2054844
11220,2739.2578125,2.4203422
11221,2739.501953125,2.582512
11222,2739.74609375,2.6759675
11223,2739.990234375,2.7869673
11224,2740.234375,2.9778707
11225,2740.478515625,3.0748124
11226,2740.72265625,3.1653442
11227,2740.966796875,3.3201475
11228,2741.2109375,3.4668536
11229,2741.455078125,3.4499843
11230,2741.69921875,3.4831042
11231,2741.943359375,3.4662352
11232,2742.1875,3.4732077
11233,2742.431640625,3.420126
11234,2742.67578125,3.3627143
11235,2742.919921875,3.2972054
11236,2743.1640625,3.1607895
11237,2743.408203125,3.035676
11238,2743.65234375,2.9302995
11239,2743.896484375,2.7387772
11240,2744.140625,2.5239756
11241,2744.384765625,2.395151
11242,2744.62890625,2.174445
11243,2744.873046875,2.0023787
11244,2745.1171875,1.762217
11245,2745.361328125,1.4879794
11246,2745.60546875,1.2940394
11247,2745.849609375,1.0143474
11248,2746.09375,0.75011885
11249,2746.337890625,0.5223279
11250,2746.58203125,0.25585014
11251,2746.826171875,-0.045524456
11252,2747.0703125,-0.28016433
11253,2747.314453125,-0.5727444
11254,2747.55859375,-0.8897062
11255,2747.802734375,-1.2054085
11256,2748.046875,-1.4349201
11257,2748.291015625,-1.6899829
11258,2748.53515625,-1.8869258
11259,2748.779296875,-2.1366804
11260,2749.0234375,-2.3168888
11261,2749.267578125,-2.477844
11262,2749.51171875,-2.644917
11263,2749.755859375,-2.755939
11264,2750.0,-2.9060977
11265,2750.244140625,-2.992468
11266,2750.48828125,-3.1501844
11267,2750.732421875,-3.2845085
11268,2750.9765625,-3.4168534
11269,2751.220703125,-3.5426304
11270,2751.46484375,-3.6393473
11271,2751.708984375,-3.6642687
11272,2751.953125,-3.6065984
11273,2752.197265625,-3.5983212
11274,2752.44140625,-3.6012902
11275,2752.685546875,-3.5614338
11276,2752.9296875,-3.4695752
11277,2753.173828125,-3.3118591
11278,2753.41796875,-3.2548187
11279,2753.662109375,-3.1341698
11280,2753.90625,-2.9002495
11281,2754.150390625,-2.7572885
11282,2754.39453125,-2.5848174
11283,2754.638671875,-2.3854454
11284,2754.8828125,-2.1260638
11285,2755.126953125,-1.9381182
11286,2755.37109375,-1.6904328
11287,2755.615234375,-1.3965032
11288,2755.859375,-1.1680712
11289,2756.103515625,-0.93226165
11290,2756.34765625,-0.6668523
11291,2756.591796875,-0.3880375
11292,2756.8359375,-0.080432534
11293,2757.080078125,0.16110124
11294,2757.32421875,0.46514118
11295,2757.568359375,0.75889087
11296,2757.8125,1.057139
11297,2758.056640625,1.334638
11298,2758.30078125,1.6054456
11299,2758.544921875,1.8240147
11300,2758.7890625,2.0363984
11301,2759.033203125,2.1770878
11302,2759.27734375,2.3896964
11303,2759.521484375,2.573515
11304,2759.765625,2.6773732
11305,2760.009765625,2.8012497
11306,2760.25390625,2.9400835
11307,2760.498046875,3.08977
11308,2760.7421875,3.216964
11309,2760.986328125,3.2974865
11310,2761.23046875,3.4350832
11311,2761.474609375,3.4899082
11312,2761.71875,3.4711835
11313,2761.962890625,3.49272
11314,2762.20703125,3.485691
11315,2762.451171875,3.4714646
11316,2762.6953125,3.4013448
11317,2762.939453125,3.2913575
11318,2763.18359375,3.1890733
11319,2763.427734375,3.0801544
11320,2763.671875,2.942389
11321,2763.916015625,2.7983255
11322,2764.16015625,2.6416104
11323,2764.404296875,2.469994
11324,2764.6484375,2.2533932
11325,2764.892578125,2.0668192
11326,2765.13671875,1.8100132
11327,2765.380859375,1.5942557
11328,2765.625,1.3708507
11329,2765.869140625,1.107297
11330,2766.11328125,0.81326604
11331,2766.357421875,0.55825937
11332,2766.6015625,0.29464936
11333,2766.845703125,0.03671871
11334,2767.08984375,-0.22411346
11335,2767.333984375,-0.52416104
11336,2767.578125,-0.8535385
11337,2767.822265625,-1.1035632
11338,2768.06640625,-1.4175559
11339,2768.310546875,-1.6434689
11340,2768.5546875,-1.8880953
11341,2768.798828125,-2.0774806
11342,2769.04296875,-2.3060026
11343,2769.287109375,-2.4874706
11344,2769.53125,-2.6594918
11345,2769.775390625,-2.744153
11346,2770.01953125,-2.913835
11347,2770.263671875,-3.0719109
11348,2770.5078125,-3.1377685
11349,2770.751953125,-3.2849584
11350,2770.99609375,-3.4448338
11351,2771.240234375,-3.5602643
11352,2771.484375,-3.6158652
11353,2771.728515625,-3.6335893
11354,2771.97265625,-3.6297207
11355,2772.216796875,-3.629181
11356,2772.4609375,-3.6186543
11357,2772.705078125,-3.5602643
11358,2772.94921875,-3.5262558
11359,2773.193359375,-3.382845
11360,2773.4375,-3.206775
11361,2773.681640625,-3.1374087
11362,2773.92578125,-2.9770834
11363,2774.169921875,-2.7796907
11364,2774.4140625,-2.6074896
11365,2774.658203125,-2.4169347
11366,2774.90234375,-2.1914716
11367,2775.146484375,-2.000107
11368,2775.390625,-1.7489128
11369,2775.634765625,-1.4808043
11370,2775.87890625,-1.1953318
11371,2776.123046875,-0.9543941
11372,2776.3671875,-0.7363985
11373,2776.611328125,-0.4624421
11374,2776.85546875,-0.1713015
11375,2777.099609375,0.10526405
11376,2777.34375,0.37983903
11377,2777.587890625,0.6834291
11378,2777.83203125,1.0078808
11379,2778.076171875,1.275427
11380,2778.3203125,1.4970326
11381,2778.564453125,1.7023875
11382,2778.80859375,1.9774685
11383,2779.052734375,2.1491413
11384,2779.296875,2.3226695
11385,2779.541015625,2.460435
11386,2779.78515625,2.6253598
11387,2780.029296875,2.749405
11388,2780.2734375,2.8640594
11389,2780.517578125,2.99817
11390,2780.76171875,3.1136117
11391,2781.005859375,3.2092042
11392,2781.25,3.3722734
11393,2781.494140625,3.4597688
11394,2781.73828125,3.493732
11395,2781.982421875,3.4526837
11396,2782.2265625,3.4365451
11397,2782.470703125,3.4802365
11398,2782.71484375,3.3786838
11399,2782.958984375,3.2632983
11400,2783.203125,3.256157
11401,2783.447265625,3.1444826
11402,2783.69140625,3.0443916
11403,2783.935546875,2.8249793
11404,2784.1796875,2.6486394
11405,2784.423828125,2.5565896
11406,2784.66796875,2.3263245
11407,2784.912109375,2.1601062
11408,2785.15625,1.9503652
11409,2785.400390625,1.6645441
11410,2785.64453125,1.4590768
11411,2785.888671875,1.2022707
11412,2786.1328125,0.95862263
11413,2786.376953125,0.691189
11414,2786.62109375,0.42628568
11415,2786.865234375,0.14417577
11416,2787.109375,-0.10004584
11417,2787.353515625,-0.40225264
11418,2787.59765625,-0.7102175
11419,2787.841796875,-1.0203416
11420,2788.0859375,-1.3026652
11421,2788.330078125,-1.5507106
11422,2788.57421875,-1.7859802
11423,2788.818359375,-1.9890409
11424,2789.0625,-2.170419
11425,2789.306640625,-2.3825665
11426,2789.55078125,-2.588506
11427,2789.794921875,-2.7051961
11428,2790.0390625,-2.8406901
11429,2790.283203125,-2.9715054
11430,2790.52734375,-3.0672328
11431,2790.771484375,-3.2070448
11432,2791.015625,-3.3413692
11433,2791.259765625,-3.4830706
11434,2791.50390625,-3.5808673
11435,2791.748046875,-3.5908537
11436,2791.9921875,-3.637368
11437,2792.236328125,-3.6063285
11438,2792.48046875,-3.5679119
11439,2792.724609375,-3.5222073
11440,2792.96875,-3.490898
11441,2793.212890625,-3.4258502
11442,2793.45703125,-3.3085303
11443,2793.701171875,-3.184013
11444,2793.9453125,-3.0150504
11445,2794.189453125,-2.826025
11446,2794.43359375,-2.6200852
11447,2794.677734375,-2.454272
11448,2794.921875,-2.2764027
11449,2795.166015625,-2.0605664
11450,2795.41015625,-1.8048737
11451,2795.654296875,-1.5486412
11452,2795.8984375,-1.3075235
11453,2796.142578125,-1.0751328
11454,2796.38671875,-0.79316914
11455,2796.630859375,-0.53000903
11456,2796.875,-0.30004755
11457,2797.119140625,0.04341018
11458,2797.36328125,0.39665204
11459,2797.607421875,0.648566
11460,2797.8515625,0.9443963
11461,2798.095703125,1.2320731
11462,2798.33984375,1.4458063
11463,2798.583984375,1.7010942
11464,2798.828125,1.8851937
11465,2799.072265625,2.1282794
11466,2799.31640625,2.3582072
11467,2799.560546875,2.4896748
11468,2799.8046875,2.5899343
11469,2800.048828125,2.7748213
11470,2800.29296875,2.9232142
11471,2800.537109375,3.0087976
11472,2800.78125,3.164894
11473,2801.025390625,3.2968118
11474,2801.26953125,3.3992643
11475,2801.513671875,3.495194
11476,2801.7578125,3.5338807
11477,2802.001953125,3.5153246
11478,2802.24609375,3.5009856
11479,2802.490234375,3.454989
11480,2802.734375,3.4309223
11481,2802.978515625,3.3843632
11482,2803.22265625,3.2289412
11483,2803.466796875,3.1310434
11484,2803.7109375,3.0382624
11485,2803.955078125,2.8796356
11486,2804.19921875,2.696098
11487,2804.443359375,2.5378647
11488,2804.6875,2.3599503
11489,2804.931640625,2.1513906
11490,2805.17578125,1.9336646
11491,2805.419921875,1.6885546
11492,2805.6640625,1.4789262
11493,2805.908203125,1.2089621
11494,2806.15234375,0.9150438
11495,2806.396484375,0.6821358
11496,2806.640625,0.4293784
11497,2806.884765625,0.16565594
11498,2807.12890625,-0.11093212
11499,2807.373046875,-0.4088204
11500,2807.6171875,-0.7363985
11501,2807.861328125,-1.0604678
11502,2808.10546875,-1.3533179
11503,2808.349609375,-1.5926361
11504,2808.59375,-1.8134208
11505,2808.837890625,-2.0543585
11506,2809.08203125,-2.2603881
11507,2809.326171875,-2.4210732
11508,2809.5703125,-2.6544535
11509,2809.814453125,-2.7946258
11510,2810.05859375,-2.9034886
11511,2810.302734375,-2.996337
11512,2810.546875,-3.156932
11513,2810.791015625,-3.326884
11514,2811.03515625,-3.4139743
11515,2811.279296875,-3.5413706
11516,2811.5234375,-3.6534724
11517,2811.767578125,-3.7068243
11518,2812.01171875,-3.6935987
11519,2812.255859375,-3.6624694
11520,2812.5,-3.7066443
11521,2812.744140625,-3.6514032
11522,2812.98828125,-3.5627835
11523,2813.232421875,-3.4663363
11524,2813.4765625,-3.4091158
11525,2813.720703125,-3.245102
11526,2813.96484375,-3.0733507
11527,2814.208984375,-2.8948514
11528,2814.453125,-2.7334466
11529,2814.697265625,-2.524448
11530,2814.94140625,-2.31329
11531,2815.185546875,-2.087827
11532,2815.4296875,-1.9005109
11533,2815.673828125,-1.5913767
11534,2815.91796875,-1.3154408
11535,2816.162109375,-1.1251558
11536,2816.40625,-0.8302365
11537,2816.650390625,-0.5483628
11538,2816.89453125,-0.2750361
11539,2817.138671875,0.05544357
11540,2817.3828125,0.28762054
11541,2817.626953125,0.59784585
11542,2817.87109375,0.931182
11543,2818.115234375,1.2210518
11544,2818.359375,1.4666116
11545,2818.603515625,1.7427611
11546,2818.84765625,1.9404124
11547,2819.091796875,2.1496472
11548,2819.3359375,2.330148
11549,2819.580078125,2.501427
11550,2819.82421875,2.6532502
11551,2820.068359375,2.8045673
11552,2820.3125,2.9034774
11553,2820.556640625,3.0499585
11554,2820.80078125,3.1508927
11555,2821.044921875,3.2729137
11556,2821.2890625,3.4174268
11557,2821.533203125,3.542709
11558,2821.77734375,3.5962968
11559,2822.021484375,3.5688562
11560,2822.265625,3.6243563
11561,2822.509765625,3.5541801
11562,2822.75390625,3.4741635
11563,2822.998046875,3.4043813
11564,2823.2421875,3.351918
11565,2823.486328125,3.2441235
11566,2823.73046875,3.1100693
11567,2823.974609375,2.974553
11568,2824.21875,2.838362
11569,2824.462890625,2.6082094
11570,2824.70703125,2.4462085
11571,2824.951171875,2.2655387
11572,2825.1953125,2.0396597
11573,2825.439453125,1.7655346
11574,2825.68359375,1.5361692
11575,2825.927734375,1.2936457
11576,2826.171875,1.0463427
11577,2826.416015625,0.75208694
11578,2826.66015625,0.51051944
11579,2826.904296875,0.1893291
11580,2827.1484375,-0.039046668
11581,2827.392578125,-0.35627836
11582,2827.63671875,-0.6569557
11583,2827.880859375,-0.9659102
11584,2828.125,-1.2660477
11585,2828.369140625,-1.5664551
11586,2828.61328125,-1.8046937
11587,2828.857421875,-1.9783345
11588,2829.1015625,-2.2209816
11589,2829.345703125,-2.4517527
11590,2829.58984375,-2.588416
11591,2829.833984375,-2.7221105
11592,2830.078125,-2.8934119
11593,2830.322265625,-3.0217083
11594,2830.56640625,-3.1291313
11595,2830.810546875,-3.2756014
11596,2831.0546875,-3.3829348
11597,2831.298828125,-3.5275154
11598,2831.54296875,-3.655362
11599,2831.787109375,-3.681003
11600,2832.03125,-3.7577467
11601,2832.275390625,-3.6733556
11602,2832.51953125,-3.6763246
11603,2832.763671875,-3.6644487
11604,2833.0078125,-3.610557
11605,2833.251953125,-3.4971058
11606,2833.49609375,-3.3805056
11607,2833.740234375,-3.2802799
11608,2833.984375,-3.1499143
11609,2834.228515625,-2.9461339
11610,2834.47265625,-2.7745626
11611,2834.716796875,-2.5450509
11612,2834.9609375,-2.3503573
11613,2835.205078125,-2.1423485
11614,2835.44921875,-1.9385681
11615,2835.693359375,-1.7124752
11616,2835.9375,-1.420615
11617,2836.181640625,-1.1823763
11618,2836.42578125,-0.91210854
11619,2836.669921875,-0.6377022
11620,2836.9140625,-0.35070026
11621,2837.158203125,-0.121278584
11622,2837.40234375,0.18561786
11623,2837.646484375,0.43404555
11624,2837.890625,0.774523
11625,2838.134765625,1.0840174
11626,2838.37890625,1.3326137
11627,2838.623046875,1.5443789
11628,2838.8671875,1.8260952
11629,2839.111328125,2.0559666
11630,2839.35546875,2.2059343
11631,2839.599609375,2.4370427
11632,2839.84375,2.5989873
11633,2840.087890625,2.696267
11634,2840.33203125,2.8238544
11635,2840.576171875,2.9640942
11636,2840.8203125,3.1055145
11637,2841.064453125,3.1833942
11638,2841.30859375,3.3180108
11639,2841.552734375,3.4738824
11640,2841.796875,3.5233657
11641,2842.041015625,3.5180237
11642,2842.28515625,3.5129628
11643,2842.529296875,3.5213976
11644,2842.7734375,3.4669662
11645,2843.017578125,3.4122536
11646,2843.26171875,3.35293
11647,2843.505859375,3.2882082
11648,2843.75,3.1741724
11649,2843.994140625,3.0292094
11650,2844.23828125,2.8601797
11651,2844.482421875,2.6722562
11652,2844.7265625,2.4821963
11653,2844.970703125,2.3095114
11654,2845.21484375,2.1154027
11655,2845.458984375,1.8779399
11656,2845.703125,1.6267008
11657,2845.947265625,1.4002031
11658,2846.19140625,1.1248409
11659,2846.435546875,0.84250605
11660,2846.6796875,0.62837917
11661,2846.923828125,0.34947443
11662,2847.16796875,0.07343742
11663,2847.412109375,-0.25110424
11664,2847.65625,-0.48583412
11665,2847.900390625,-0.8683835
11666,2848.14453125,-1.121557
11667,2848.388671875,-1.4368994
11668,2848.6328125,-1.6381606
11669,2848.876953125,-1.8494085
11670,2849.12109375,-2.0925055
11671,2849.365234375,-2.3269653
11672,2849.609375,-2.456881
11673,2849.853515625,-2.6135178
11674,2850.09765625,-2.7532399
11675,2850.341796875,-2.9092467
11676,2850.5859375,-3.0369132
11677,2850.830078125,-3.139028
11678,2851.07421875,-3.2648952
11679,2851.318359375,-3.4269297
11680,2851.5625,-3.5244565
11681,2851.806640625,-3.6151454
11682,2852.05078125,-3.6417766
11683,2852.294921875,-3.6406968
11684,2852.5390625,-3.6037195
11685,2852.783203125,-3.5789778
11686,2853.02734375,-3.5126705
11687,2853.271484375,-3.499805
11688,2853.515625,-3.3547745
11689,2853.759765625,-3.259227
11690,2854.00390625,-3.1584613
11691,2854.248046875,-2.9881496
11692,2854.4921875,-2.761787
11693,2854.736328125,-2.6164865
11694,2854.98046875,-2.4091973
11695,2855.224609375,-2.2483323
11696,2855.46875,-2.0199902
11697,2855.712890625,-1.7587194
11698,2855.95703125,-1.5194912
11699,2856.201171875,-1.2735152
11700,2856.4453125,-1.0370759
11701,2856.689453125,-0.7549322
11702,2856.93359375,-0.4951909
11703,2857.177734375,-0.18695615
11704,2857.421875,0.0458281
11705,2857.666015625,0.33890304
11706,2857.91015625,0.6330463
11707,2858.154296875,0.954068
11708,2858.3984375,1.203564
11709,2858.642578125,1.4316361
11710,2858.88671875,1.6766337
11711,2859.130859375,1.9274231
11712,2859.375,2.1170895
11713,2859.619140625,2.2735798
11714,2859.86328125,2.4133136
11715,2860.107421875,2.589316
11716,2860.3515625,2.7175782
11717,2860.595703125,2.8186812
11718,2860.83984375,2.9811883
11719,2861.083984375,3.147744
11720,2861.328125,3.2221372
11721,2861.572265625,3.3153117
11722,2861.81640625,3.432103
11723,2862.060546875,3.4484663
11724,2862.3046875,3.4418309
11725,2862.548828125,3.4509964
11726,2862.79296875,3.4587002
11727,2863.037109375,3.416471
11728,2863.28125,3.2857342
11729,2863.525390625,3.24671
11730,2863.76953125,3.1476877
11731,2864.013671875,3.0087414
11732,2864.2578125,2.890432
11733,2864.501953125,2.7060509
11734,2864.74609375,2.5487173
11735,2864.990234375,2.3198016
11736,2865.234375,2.1446989
11737,2865.478515625,1.9453045
11738,2865.72265625,1.7025561
11739,2865.966796875,1.4391149
11740,2866.2109375,1.195017
11741,2866.455078125,0.95378685
11742,2866.69921875,0.69484395
11743,2866.943359375,0.39687696
11744,2867.1875,0.12775639
11745,2867.431640625,-0.13666333
11746,2867.67578125,-0.39820403
11747,2867.919921875,-0.7441359
11748,2868.1640625,-1.0413043
11749,2868.408203125,-1.2825121
11750,2868.65234375,-1.5126535
11751,2868.896484375,-1.8017247
11752,2869.140625,-2.0085642
11753,2869.384765625,-2.2029877
11754,2869.62890625,-2.369701
11755,2869.873046875,-2.54793
11756,2870.1171875,-2.6927805
11757,2870.361328125,-2.8424892
11758,2870.60546875,-2.9917483
11759,2870.849609375,-3.1079886
11760,2871.09375,-3.2005672
11761,2871.337890625,-3.3465872
11762,2871.58203125,-3.4888287
11763,2871.826171875,-3.5665622
11764,2872.0703125,-3.6025498
11765,2872.314453125,-3.5943625
11766,2872.55859375,-3.6246822
11767,2872.802734375,-3.5988612
11768,2873.046875,-3.5267057
11769,2873.291015625,-3.4720943
11770,2873.53515625,-3.3760972
11771,2873.779296875,-3.2597668
11772,2874.0234375,-3.1736665
11773,2874.267578125,-3.0268364
11774,2874.51171875,-2.8363714
11775,2874.755859375,-2.6195455
11776,2875.0,-2.4289906
11777,2875.244140625,-2.2478824
11778,2875.48828125,-2.034835
11779,2875.732421875,-1.7679863
11780,2875.9765625,-1.5800405
11781,2876.220703125,-1.3331647
11782,2876.46484375,-1.0296084
11783,2876.708984375,-0.79011023
11784,2876.953125,-0.50292826
11785,2877.197265625,-0.24147755
11786,2877.44140625,0.03733725
11787,2877.685546875,0.30538946
11788,2877.9296875,0.59711486
11789,2878.173828125,0.88198006
11790,2878.41796875,1.1496387
11791,2878.662109375,1.4369781
11792,2878.90625,1.6478436
11793,2879.150390625,1.8718671
11794,2879.39453125,2.1065183
11795,2879.638671875,2.2519872
11796,2879.8828125,2.425628
11797,2880.126953125,2.555746
11798,2880.37109375,2.707288
11799,2880.615234375,2.8498333
11800,2880.859375,2.94312
11801,2881.103515625,3.1259265
11802,2881.34765625,3.239175
11803,2881.591796875,3.3159864
11804,2881.8359375,3.4491973
11805,2882.080078125,3.5215664
11806,2882.32421875,3.516393
11807,2882.568359375,3.471127
11808,2882.8125,3.4638734
11809,2883.056640625,3.3930225
11810,2883.30078125,3.369181
11811,2883.544921875,3.2241616
11812,2883.7890625,3.1557286
11813,2884.033203125,3.0905573
11814,2884.27734375,2.937047
11815,2884.521484375,2.7080753
11816,2884.765625,2.5347157
11817,2885.009765625,2.3946447
11818,2885.25390625,2.1575758
11819,2885.498046875,1.9573941
11820,2885.7421875,1.7104285
11821,2885.986328125,1.4671178
11822,2886.23046875,1.231117
11823,2886.474609375,0.95845395
11824,2886.71875,0.7390976
11825,2886.962890625,0.42403644
11826,2887.20703125,0.16200092
11827,2887.451171875,-0.10778319
11828,2887.6953125,-0.38749766
11829,2887.939453125,-0.6907841
11830,2888.18359375,-1.0248401
11831,2888.427734375,-1.2861109
11832,2888.671875,-1.5465719
11833,2888.916015625,-1.7705953
11834,2889.16015625,-2.0007367
11835,2889.404296875,-2.1948004
11836,2889.6484375,-2.3779778
11837,2889.892578125,-2.5589063
11838,2890.13671875,-2.700338
11839,2890.380859375,-2.8557148
11840,2890.625,-2.934168
11841,2890.869140625,-3.1254427
11842,2891.11328125,-3.2704732
11843,2891.357421875,-3.341819
11844,2891.6015625,-3.4844203
11845,2891.845703125,-3.6149654
11846,2892.08984375,-3.6582408
11847,2892.333984375,-3.6387174
11848,2892.578125,-3.6050692
11849,2892.822265625,-3.5839262
11850,2893.06640625,-3.5499177
11851,2893.310546875,-3.4797418
11852,2893.5546875,-3.4108253
11853,2893.798828125,-3.2927854
11854,2894.04296875,-3.1670084
11855,2894.287109375,-3.0217981
11856,2894.53125,-2.8657916
11857,2894.775390625,-2.6686687
11858,2895.01953125,-2.4911592
11859,2895.263671875,-2.2926872
11860,2895.5078125,-2.0903463
11861,2895.751953125,-1.8618242
11862,2895.99609375,-1.5839092
11863,2896.240234375,-1.3533179
11864,2896.484375,-1.1148093
11865,2896.728515625,-0.82096964
11866,2896.97265625,-0.6108914
11867,2897.216796875,-0.32334957
11868,2897.4609375,-0.027170721
11869,2897.705078125,0.2623167
11870,2897.94921875,0.5224403
11871,2898.193359375,0.8318222
11872,2898.4375,1.1119641
11873,2898.681640625,1.370457
11874,2898.92578125,1.6332235
11875,2899.169921875,1.8470693
11876,2899.4140625,2.0325186
11877,2899.658203125,2.2444525
11878,2899.90234375,2.428833
11879,2900.146484375,2.5416882
11880,2900.390625,2.678498
11881,2900.634765625,2.8659713
11882,2900.87890625,2.9774208
11883,2901.123046875,3.0872395
11884,2901.3671875,3.2650976
11885,2901.611328125,3.3758724
11886,2901.85546875,3.4953628
11887,2902.099609375,3.564639
11888,2902.34375,3.5326436
11889,2902.587890625,3.4914265
11890,2902.83203125,3.4762442
11891,2903.076171875,3.4694402
11892,2903.3203125,3.407249
11893,2903.564453125,3.3519742
11894,2903.80859375,3.2158954
11895,2904.052734375,3.1147926
11896,2904.296875,2.9715729
11897,2904.541015625,2.7987757
11898,2904.78515625,2.6242914
11899,2905.029296875,2.4268088
11900,2905.2734375,2.269194
11901,2905.517578125,2.0390413
11902,2905.76171875,1.8135557
11903,2906.005859375,1.5408363
11904,2906.25,1.2948265
11905,2906.494140625,1.032285
11906,2906.73828125,0.785488
11907,2906.982421875,0.529413
11908,2907.2265625,0.27063882
11909,2907.470703125,-0.02501146
11910,2907.71484375,-0.29419956
11911,2907.958984375,-0.606213
11912,2908.203125,-0.93712
11913,2908.447265625,-1.2207931
11914,2908.69140625,-1.4823339
11915,2908.935546875,-1.713285
11916,2909.1796875,-1.9477448
11917,2909.423828125,-2.154674
11918,2909.66796875,-2.3498175
11919,2909.912109375,-2.5055544
11920,2910.15625,-2.6529243
11921,2910.400390625,-2.8420396
11922,2910.64453125,-2.9509025
11923,2910.888671875,-3.0306153
11924,2911.1328125,-3.2513099
11925,2911.376953125,-3.3449678
11926,2911.62109375,-3.4427643
11927,2911.865234375,-3.5691712
11928,2912.109375,-3.6711063
11929,2912.353515625,-3.6897302
11930,2912.59765625,-3.6247723
11931,2912.841796875,-3.626212
11932,2913.0859375,-3.592833
11933,2913.330078125,-3.546769
11934,2913.57421875,-3.432328
11935,2913.818359375,-3.3025923
11936,2914.0625,-3.2296271
11937,2914.306640625,-3.1118574
11938,2914.55078125,-2.887114
11939,2914.794921875,-2.7306576
11940,2915.0390625,-2.5572867
11941,2915.283203125,-2.3325436
11942,2915.52734375,-2.1033916
11943,2915.771484375,-1.8897148
11944,2916.015625,-1.6622725
11945,2916.259765625,-1.4033408
11946,2916.50390625,-1.1739192
11947,2916.748046875,-0.90086234
11948,2916.9921875,-0.64813864
11949,2917.236328125,-0.39667454
11950,2917.48046875,-0.14745966
11951,2917.724609375,0.14327608
11952,2917.96875,0.45501962
11953,2918.212890625,0.76732546
11954,2918.45703125,1.071759
11955,2918.701171875,1.3544313
11956,2918.9453125,1.5671524
11957,2919.189453125,1.8093946
11958,2919.43359375,1.9649291
11959,2919.677734375,2.2016046
11960,2919.921875,2.3584323
11961,2920.166015625,2.5219512
11962,2920.41015625,2.6021926
11963,2920.654296875,2.7662742
11964,2920.8984375,2.9296248
11965,2921.142578125,3.0213933
11966,2921.38671875,3.1691678
11967,2921.630859375,3.2955184
11968,2921.875,3.413603
11969,2922.119140625,3.4556074
11970,2922.36328125,3.43722
11971,2922.607421875,3.4688778
11972,2922.8515625,3.4896274
11973,2923.095703125,3.400164
11974,2923.33984375,3.3620958
11975,2923.583984375,3.2785368
11976,2923.828125,3.21747
11977,2924.072265625,3.0485528
11978,2924.31640625,2.9762962
11979,2924.560546875,2.8547251
11980,2924.8046875,2.645884
11981,2925.048828125,2.4677448
11982,2925.29296875,2.305294
11983,2925.537109375,2.0966215
11984,2925.78125,1.837004
11985,2926.025390625,1.6128681
11986,2926.26953125,1.3855269
11987,2926.513671875,1.1254032
11988,2926.7578125,0.8540896
11989,2927.001953125,0.57839
11990,2927.24609375,0.34823734
11991,2927.490234375,0.035762787
11992,2927.734375,-0.2272624
11993,2927.978515625,-0.5131848
11994,2928.22265625,-0.80576485
11995,2928.466796875,-1.1312737
11996,2928.7109375,-1.4210647
11997,2928.955078125,-1.6961008
11998,2929.19921875,-1.8854861
11999,2929.443359375,-2.0484204
12000,2929.6875,-2.2875588
12001,2929.931640625,-2.4850414
12002,2930.17578125,-2.6075797
12003,2930.419921875,-2.7494612
12004,2930.6640625,-2.8962011
12005,2930.908203125,-3.0007453
12006,2931.15234375,-3.1256227
12007,2931.396484375,-3.2942252
12008,2931.640625,-3.3883328
12009,2931.884765625,-3.5051131
12010,2932.12890625,-3.5596344
12011,2932.373046875,-3.6120865
12012,2932.6171875,-3.6213534
12013,2932.861328125,-3.578798
12014,2933.10546875,-3.5455995
12015,2933.349609375,-3.5352528
12016,2933.59375,-3.4783022
12017,2933.837890625,-3.2914362
12018,2934.08203125,-3.2291775
12019,2934.326171875,-3.142627
12020,2934.5703125,-2.9371371
12021,2934.814453125,-2.7670052
12022,2935.05859375,-2.5983126
12023,2935.302734375,-2.421703
12024,2935.546875,-2.187873
12025,2935.791015625,-1.96205
12026,2936.03515625,-1.7716751
12027,2936.279296875,-1.5063556
12028,2936.5234375,-1.2200735
12029,2936.767578125,-0.98642313
12030,2937.01171875,-0.73486906
12031,2937.255859375,-0.430413
12032,2937.5,-0.21016823
12033,2937.744140625,0.0562308
12034,2937.98828125,0.36268866
12035,2938.232421875,0.66476053
12036,2938.4765625,0.9247717
12037,2938.720703125,1.2200959
12038,2938.96484375,1.4790387
12039,2939.208984375,1.7199315
12040,2939.453125,1.936139
12041,2939.697265625,2.1141655
12042,2939.94140625,2.2856693
12043,2940.185546875,2.4590292
12044,2940.4296875,2.5924084
12045,2940.673828125,2.7279248
12046,2940.91796875,2.8208742
12047,2941.162109375,3.0114965
12048,2941.40625,3.125364
12049,2941.650390625,3.1714172
12050,2941.89453125,3.3528175
12051,2942.138671875,3.4833856
12052,2942.3828125,3.48839
12053,2942.626953125,3.4142215
12054,2942.87109375,3.464717
12055,2943.115234375,3.4472854
12056,2943.359375,3.361927
12057,2943.603515625,3.26864
12058,2943.84765625,3.2275918
12059,2944.091796875,3.1232836
12060,2944.3359375,3.0082915
12061,2944.580078125,2.8437603
12062,2944.82421875,2.7030709
12063,2945.068359375,2.4818027
12064,2945.3125,2.3111982
12065,2945.556640625,2.1202948
12066,2945.80078125,1.9135342
12067,2946.044921875,1.6784331
12068,2946.2890625,1.3770922
12069,2946.533203125,1.1343439
12070,2946.77734375,0.8870971
12071,2947.021484375,0.5796271
12072,2947.265625,0.32102165
12073,2947.509765625,0.101327896
12074,2947.75390625,-0.15852587
12075,2947.998046875,-0.52560055
12076,2948.2421875,-0.80162627
12077,2948.486328125,-1.1092312
12078,2948.73046875,-1.4091887
12079,2948.974609375,-1.6512961
12080,2949.21875,-1.9261522
12081,2949.462890625,-2.1017723
12082,2949.70703125,-2.2836
12083,2949.951171875,-2.4552615
12084,2950.1953125,-2.629892
12085,2950.439453125,-2.7859886
12086,2950.68359375,-2.8742485
12087,2950.927734375,-3.0605748
12088,2951.171875,-3.1620603
12089,2951.416015625,-3.259047
12090,2951.66015625,-3.4008389
12091,2951.904296875,-3.570071
12092,2952.1484375,-3.6374578
12093,2952.392578125,-3.6325097
12094,2952.63671875,-3.6676877
12095,2952.880859375,-3.6213534
12096,2953.125,-3.5781682
12097,2953.369140625,-3.5531566
12098,2953.61328125,-3.4863994
12099,2953.857421875,-3.394361
12100,2954.1015625,-3.2587774
12101,2954.345703125,-3.1281419
12102,2954.58984375,-2.998136
12103,2954.833984375,-2.8048823
12104,2955.078125,-2.6193655
12105,2955.322265625,-2.4620993
12106,2955.56640625,-2.2633572
12107,2955.810546875,-2.006135
12108,2956.0546875,-1.7318187
12109,2956.298828125,-1.5143629
12110,2956.54296875,-1.2521924
12111,2956.787109375,-0.98030525
12112,2957.03125,-0.73693836
12113,2957.275390625,-0.4717989
12114,2957.51953125,-0.213767
12115,2957.763671875,0.06629611
12116,2958.0078125,0.36072057
12117,2958.251953125,0.6566633
12118,2958.49609375,0.9520436
12119,2958.740234375,1.2663176
12120,2958.984375,1.5195248
12121,2959.228515625,1.74979
12122,2959.47265625,1.9790993
12123,2959.716796875,2.1936197
12124,2959.9609375,2.3670354
12125,2960.205078125,2.483377
12126,2960.44921875,2.6987972
12127,2960.693359375,2.821774
12128,2960.9375,2.953129
12129,2961.181640625,3.0835283
12130,2961.42578125,3.2257361
12131,2961.669921875,3.3335304
12132,2961.9140625,3.444305
12133,2962.158203125,3.5251088
12134,2962.40234375,3.5749292
12135,2962.646484375,3.566607
12136,2962.890625,3.5201604
12137,2963.134765625,3.5434964
12138,2963.37890625,3.4653354
12139,2963.623046875,3.397015
12140,2963.8671875,3.3031096
12141,2964.111328125,3.1862621
12142,2964.35546875,3.0973048
12143,2964.599609375,2.895661
12144,2964.84375,2.7698166
12145,2965.087890625,2.5725029
12146,2965.33203125,2.3984685
12147,2965.576171875,2.2032914
12148,2965.8203125,1.93985
12149,2966.064453125,1.7226305
12150,2966.30859375,1.4802195
12151,2966.552734375,1.2093557
12152,2966.796875,0.92612123
12153,2967.041015625,0.6784246
12154,2967.28515625,0.38023266
12155,2967.529296875,0.13360438
12156,2967.7734375,-0.15996538
12157,2968.017578125,-0.4618123
12158,2968.26171875,-0.7422465
12159,2968.505859375,-1.0401348
12160,2968.75,-1.3850771
12161,2968.994140625,-1.6049619
12162,2969.23828125,-1.8789185
12163,2969.482421875,-2.1060908
12164,2969.7265625,-2.290258
12165,2969.970703125,-2.4665976
12166,2970.21484375,-2.6287224
12167,2970.458984375,-2.822966
12168,2970.703125,-2.9073572
12169,2970.947265625,-3.0503185
12170,2971.19140625,-3.206595
12171,2971.435546875,-3.3229253
12172,2971.6796875,-3.447713
12173,2971.923828125,-3.57367
12174,2972.16796875,-3.6789339
12175,2972.412109375,-3.6834323
12176,2972.65625,-3.7000766
12177,2972.900390625,-3.6391673
12178,2973.14453125,-3.6824424
12179,2973.388671875,-3.5858154
12180,2973.6328125,-3.5057428
12181,2973.876953125,-3.4389858
12182,2974.12109375,-3.3214858
12183,2974.365234375,-3.1850924
12184,2974.609375,-3.042221
12185,2974.853515625,-2.902319
12186,2975.09765625,-2.6943998
12187,2975.341796875,-2.4793735
12188,2975.5859375,-2.286839
12189,2975.830078125,-2.0799997
12190,2976.07421875,-1.8620042
12191,2976.318359375,-1.5832794
12192,2976.5625,-1.3444109
12193,2976.806640625,-1.0654162
12194,2977.05078125,-0.78561175
12195,2977.294921875,-0.5521414
12196,2977.5390625,-0.29842812
12197,2977.783203125,0.016025778
12198,2978.02734375,0.28750807
12199,2978.271484375,0.5439767
12200,2978.515625,0.9021669
12201,2978.759765625,1.1693194
12202,2979.00390625,1.439621
12203,2979.248046875,1.6962583
12204,2979.4921875,1.9301784
12205,2979.736328125,2.086444
12206,2979.98046875,2.2795403
12207,2980.224609375,2.4551492
12208,2980.46875,2.5943203
12209,2980.712890625,2.7386649
12210,2980.95703125,2.8879576
12211,2981.201171875,3.020325
12212,2981.4453125,3.1319995
12213,2981.689453125,3.286859
12214,2981.93359375,3.366313
12215,2982.177734375,3.4744449
12216,2982.421875,3.5491757
12217,2982.666015625,3.5653138
12218,2982.91015625,3.5801587
12219,2983.154296875,3.5099828
12220,2983.3984375,3.4932823
12221,2983.642578125,3.4413812
12222,2983.88671875,3.3401096
12223,2984.130859375,3.239119
12224,2984.375,3.1425707
12225,2984.619140625,3.0258355
12226,2984.86328125,2.8128333
12227,2985.107421875,2.6157444
12228,2985.3515625,2.4736493
12229,2985.595703125,2.252662
12230,2985.83984375,2.0257707
12231,2986.083984375,1.8200223
12232,2986.328125,1.5770489
12233,2986.572265625,1.3403736
12234,2986.81640625,1.0618625
12235,2987.060546875,0.79774636
12236,2987.3046875,0.5187291
12237,2987.548828125,0.24674074
12238,2987.79296875,-0.017993856
12239,2988.037109375,-0.31759155
12240,2988.28125,-0.6210579
12241,2988.525390625,-0.94503736
12242,2988.76953125,-1.2367177
12243,2989.013671875,-1.5554788
12244,2989.2578125,-1.7300192
12245,2989.501953125,-1.956382
12246,2989.74609375,-2.182025
12247,2989.990234375,-2.3646624
12248,2990.234375,-2.5431614
12249,2990.478515625,-2.6804547
12250,2990.72265625,-2.8629124
12251,2990.966796875,-2.9788828
12252,2991.2109375,-3.0902648
12253,2991.455078125,-3.2496004
12254,2991.69921875,-3.3733082
12255,2991.943359375,-3.4517615
12256,2992.1875,-3.5804174
12257,2992.431640625,-3.6600404
12258,2992.67578125,-3.6597703
12259,2992.919921875,-3.6645389
12260,2993.1640625,-3.6562614
12261,2993.408203125,-3.6108272
12262,2993.65234375,-3.5224771
12263,2993.896484375,-3.437906
12264,2994.140625,-3.3683598
12265,2994.384765625,-3.2759614
12266,2994.62890625,-3.0764096
12267,2994.873046875,-2.9163542
12268,2995.1171875,-2.7640362
12269,2995.361328125,-2.5462205
12270,2995.60546875,-2.3408206
12271,2995.849609375,-2.1562939
12272,2996.09375,-1.9254324
12273,2996.337890625,-1.6949313
12274,2996.58203125,-1.4411279
12275,2996.826171875,-1.203699
12276,2997.0703125,-0.940179
12277,2997.314453125,-0.7224533
12278,2997.55859375,-0.39514506
12279,2997.802734375,-0.15465719
12280,2998.046875,0.12134607
12281,2998.291015625,0.43022186
12282,2998.53515625,0.7279077
12283,2998.779296875,1.0233443
12284,2999.0234375,1.2872916
12285,2999.267578125,1.5511829
12286,2999.51171875,1.7738006
12287,2999.755859375,1.9566069
12288,3000.0,2.1368828
12289,3000.244140625,2.3303168
12290,3000.48828125,2.524538
12291,3000.732421875,2.6002245
12292,3000.9765625,2.757277
12293,3001.220703125,2.9220333
12294,3001.46484375,3.0327518
12295,3001.708984375,3.1226652
12296,3001.953125,3.2648163
12297,3002.197265625,3.4307535
12298,3002.44140625,3.513694
12299,3002.685546875,3.4902458
12300,3002.9296875,3.4737139
12301,3003.173828125,3.488615
12302,3003.41796875,3.4454298
12303,3003.662109375,3.3554604
12304,3003.90625,3.3593402
12305,3004.150390625,3.2261298
12306,3004.39453125,3.1154673
12307,3004.638671875,3.0013187
12308,3004.8828125,2.8143513
12309,3005.126953125,2.6587045
12310,3005.37109375,2.431982
12311,3005.615234375,2.2724552
12312,3005.859375,2.1207447
12313,3006.103515625,1.8909295
12314,3006.34765625,1.6105626
12315,3006.591796875,1.3756864
12316,3006.8359375,1.0898092
12317,3007.080078125,0.8197888
12318,3007.32421875,0.59199786
12319,3007.568359375,0.3543665
12320,3007.8125,0.0113586215
12321,3008.056640625,-0.24849516
12322,3008.30078125,-0.5422448
12323,3008.544921875,-0.8260979
12324,3008.7890625,-1.1321734
12325,3009.033203125,-1.3815682
12326,3009.27734375,-1.6804461
12327,3009.521484375,-1.888725
12328,3009.765625,-2.0826087
12329,3010.009765625,-2.3231866
12330,3010.25390625,-2.483152
12331,3010.498046875,-2.6163964
12332,3010.7421875,-2.7607973
12333,3010.986328125,-2.9041183
12334,3011.23046875,-2.9894092
12335,3011.474609375,-3.1080787
12336,3011.71875,-3.2788405
12337,3011.962890625,-3.4219816
12338,3012.20703125,-3.4906282
12339,3012.451171875,-3.584466
12340,3012.6953125,-3.619644
12341,3012.939453125,-3.5919335
12342,3013.18359375,-3.5603542
12343,3013.427734375,-3.5806873
12344,3013.671875,-3.5187883
12345,3013.916015625,-3.4486125
12346,3014.16015625,-3.323465
12347,3014.404296875,-3.2546387
12348,3014.6484375,-3.0992618
12349,3014.892578125,-2.9440646
12350,3015.13671875,-2.762147
12351,3015.380859375,-2.5634947
12352,3015.625,-2.4076679
12353,3015.869140625,-2.2041574
12354,3016.11328125,-1.9875113
12355,3016.357421875,-1.710136
12356,3016.6015625,-1.4668591
12357,3016.845703125,-1.238967
12358,3017.08984375,-1.0113447
12359,3017.333984375,-0.75070363
12360,3017.578125,-0.4667606
12361,3017.822265625,-0.17553006
12362,3018.06640625,0.031939097
12363,3018.310546875,0.34570697
12364,3018.5546875,0.6477226
12365,3018.798828125,0.9288203
12366,3019.04296875,1.2091872
12367,3019.287109375,1.454241
12368,3019.53125,1.7154893
12369,3019.775390625,1.9223622
12370,3020.01953125,2.1665165
12371,3020.263671875,2.3137288
12372,3020.5078125,2.4796095
12373,3020.751953125,2.6352003
12374,3020.99609375,2.7280374
12375,3021.240234375,2.8945367
12376,3021.484375,2.9904664
12377,3021.728515625,3.1593275
12378,3021.97265625,3.2587998
12379,3022.216796875,3.3957217
12380,3022.4609375,3.5012107
12381,3022.705078125,3.5079584
12382,3022.94921875,3.5077896
12383,3023.193359375,3.4940693
12384,3023.4375,3.4941819
12385,3023.681640625,3.4331715
12386,3023.92578125,3.3759284
12387,3024.169921875,3.282304
12388,3024.4140625,3.129019
12389,3024.658203125,3.0117779
12390,3024.90234375,2.891725
12391,3025.146484375,2.6719751
12392,3025.390625,2.5076125
12393,3025.634765625,2.3547773
12394,3025.87890625,2.1360393
12395,3026.123046875,1.8983518
12396,3026.3671875,1.667693
12397,3026.611328125,1.4143171
12398,3026.85546875,1.14604
12399,3027.099609375,0.93253154
12400,3027.34375,0.624443
12401,3027.587890625,0.4077295
12402,3027.83203125,0.11651021
12403,3028.076171875,-0.17445043
12404,3028.3203125,-0.45281538
12405,3028.564453125,-0.7561918
12406,3028.80859375,-1.066046
12407,3029.052734375,-1.3282166
12408,3029.296875,-1.587148
12409,3029.541015625,-1.8460796
12410,3029.78515625,-2.0242188
12411,3030.029296875,-2.246353
12412,3030.2734375,-2.448694
12413,3030.517578125,-2.598043
12414,3030.76171875,-2.69368
12415,3031.005859375,-2.8381708
12416,3031.25,-3.0327744
12417,3031.494140625,-3.1263423
12418,3031.73828125,-3.203986
12419,3031.982421875,-3.3924716
12420,3032.2265625,-3.5236468
12421,3032.470703125,-3.5740297
12422,3032.71484375,-3.5977814
12423,3032.958984375,-3.6417766
12424,3033.203125,-3.596342
12425,3033.447265625,-3.5654826
12426,3033.69140625,-3.5496478
12427,3033.935546875,-3.4643571
12428,3034.1796875,-3.388423
12429,3034.423828125,-3.2549086
12430,3034.66796875,-3.180594
12431,3034.912109375,-2.993188
12432,3035.15625,-2.8094707
12433,3035.400390625,-2.5786095
12434,3035.64453125,-2.4486039
12435,3035.888671875,-2.2306983
12436,3036.1328125,-2.026828
12437,3036.376953125,-1.7997454
12438,3036.62109375,-1.560967
12439,3036.865234375,-1.3346043
12440,3037.109375,-1.0204315
12441,3037.353515625,-0.77094674
12442,3037.59765625,-0.48511434
12443,3037.841796875,-0.23850857
12444,3038.0859375,0.010740083
12445,3038.330078125,0.3028591
12446,3038.57421875,0.5859249
12447,3038.818359375,0.9285954
12448,3039.0625,1.2165533
12449,3039.306640625,1.4972012
12450,3039.55078125,1.6811322
12451,3039.794921875,1.9080796
12452,3040.0390625,2.137389
12453,3040.283203125,2.2916863
12454,3040.52734375,2.4673514
12455,3040.771484375,2.603261
12456,3041.015625,2.7465372
12457,3041.259765625,2.8682206
12458,3041.50390625,3.0033996
12459,3041.748046875,3.1534233
12460,3041.9921875,3.2465978
12461,3042.236328125,3.3568661
12462,3042.48046875,3.4492536
12463,3042.724609375,3.5250525
12464,3042.96875,3.5383792
12465,3043.212890625,3.5070586
12466,3043.45703125,3.4733202
12467,3043.701171875,3.471071
12468,3043.9453125,3.367775
12469,3044.189453125,3.2704396
12470,3044.43359375,3.1654565
12471,3044.677734375,3.0858338
12472,3044.921875,2.8855398
12473,3045.166015625,2.7421513
12474,3045.41015625,2.543038
12475,3045.654296875,2.375245
12476,3045.8984375,2.1644359
12477,3046.142578125,1.9632422
12478,3046.38671875,1.7193692
12479,3046.630859375,1.4460312
12480,3046.875,1.2077813
12481,3047.119140625,0.98353285
12482,3047.36328125,0.70153546
12483,3047.607421875,0.421
12484,3047.8515625,0.148618
12485,3048.095703125,-0.12784635
12486,3048.33984375,-0.35825765
12487,3048.583984375,-0.66118425
12488,3048.828125,-0.9943405
12489,3049.072265625,-1.2951077
12490,3049.31640625,-1.5281283
12491,3049.560546875,-1.7902087
12492,3049.8046875,-2.0378942
12493,3050.048828125,-2.1652906
12494,3050.29296875,-2.360164
12495,3050.537109375,-2.5792391
12496,3050.78125,-2.7437031
12497,3051.025390625,-2.8216166
12498,3051.26953125,-2.9560306
12499,3051.513671875,-3.1229236
12500,3051.7578125,-3.1904006
12501,3052.001953125,-3.3222957
12502,3052.24609375,-3.4665163
12503,3052.490234375,-3.5778983
12504,3052.734375,-3.6237826
12505,3052.978515625,-3.6157753
12506,3053.22265625,-3.6058786
12507,3053.466796875,-3.6038094
12508,3053.7109375,-3.5396614
12509,3053.955078125,-3.4540107
12510,3054.19921875,-3.417753
12511,3054.443359375,-3.2951248
12512,3054.6875,-3.1532433
12513,3054.931640625,-3.04609
12514,3055.17578125,-2.8385308
12515,3055.419921875,-2.644107
12516,3055.6640625,-2.4715462
12517,3055.908203125,-2.3293045
12518,3056.15234375,-2.1063607
12519,3056.396484375,-1.8578656
12520,3056.640625,-1.5920963
12521,3056.884765625,-1.3892156
12522,3057.12890625,-1.136132
12523,3057.373046875,-0.83239573
12524,3057.6171875,-0.6182689
12525,3057.861328125,-0.33657506
12526,3058.10546875,-0.030229677
12527,3058.349609375,0.23268305
12528,3058.59375,0.5227215
12529,3058.837890625,0.84812915
12530,3059.08203125,1.1037544
12531,3059.326171875,1.3761926
12532,3059.5703125,1.665725
12533,3059.814453125,1.8357669
12534,3060.05859375,2.0654135
12535,3060.302734375,2.268463
12536,3060.546875,2.436087
12537,3060.791015625,2.5604694
12538,3061.03515625,2.7001467
12539,3061.279296875,2.8507328
12540,3061.5234375,2.964769
12541,3061.767578125,3.0696955
12542,3062.01171875,3.2377133
12543,3062.255859375,3.3718238
12544,3062.5,3.4500968
12545,3062.744140625,3.4798994
12546,3062.98828125,3.5147061
12547,3063.232421875,3.476919
12548,3063.4765625,3.44841
12549,3063.720703125,3.4701152
12550,3063.96484375,3.4046624
12551,3064.208984375,3.2626233
12552,3064.453125,3.1712484
12553,3064.697265625,3.1115875
12554,3064.94140625,2.9786017
12555,3065.185546875,2.763069
12556,3065.4296875,2.562606
12557,3065.673828125,2.4323757
12558,3065.91796875,2.2303383
12559,3066.162109375,2.0307753
12560,3066.40625,1.7741942
12561,3066.650390625,1.536619
12562,3066.89453125,1.2722218
12563,3067.138671875,0.9803277
12564,3067.3828125,0.74309003
12565,3067.626953125,0.48380983
12566,3067.87109375,0.2320645
12567,3068.115234375,-0.07656386
12568,3068.359375,-0.3373848
12569,3068.603515625,-0.62249744
12570,3068.84765625,-0.9150775
12571,3069.091796875,-1.2198035
12572,3069.3359375,-1.4655097
12573,3069.580078125,-1.6829654
12574,3069.82421875,-1.953143
12575,3070.068359375,-2.16763
12576,3070.3125,-2.328495
12577,3070.556640625,-2.4608395
12578,3070.80078125,-2.6390688
12579,3071.044921875,-2.7905772
12580,3071.2890625,-2.861023
12581,3071.533203125,-2.9921982
12582,3071.77734375,-3.1043
12583,3072.021484375,-3.286398
12584,3072.265625,-3.379336
12585,3072.509765625,-3.5133903
12586,3072.75390625,-3.5951724
12587,3072.998046875,-3.582037
12588,3073.2421875,-3.5657523
12589,3073.486328125,-3.6120865
12590,3073.73046875,-3.5679119
12591,3073.974609375,-3.5037637
12592,3074.21875,-3.4657066
12593,3074.462890625,-3.332372
12594,3074.70703125,-3.2255785
12595,3074.951171875,-3.0390723
12596,3075.1953125,-2.922922
12597,3075.439453125,-2.749551
12598,3075.68359375,-2.5724914
12599,3075.927734375,-2.3786077
12600,3076.171875,-2.1735678
12601,3076.416015625,-1.9282215
12602,3076.66015625,-1.6762176
12603,3076.904296875,-1.4449966
12604,3077.1484375,-1.2164747
12605,3077.392578125,-0.92632365
12606,3077.63671875,-0.6996911
12607,3077.880859375,-0.42537475
12608,3078.125,-0.16518359
12609,3078.369140625,0.13568492
12610,3078.61328125,0.44051206
12611,3078.857421875,0.7268955
12612,3079.1015625,1.0034949
12613,3079.345703125,1.2827932
12614,3079.58984375,1.5482025
12615,3079.833984375,1.7481031
12616,3080.078125,1.98759
12617,3080.322265625,2.1655605
12618,3080.56640625,2.3813744
12619,3080.810546875,2.4970412
12620,3081.0546875,2.6439161
12621,3081.298828125,2.7724595
12622,3081.54296875,2.952117
12623,3081.787109375,3.0452914
12624,3082.03125,3.1536481
12625,3082.275390625,3.2844973
12626,3082.51953125,3.4323843
12627,3082.763671875,3.4870405
12628,3083.0078125,3.5090268
12629,3083.251953125,3.4858036
12630,3083.49609375,3.506665
12631,3083.740234375,3.4207444
12632,3083.984375,3.37531
12633,3084.228515625,3.3038406
12634,3084.47265625,3.2229807
12635,3084.716796875,3.0728443
12636,3084.9609375,3.0165012
12637,3085.205078125,2.7751024
12638,3085.44921875,2.5821183
12639,3085.693359375,2.4442966
12640,3085.9375,2.2592974
12641,3086.181640625,2.0459576
12642,3086.42578125,1.8172107
12643,3086.669921875,1.582447
12644,3086.9140625,1.3503826
12645,3087.158203125,1.1233226
12646,3087.40234375,0.83806384
12647,3087.646484375,0.5524114
12648,3087.890625,0.3331675
12649,3088.134765625,0.04234179
12650,3088.37890625,-0.25623253
12651,3088.623046875,-0.5468333
12652,3088.8671875,-0.855158
12653,3089.111328125,-1.1191279
12654,3089.35546875,-1.4236739
12655,3089.599609375,-1.6432889
12656,3089.84375,-1.8368129
12657,3090.087890625,-2.0898066
12658,3090.33203125,-2.286569
12659,3090.576171875,-2.409917
12660,3090.8203125,-2.5943542
12661,3091.064453125,-2.7237298
12662,3091.30859375,-2.9033985
12663,3091.552734375,-2.967097
12664,3091.796875,-3.1076288
12665,3092.041015625,-3.265165
12666,3092.28515625,-3.3992193
12667,3092.529296875,-3.5051131
12668,3092.7734375,-3.6201837
12669,3093.017578125,-3.6366482
12670,3093.26171875,-3.616945
12671,3093.505859375,-3.5955322
12672,3093.75,-3.60138
12673,3093.994140625,-3.552077
12674,3094.23828125,-3.4214418
12675,3094.482421875,-3.358643
12676,3094.7265625,-3.2807298
12677,3094.970703125,-3.1726766
12678,3095.21484375,-2.9331784
12679,3095.458984375,-2.7430732
12680,3095.703125,-2.5991225
12681,3095.947265625,-2.3715901
12682,3096.19140625,-2.1901221
12683,3096.435546875,-1.9560221
12684,3096.6796875,-1.7257907
12685,3096.923828125,-1.4494951
12686,3097.16796875,-1.1904734
12687,3097.412109375,-0.9537644
12688,3097.65625,-0.67575926
12689,3097.900390625,-0.34512216
12690,3098.14453125,-0.15186813
12691,3098.388671875,0.11105583
12692,3098.6328125,0.42887232
12693,3098.876953125,0.7635018
12694,3099.12109375,1.0840735
12695,3099.365234375,1.3057353
12696,3099.609375,1.5761492
12697,3099.853515625,1.8066393
12698,3100.09765625,2.0284698
12699,3100.341796875,2.2222412
12700,3100.5859375,2.4232664
12701,3100.830078125,2.5702536
12702,3101.07421875,2.7147667
12703,3101.318359375,2.7976508
12704,3101.5625,2.937272
12705,3101.806640625,3.0973048
12706,3102.05078125,3.1919413
12707,3102.294921875,3.3202038
12708,3102.5390625,3.4646044
12709,3102.783203125,3.5872438
12710,3103.02734375,3.5434399
12711,3103.271484375,3.5429902
12712,3103.515625,3.5287075
12713,3103.759765625,3.5166178
12714,3104.00390625,3.4070241
12715,3104.248046875,3.382901
12716,3104.4921875,3.2752755
12717,3104.736328125,3.1596649
12718,3104.98046875,3.0102034
12719,3105.224609375,2.8267221
12720,3105.46875,2.63908
12721,3105.712890625,2.441991
12722,3105.95703125,2.3191268
12723,3106.201171875,2.102357
12724,3106.4453125,1.8476317
12725,3106.689453125,1.598754
12726,3106.93359375,1.3106837
12727,3107.177734375,1.0756389
12728,3107.421875,0.8504346
12729,3107.666015625,0.56804353
12730,3107.91015625,0.28520262
12731,3108.154296875,0.022773474
12732,3108.3984375,-0.27224705
12733,3108.642578125,-0.5525913
12734,3108.88671875,-0.8810691
12735,3109.130859375,-1.153766
12736,3109.375,-1.446886
12737,3109.619140625,-1.7106758
12738,3109.86328125,-1.9195845
12739,3110.107421875,-2.160792
12740,3110.3515625,-2.331014
12741,3110.595703125,-2.5674534
12742,3110.83984375,-2.6818943
12743,3111.083984375,-2.808211
12744,3111.328125,-2.9362373
12745,3111.572265625,-3.0813577
12746,3111.81640625,-3.183293
12747,3112.060546875,-3.2702034
12748,3112.3046875,-3.461838
12749,3112.548828125,-3.5972416
12750,3112.79296875,-3.6763246
12751,3113.037109375,-3.6783938
12752,3113.28125,-3.704215
12753,3113.525390625,-3.701516
12754,3113.76953125,-3.6318798
12755,3114.013671875,-3.5890546
12756,3114.2578125,-3.5709705
12757,3114.501953125,-3.4344873
12758,3114.74609375,-3.330123
12759,3114.990234375,-3.212983
12760,3115.234375,-3.0547268
12761,3115.478515625,-2.8569744
12762,3115.72265625,-2.6344805
12763,3115.966796875,-2.4467144
12764,3116.2109375,-2.269115
12765,3116.455078125,-2.0338457
12766,3116.69921875,-1.8175594
12767,3116.943359375,-1.5337963
12768,3117.1875,-1.2670373
12769,3117.431640625,-1.0000985
12770,3117.67578125,-0.7621297
12771,3117.919921875,-0.5333379
12772,3118.1640625,-0.19154459
12773,3118.408203125,0.05178857
12774,3118.65234375,0.35678443
12775,3118.896484375,0.644911
12776,3119.140625,0.9858947
12777,3119.384765625,1.2687917
12778,3119.62890625,1.5327954
12779,3119.873046875,1.754401
12780,3120.1171875,1.9846098
12781,3120.361328125,2.21465
12782,3120.60546875,2.3639429
12783,3120.849609375,2.566936
12784,3121.09375,2.7246635
12785,3121.337890625,2.8637784
12786,3121.58203125,2.931874
12787,3121.826171875,3.085215
12788,3122.0703125,3.2234306
12789,3122.314453125,3.3606339
12790,3122.55859375,3.4316533
12791,3122.802734375,3.5527182
12792,3123.046875,3.5820706
12793,3123.291015625,3.5863442
12794,3123.53515625,3.5609841
12795,3123.779296875,3.578753
12796,3124.0234375,3.4860284
12797,3124.267578125,3.4005575
12798,3124.51171875,3.3010855
12799,3124.755859375,3.2039747
12800,3125.0,3.048384
12801,3125.244140625,2.8718193
12802,3125.48828125,2.730905
12803,3125.732421875,2.5633373
12804,3125.9765625,2.3558457
12805,3126.220703125,2.1551015
12806,3126.46484375,1.9090917
12807,3126.708984375,1.6913099
12808,3126.953125,1.4227517
12809,3127.197265625,1.1667329
12810,3127.44140625,0.8884466
12811,3127.685546875,0.6535706
12812,3127.9296875,0.3898481
12813,3128.173828125,0.10740083
12814,3128.41796875,-0.16212465
12815,3128.662109375,-0.45605427
12816,3128.90625,-0.77202636
12817,3129.150390625,-1.0753129
12818,3129.39453125,-1.3403623
12819,3129.638671875,-1.534696
12820,3129.8828125,-1.8478789
12821,3130.126953125,-2.0427525
12822,3130.37109375,-2.2240405
12823,3130.615234375,-2.4055986
12824,3130.859375,-2.618466
12825,3131.103515625,-2.7796907
12826,3131.34765625,-2.8158586
12827,3131.591796875,-2.9977763
12828,3131.8359375,-3.1710572
12829,3132.080078125,-3.2547286
12830,3132.32421875,-3.382035
12831,3132.568359375,-3.4920676
12832,3132.8125,-3.6389873
12833,3133.056640625,-3.6101072
12834,3133.30078125,-3.6084878
12835,3133.544921875,-3.6536524
12836,3133.7890625,-3.6421363
12837,3134.033203125,-3.576459
12838,3134.27734375,-3.5599942
12839,3134.521484375,-3.4821708
12840,3134.765625,-3.3399296
12841,3135.009765625,-3.2399738
12842,3135.25390625,-3.0744302
12843,3135.498046875,-2.9069974
12844,3135.7421875,-2.730028
12845,3135.986328125,-2.5286765
12846,3136.23046875,-2.34316
12847,3136.474609375,-2.128673
12848,3136.71875,-1.8761294
12849,3136.962890625,-1.6440985
12850,3137.20703125,-1.4117979
12851,3137.451171875,-1.1233565
12852,3137.6953125,-0.8411228
12853,3137.939453125,-0.62150776
12854,3138.18359375,-0.31525233
12855,3138.427734375,-0.045164578
12856,3138.671875,0.25528783
12857,3138.916015625,0.5521864
12858,3139.16015625,0.82513076
12859,3139.404296875,1.1269214
12860,3139.6484375,1.4201089
12861,3139.892578125,1.6359227
12862,3140.13671875,1.8633761
12863,3140.380859375,2.0646825
12864,3140.625,2.2752666
12865,3140.869140625,2.441429
12866,3141.11328125,2.6265967
12867,3141.357421875,2.7490675
12868,3141.6015625,2.8940868
12869,3141.845703125,2.98355
12870,3142.08984375,3.1155236
12871,3142.333984375,3.251827
12872,3142.578125,3.365076
12873,3142.822265625,3.478381
12874,3143.06640625,3.5500753
12875,3143.310546875,3.532475
12876,3143.5546875,3.5067775
12877,3143.798828125,3.465729
12878,3144.04296875,3.4345772
12879,3144.287109375,3.3963966
12880,3144.53125,3.2612739
12881,3144.775390625,3.1921663
12882,3145.01953125,3.1119812
12883,3145.263671875,2.9496427
12884,3145.5078125,2.753285
12885,3145.751953125,2.5556898
12886,3145.99609375,2.4067907
12887,3146.240234375,2.220948
12888,3146.484375,1.9744883
12889,3146.728515625,1.7377566
12890,3146.97265625,1.5340325
12891,3147.216796875,1.2900469
12892,3147.4609375,0.97740376
12893,3147.705078125,0.7600717
12894,3147.94921875,0.49814862
12895,3148.193359375,0.22447334
12896,3148.4375,-0.046064273
12897,3148.681640625,-0.3320766
12898,3148.92578125,-0.5990155
12899,3149.169921875,-0.92290485
12900,3149.4140625,-1.2467042
12901,3149.658203125,-1.5122936
12902,3149.90234375,-1.7020388
12903,3150.146484375,-1.8832369
12904,3150.390625,-2.1598923
12905,3150.634765625,-2.340191
12906,3150.87890625,-2.4994366
12907,3151.123046875,-2.656253
12908,3151.3671875,-2.7778914
12909,3151.611328125,-2.9047482
12910,3151.85546875,-3.0230577
12911,3152.099609375,-3.1909404
12912,3152.34375,-3.3366907
12913,3152.587890625,-3.4006588
12914,3152.83203125,-3.5725899
12915,3153.076171875,-3.607948
12916,3153.3203125,-3.6555417
12917,3153.564453125,-3.6115468
12918,3153.80859375,-3.6360185
12919,3154.052734375,-3.6157753
12920,3154.296875,-3.5000749
12921,3154.541015625,-3.4478927
12922,3154.78515625,-3.376367
12923,3155.029296875,-3.2341256
12924,3155.2734375,-3.0930538
12925,3155.517578125,-2.9219322
12926,3155.76171875,-2.7268786
12927,3156.005859375,-2.5403724
12928,3156.25,-2.3879647
12929,3156.494140625,-2.1948004
12930,3156.73828125,-1.924263
12931,3156.982421875,-1.6978103
12932,3157.2265625,-1.4394186
12933,3157.470703125,-1.2247517
12934,3157.71484375,-0.91732675
12935,3157.958984375,-0.67854834
12936,3158.203125,-0.42159605
12937,3158.447265625,-0.15069854
12938,3158.69140625,0.15480338
12939,3158.935546875,0.46615332
12940,3159.1796875,0.78127074
12941,3159.423828125,1.026437
12942,3159.66796875,1.334413
12943,3159.912109375,1.5867769
12944,3160.15625,1.7927502
12945,3160.400390625,1.9346769
12946,3160.64453125,2.1766381
12947,3160.888671875,2.398637
12948,3161.1328125,2.5190835
12949,3161.376953125,2.6062975
12950,3161.62109375,2.7974823
12951,3161.865234375,2.9138238
12952,3162.109375,3.0443354
12953,3162.353515625,3.1664126
12954,3162.59765625,3.3194165
12955,3162.841796875,3.416977
12956,3163.0859375,3.465954
12957,3163.330078125,3.489065
12958,3163.57421875,3.4916515
12959,3163.818359375,3.4580255
12960,3164.0625,3.44065
12961,3164.306640625,3.3617022
12962,3164.55078125,3.2958558
12963,3164.794921875,3.2000384
12964,3165.0390625,3.0685146
12965,3165.283203125,2.9863615
12966,3165.52734375,2.785505
12967,3165.771484375,2.5980878
12968,3166.015625,2.4238286
12969,3166.259765625,2.2554173
12970,3166.50390625,2.0393784
12971,3166.748046875,1.8100132
12972,3166.9921875,1.6275442
12973,3167.236328125,1.3802412
12974,3167.48046875,1.0708593
12975,3167.724609375,0.8448677
12976,3167.96875,0.5642761
12977,3168.212890625,0.29588646
12978,3168.45703125,0.076979965
12979,3168.701171875,-0.20638953
12980,3168.9453125,-0.5556503
12981,3169.189453125,-0.843372
12982,3169.43359375,-1.127225
12983,3169.677734375,-1.4267328
12984,3169.921875,-1.6673106
12985,3170.166015625,-1.8189088
12986,3170.41015625,-2.0805395
12987,3170.654296875,-2.3089716
12988,3170.8984375,-2.4186442
12989,3171.142578125,-2.5675433
12990,3171.38671875,-2.7459524
12991,3171.630859375,-2.858144
12992,3171.875,-2.9735746
12993,3172.119140625,-3.060665
12994,3172.36328125,-3.253469
12995,3172.607421875,-3.3717785
12996,3172.8515625,-3.4943168
12997,3173.095703125,-3.6041691
12998,3173.33984375,-3.6558115
12999,3173.583984375,-3.5735798
13000,3173.828125,-3.5425403
13001,3174.072265625,-3.5634131
13002,3174.31640625,-3.526076
13003,3174.560546875,-3.3950808
13004,3174.8046875,-3.3553143
13005,3175.048828125,-3.2516696
13006,3175.29296875,-3.1149163
13007,3175.537109375,-2.9247215
13008,3175.78125,-2.7628665
13009,3176.025390625,-2.6019115
13010,3176.26953125,-2.3887742
13011,3176.513671875,-2.1595325
13012,3176.7578125,-1.9624099
13013,3177.001953125,-1.7400959
13014,3177.24609375,-1.4418476
13015,3177.490234375,-1.2218727
13016,3177.734375,-0.9602421
13017,3177.978515625,-0.73118037
13018,3178.22265625,-0.4307729
13019,3178.466796875,-0.13972229
13020,3178.7109375,0.12471991
13021,3178.955078125,0.40699854
13022,3179.19921875,0.70997006
13023,3179.443359375,0.98049647
13024,3179.6875,1.3086594
13025,3179.931640625,1.5257102
13026,3180.17578125,1.7943248
13027,3180.419921875,1.9886023
13028,3180.6640625,2.1555514
13029,3180.908203125,2.3753576
13030,3181.15234375,2.5116048
13031,3181.396484375,2.647121
13032,3181.640625,2.781288
13033,3181.884765625,2.909494
13034,3182.12890625,3.0633976
13035,3182.373046875,3.1539855
13036,3182.6171875,3.262511
13037,3182.861328125,3.4166958
13038,3183.10546875,3.4939008
13039,3183.349609375,3.5078459
13040,3183.59375,3.4982867
13041,3183.837890625,3.5079021
13042,3184.08203125,3.4467793
13043,3184.326171875,3.4100044
13044,3184.5703125,3.3332493
13045,3184.814453125,3.2467663
13046,3185.05859375,3.1416147
13047,3185.302734375,2.983775
13048,3185.546875,2.8413985
13049,3185.791015625,2.6745055
13050,3186.03515625,2.4712875
13051,3186.279296875,2.294329
13052,3186.5234375,2.1055622
13053,3186.767578125,1.8893547
13054,3187.01171875,1.610675
13055,3187.255859375,1.3942989
13056,3187.5,1.122198
13057,3187.744140625,0.89272016
13058,3187.98828125,0.6243306
13059,3188.232421875,0.34283918
13060,3188.4765625,0.13697822
13061,3188.720703125,-0.1505186
13062,3188.96484375,-0.43653095
13063,3189.208984375,-0.74872434
13064,3189.453125,-1.0620874
13065,3189.697265625,-1.3509787
13066,3189.94140625,-1.616658
13067,3190.185546875,-1.8450899
13068,3190.4296875,-2.035915
13069,3190.673828125,-2.2356467
13070,3190.91796875,-2.4109068
13071,3191.162109375,-2.5522485
13072,3191.40625,-2.6917908
13073,3191.650390625,-2.8544552
13074,3191.89453125,-2.9746542
13075,3192.138671875,-3.0924242
13076,3192.3828125,-3.233496
13077,3192.626953125,-3.3917518
13078,3192.87109375,-3.5179787
13079,3193.115234375,-3.5969718
13080,3193.359375,-3.6308904
13081,3193.603515625,-3.6350286
13082,3193.84765625,-3.6435757
13083,3194.091796875,-3.629001
13084,3194.3359375,-3.5663822
13085,3194.580078125,-3.5187883
13086,3194.82421875,-3.3946307
13087,3195.068359375,-3.2908063
13088,3195.3125,-3.2056055
13089,3195.556640625,-3.0269263
13090,3195.80078125,-2.8108203
13091,3196.044921875,-2.6333108
13092,3196.2890625,-2.4737954
13093,3196.533203125,-2.2639868
13094,3196.77734375,-2.0034359
13095,3197.021484375,-1.821248
13096,3197.265625,-1.5524199
13097,3197.509765625,-1.309323
13098,3197.75390625,-1.0565093
13099,3197.998046875,-0.784712
13100,3198.2421875,-0.5157039
13101,3198.486328125,-0.27368656
13102,3198.73046875,-0.010976252
13103,3198.974609375,0.28267223
13104,3199.21875,0.627367
13105,3199.462890625,0.9206106
13106,3199.70703125,1.2471429
13107,3199.951171875,1.4716724
13108,3200.1953125,1.6782644
13109,3200.439453125,1.9462042
13110,3200.68359375,2.0930226
13111,3200.927734375,2.2839825
13112,3201.171875,2.4306886
13113,3201.416015625,2.6462214
13114,3201.66015625,2.7635188
13115,3201.904296875,2.8593361
13116,3202.1484375,2.977702
13117,3202.392578125,3.1202471
13118,3202.63671875,3.238669
13119,3202.880859375,3.3241398
13120,3203.125,3.4621863
13121,3203.369140625,3.5038536
13122,3203.61328125,3.4967685
13123,3203.857421875,3.4359267
13124,3204.1015625,3.4522338
13125,3204.345703125,3.391673
13126,3204.58984375,3.326614
13127,3204.833984375,3.2751067
13128,3205.078125,3.163882
13129,3205.322265625,3.039837
13130,3205.56640625,2.8312206
13131,3205.810546875,2.6942987
13132,3206.0546875,2.4884377
13133,3206.298828125,2.3352652
13134,3206.54296875,2.1475668
13135,3206.787109375,1.913253
13136,3207.03125,1.6819756
13137,3207.275390625,1.401384
13138,3207.51953125,1.1929364
13139,3207.763671875,0.96655124
13140,3208.0078125,0.66031826
13141,3208.251953125,0.41543314
13142,3208.49609375,0.1772957
13143,3208.740234375,-0.08763008
13144,3208.984375,-0.43527135
13145,3209.228515625,-0.7384679
13146,3209.47265625,-1.0300583
13147,3209.716796875,-1.309233
13148,3209.9609375,-1.5632162
13149,3210.205078125,-1.8034341
13150,3210.44921875,-2.0286274
13151,3210.693359375,-2.1894925
13152,3210.9375,-2.3869748
13153,3211.181640625,-2.5837379
13154,3211.42578125,-2.728588
13155,3211.669921875,-2.8274646
13156,3211.9140625,-2.989499
13157,3212.158203125,-3.1087985
13158,3212.40234375,-3.245102
13159,3212.646484375,-3.3748376
13160,3212.890625,-3.5362425
13161,3213.134765625,-3.646005
13162,3213.37890625,-3.6504135
13163,3213.623046875,-3.6589606
13164,3213.8671875,-3.678304
13165,3214.111328125,-3.6352987
13166,3214.35546875,-3.5759192
13167,3214.599609375,-3.5217574
13168,3214.84375,-3.45626
13169,3215.087890625,-3.317887
13170,3215.33203125,-3.1818535
13171,3215.576171875,-3.0753298
13172,3215.8203125,-2.8837852
13173,3216.064453125,-2.6538239
13174,3216.30859375,-2.4760447
13175,3216.552734375,-2.3149993
13176,3216.796875,-2.082249
13177,3217.041015625,-1.84473
13178,3217.28515625,-1.5935358
13179,3217.529296875,-1.3337946
13180,3217.7734375,-1.1019437
13181,3218.017578125,-0.8438218
13182,3218.26171875,-0.57382405
13183,3218.505859375,-0.3069752
13184,3218.75,-0.034548204
13185,3218.994140625,0.26417232
13186,3219.23828125,0.56849337
13187,3219.482421875,0.8739391
13188,3219.7265625,1.1220294
13189,3219.970703125,1.3803536
13190,3220.21484375,1.6481808
13191,3220.458984375,1.8589902
13192,3220.703125,2.1028633
13193,3220.947265625,2.2932045
13194,3221.19140625,2.4436219
13195,3221.435546875,2.6096714
13196,3221.6796875,2.743557
13197,3221.923828125,2.8422983
13198,3222.16796875,2.9602141
13199,3222.412109375,3.084878
13200,3222.65625,3.2629046
13201,3222.900390625,3.3789089
13202,3223.14453125,3.4387383
13203,3223.388671875,3.5080707
13204,3223.6328125,3.5150435
13205,3223.876953125,3.4683719
13206,3224.12109375,3.458644
13207,3224.365234375,3.4515028
13208,3224.609375,3.3929102
13209,3224.853515625,3.278649
13210,3225.09765625,3.20673
13211,3225.341796875,3.1012971
13212,3225.5859375,2.93581
13213,3225.830078125,2.7416449
13214,3226.07421875,2.5791943
13215,3226.318359375,2.427765
13216,3226.5625,2.2071152
13217,3226.806640625,1.9644231
13218,3227.05078125,1.7834723
13219,3227.294921875,1.54123
13220,3227.5390625,1.2999437
13221,3227.783203125,1.0351528
13222,3228.02734375,0.8106794
13223,3228.271484375,0.53430504
13224,3228.515625,0.23318914
13225,3228.759765625,-0.012955576
13226,3229.00390625,-0.27431634
13227,3229.248046875,-0.59991515
13228,3229.4921875,-0.87072265
13229,3229.736328125,-1.1783276
13230,3229.98046875,-1.4462562
13231,3230.224609375,-1.6898929
13232,3230.46875,-1.9324503
13233,3230.712890625,-2.1533248
13234,3230.95703125,-2.3095114
13235,3231.201171875,-2.504205
13236,3231.4453125,-2.658952
13237,3231.689453125,-2.7673652
13238,3231.93359375,-2.884685
13239,3232.177734375,-3.0641737
13240,3232.421875,-3.1663787
13241,3232.666015625,-3.2729924
13242,3232.91015625,-3.4186525
13243,3233.154296875,-3.5557659
13244,3233.3984375,-3.6235125
13245,3233.642578125,-3.5801475
13246,3233.88671875,-3.590764
13247,3234.130859375,-3.60156
13248,3234.375,-3.5439796
13249,3234.619140625,-3.479292
13250,3234.86328125,-3.4412348
13251,3235.107421875,-3.3329117
13252,3235.3515625,-3.1961586
13253,3235.595703125,-3.0794685
13254,3235.83984375,-2.9433448
13255,3236.083984375,-2.728948
13256,3236.328125,-2.550719
13257,3236.572265625,-2.363403
13258,3236.81640625,-2.1454973
13259,3237.060546875,-1.8787385
13260,3237.3046875,-1.6860243
13261,3237.548828125,-1.4272726
13262,3237.79296875,-1.1661818
13263,3238.037109375,-0.9087797
13264,3238.28125,-0.62258744
13265,3238.525390625,-0.36572513
13266,3238.76953125,-0.08394134
13267,3239.013671875,0.21497035
13268,3239.2578125,0.53784764
13269,3239.501953125,0.8050001
13270,3239.74609375,1.0832863
13271,3239.990234375,1.3265408
13272,3240.234375,1.5898695
13273,3240.478515625,1.8350359
13274,3240.72265625,2.0106447
13275,3240.966796875,2.2293262
13276,3241.2109375,2.434906
13277,3241.455078125,2.5864482
13278,3241.69921875,2.7047014
13279,3241.943359375,2.8282967
13280,3242.1875,2.9924908
13281,3242.431640625,3.074138
13282,3242.67578125,3.231809
13283,3242.919921875,3.3352175
13284,3243.1640625,3.4688218
13285,3243.408203125,3.5297198
13286,3243.65234375,3.5333748
13287,3243.896484375,3.5324187
13288,3244.140625,3.5032349
13289,3244.384765625,3.4680908
13290,3244.62890625,3.3714862
13291,3244.873046875,3.3316185
13292,3245.1171875,3.2032998
13293,3245.361328125,3.103659
13294,3245.60546875,2.9989572
13295,3245.849609375,2.8032742
13296,3246.09375,2.5833554
13297,3246.337890625,2.4476705
13298,3246.58203125,2.2125132
13299,3246.826171875,2.0189106
13300,3247.0703125,1.7923005
13301,3247.314453125,1.560967
13302,3247.55859375,1.2971883
13303,3247.802734375,1.0214325
13304,3248.046875,0.7757601
13305,3248.291015625,0.54757553
13306,3248.53515625,0.24128635
13307,3248.779296875,-0.053351782
13308,3249.0234375,-0.28367314
13309,3249.267578125,-0.57247454
13310,3249.51171875,-0.89231527
13311,3249.755859375,-1.2204332
13312,3250.0,-1.5011374
13313,3250.244140625,-1.692502
13314,3250.48828125,-1.90375
13315,3250.732421875,-2.1840942
13316,3250.9765625,-2.352517
13317,3251.220703125,-2.5400126
13318,3251.46484375,-2.6951196
13319,3251.708984375,-2.8388007
13320,3251.953125,-2.974924
13321,3252.197265625,-3.077669
13322,3252.44140625,-3.1991277
13323,3252.685546875,-3.3514457
13324,3252.9296875,-3.476233
13325,3253.173828125,-3.5972416
13326,3253.41796875,-3.6827126
13327,3253.662109375,-3.7292266
13328,3253.90625,-3.6572511
13329,3254.150390625,-3.6532924
13330,3254.39453125,-3.6829824
13331,3254.638671875,-3.5858154
13332,3254.8828125,-3.4944968
13333,3255.126953125,-3.3989494
13334,3255.37109375,-3.3025923
13335,3255.615234375,-3.13327
13336,3255.859375,-2.9687164
13337,3256.103515625,-2.7504508
13338,3256.34765625,-2.5739312
13339,3256.591796875,-2.3656523
13340,3256.8359375,-2.181575
13341,3257.080078125,-1.9553922
13342,3257.32421875,-1.7272302
13343,3257.568359375,-1.4333005
13344,3257.8125,-1.1514268
13345,3258.056640625,-0.9364902
13346,3258.30078125,-0.67126083
13347,3258.544921875,-0.38066003
13348,3258.7890625,-0.07683376
13349,3259.033203125,0.1517107
13350,3259.27734375,0.47076422
13351,3259.521484375,0.80342567
13352,3259.765625,1.1162938
13353,3260.009765625,1.3725375
13354,3260.25390625,1.6061765
13355,3260.498046875,1.879908
13356,3260.7421875,2.046295
13357,3260.986328125,2.257273
13358,3261.23046875,2.4595351
13359,3261.474609375,2.6009555
13360,3261.71875,2.7086937
13361,3261.962890625,2.8401053
13362,3262.20703125,2.9829876
13363,3262.451171875,3.0987668
13364,3262.6953125,3.2056055
13365,3262.939453125,3.3311124
13366,3263.18359375,3.507621
13367,3263.427734375,3.5946662
13368,3263.671875,3.5566542
13369,3263.916015625,3.5201604
13370,3264.16015625,3.5477698
13371,3264.404296875,3.464492
13372,3264.6484375,3.4196198
13373,3264.892578125,3.3797522
13374,3265.13671875,3.2831476
13375,3265.380859375,3.128738
13376,3265.625,2.980851
13377,3265.869140625,2.8583803
13378,3266.11328125,2.667083
13379,3266.357421875,2.439292
13380,3266.6015625,2.2588472
13381,3266.845703125,2.094541
13382,3267.08984375,1.8775463
13383,3267.333984375,1.5935808
13384,3267.578125,1.3449283
13385,3267.822265625,1.145084
13386,3268.06640625,0.84177506
13387,3268.310546875,0.57113624
13388,3268.5546875,0.3284441
13389,3268.798828125,0.028509015
13390,3269.04296875,-0.26909813
13391,3269.287109375,-0.547553
13392,3269.53125,-0.88430804
13393,3269.775390625,-1.1766182
13394,3270.01953125,-1.4750463
13395,3270.263671875,-1.704288
13396,3270.5078125,-1.9318204
13397,3270.751953125,-2.170419
13398,3270.99609375,-2.3647525
13399,3271.240234375,-2.550899
13400,3271.484375,-2.6746068
13401,3271.728515625,-2.8118098
13402,3271.97265625,-2.9318287
13403,3272.216796875,-3.0801883
13404,3272.4609375,-3.1733963
13405,3272.705078125,-3.3338118
13406,3272.94921875,-3.5392115
13407,3273.193359375,-3.6039894
13408,3273.4375,-3.7133021
13409,3273.681640625,-3.7479403
13410,3273.92578125,-3.7626953
13411,3274.169921875,-3.7250881
13412,3274.4140625,-3.6826224
13413,3274.658203125,-3.6361084
13414,3274.90234375,-3.5775385
13415,3275.146484375,-3.4510417
13416,3275.390625,-3.3430786
13417,3275.634765625,-3.2354753
13418,3275.87890625,-3.0342138
13419,3276.123046875,-2.8321428
13420,3276.3671875,-2.6630006
13421,3276.611328125,-2.4866607
13422,3276.85546875,-2.2697449
13423,3277.099609375,-2.0372643
13424,3277.34375,-1.765737
13425,3277.587890625,-1.5113939
13426,3277.83203125,-1.2671273
13427,3278.076171875,-0.9924511
13428,3278.3203125,-0.764289
13429,3278.564453125,-0.4967204
13430,3278.80859375,-0.18407714
13431,3279.052734375,0.06415934
13432,3279.296875,0.3691552
13433,3279.541015625,0.65593225
13434,3279.78515625,0.9950602
13435,3280.029296875,1.2708161
13436,3280.2734375,1.5239109
13437,3280.517578125,1.7450104
13438,3280.76171875,1.9625111
13439,3281.005859375,2.2162244
13440,3281.25,2.3364458
13441,3281.494140625,2.5080624
13442,3281.73828125,2.668095
13443,3281.982421875,2.743107
13444,3282.2265625,2.8877325
13445,3282.470703125,3.0229678
13446,3282.71484375,3.1825507
13447,3282.958984375,3.2638605
13448,3283.203125,3.3897052
13449,3283.447265625,3.5364113
13450,3283.69140625,3.5302258
13451,3283.935546875,3.4895146
13452,3284.1796875,3.490527
13453,3284.423828125,3.5071712
13454,3284.66796875,3.4561136
13455,3284.912109375,3.3587217
13456,3285.15625,3.2955184
13457,3285.400390625,3.1956525
13458,3285.64453125,3.0383751
13459,3285.888671875,2.884696
13460,3286.1328125,2.7210646
13461,3286.376953125,2.5500104
13462,3286.62109375,2.3777194
13463,3286.865234375,2.1935072
13464,3287.109375,1.96611
13465,3287.353515625,1.7024436
13466,3287.59765625,1.4636315
13467,3287.841796875,1.2621002
13468,3288.0859375,1.0127729
13469,3288.330078125,0.6988364
13470,3288.57421875,0.45507586
13471,3288.818359375,0.18769841
13472,3289.0625,-0.048043594
13473,3289.306640625,-0.39244598
13474,3289.55078125,-0.6888048
13475,3289.794921875,-0.95988226
13476,3290.0390625,-1.2939382
13477,3290.283203125,-1.5224602
13478,3290.52734375,-1.7705054
13479,3290.771484375,-1.9839127
13480,3291.015625,-2.1836443
13481,3291.259765625,-2.398941
13482,3291.50390625,-2.5505393
13483,3291.748046875,-2.6904414
13484,3291.9921875,-2.8210766
13485,3292.236328125,-2.9708755
13486,3292.48046875,-3.1235533
13487,3292.724609375,-3.2235992
13488,3292.96875,-3.3544147
13489,3293.212890625,-3.469845
13490,3293.45703125,-3.5584648
13491,3293.701171875,-3.622793
13492,3293.9453125,-3.6542823
13493,3294.189453125,-3.6730857
13494,3294.43359375,-3.6066885
13495,3294.677734375,-3.5703409
13496,3294.921875,-3.5214875
13497,3295.166015625,-3.414514
13498,3295.41015625,-3.2934153
13499,3295.654296875,-3.1888711
13500,3295.8984375,-3.0563464
13501,3296.142578125,-2.8484273
13502,3296.38671875,-2.6602116
13503,3296.630859375,-2.4823425
13504,3296.875,-2.2699249
13505,3297.119140625,-2.0903463
13506,3297.36328125,-1.8079326
13507,3297.607421875,-1.6152184
13508,3297.8515625,-1.3626747
13509,3298.095703125,-1.1078818
13510,3298.33984375,-0.8305064
13511,3298.583984375,-0.5461135
13512,3298.828125,-0.23976815
13513,3299.072265625,0.009503005
13514,3299.31640625,0.28745183
13515,3299.560546875,0.5789523
13516,3299.8046875,0.87315184
13517,3300.048828125,1.1606599
13518,3300.29296875,1.395536
13519,3300.537109375,1.6516672
13520,3300.78125,1.8367229
13521,3301.025390625,2.0798085
13522,3301.26953125,2.261659
13523,3301.513671875,2.3975687
13524,3301.7578125,2.5633373
13525,3302.001953125,2.7082438
13526,3302.24609375,2.8245292
13527,3302.490234375,2.944582
13528,3302.734375,3.0813913
13529,3302.978515625,3.1936283
13530,3303.22265625,3.301479
13531,3303.466796875,3.4246807
13532,3303.7109375,3.5202167
13533,3303.955078125,3.4953065
13534,3304.19921875,3.4410436
13535,3304.443359375,3.4746697
13536,3304.6875,3.4497595
13537,3304.931640625,3.365863
13538,3305.17578125,3.246935
13539,3305.419921875,3.1770964
13540,3305.6640625,3.1012971
13541,3305.908203125,2.9195592
13542,3306.15234375,2.7076254
13543,3306.396484375,2.5746958
13544,3306.640625,2.3704095
13545,3306.884765625,2.2028415
13546,3307.12890625,2.02116
13547,3307.373046875,1.8002853
13548,3307.6171875,1.5394869
13549,3307.861328125,1.2767766
13550,3308.10546875,1.0128853
13551,3308.349609375,0.7879622
13552,3308.59375,0.50180364
13553,3308.837890625,0.20237464
13554,3309.08203125,-0.049033258
13555,3309.326171875,-0.3259587
13556,3309.5703125,-0.64588946
13557,3309.814453125,-0.93559057
13558,3310.05859375,-1.2567809
13559,3310.302734375,-1.4718075
13560,3310.546875,-1.7182332
13561,3310.791015625,-1.9891307
13562,3311.03515625,-2.1798656
13563,3311.279296875,-2.334073
13564,3311.5234375,-2.5396528
13565,3311.767578125,-2.6493254
13566,3312.01171875,-2.8363714
13567,3312.255859375,-2.9272404
13568,3312.5,-3.07434
13569,3312.744140625,-3.1812236
13570,3312.98828125,-3.3335416
13571,3313.232421875,-3.4450135
13572,3313.4765625,-3.5862656
13573,3313.720703125,-3.655362
13574,3313.96484375,-3.6440258
13575,3314.208984375,-3.6104672
13576,3314.453125,-3.6514032
13577,3314.697265625,-3.5823967
13578,3314.94140625,-3.5138402
13579,3315.185546875,-3.4505918
13580,3315.4296875,-3.3819454
13581,3315.673828125,-3.2311566
13582,3315.91796875,-3.0701118
13583,3316.162109375,-2.9234617
13584,3316.40625,-2.6906214
13585,3316.650390625,-2.5358741
13586,3316.89453125,-2.3116705
13587,3317.138671875,-2.1244445
13588,3317.3828125,-1.9232733
13589,3317.626953125,-1.6422993
13590,3317.87109375,-1.3849871
13591,3318.115234375,-1.1136398
13592,3318.359375,-0.8605561
13593,3318.603515625,-0.6309545
13594,3318.84765625,-0.3264985
13595,3319.091796875,-0.0816921
13596,3319.3359375,0.22003111
13597,3319.580078125,0.54757553
13598,3319.82421875,0.7994895
13599,3320.068359375,1.1152254
13600,3320.3125,1.3434662
13601,3320.556640625,1.6089882
13602,3320.80078125,1.8134996
13603,3321.044921875,2.0154243
13604,3321.2890625,2.2153246
13605,3321.533203125,2.3808682
13606,3321.77734375,2.523132
13607,3322.021484375,2.6719189
13608,3322.265625,2.7938273
13609,3322.509765625,2.9097753
13610,3322.75390625,3.0177946
13611,3322.998046875,3.1734977
13612,3323.2421875,3.2954621
13613,3323.486328125,3.4020758
13614,3323.73046875,3.4518402
13615,3323.974609375,3.4948566
13616,3324.21875,3.4656165
13617,3324.462890625,3.4084861
13618,3324.70703125,3.412366
13619,3324.951171875,3.3700242
13620,3325.1953125,3.2835412
13621,3325.439453125,3.159496
13622,3325.68359375,3.0711014
13623,3325.927734375,2.9910848
13624,3326.171875,2.7479992
13625,3326.416015625,2.5872915
13626,3326.66015625,2.4390671
13627,3326.904296875,2.272399
13628,3327.1484375,2.036792
13629,3327.392578125,1.839422
13630,3327.63671875,1.5999911
13631,3327.880859375,1.3265408
13632,3328.125,1.0694536
13633,3328.369140625,0.8542583
13634,3328.61328125,0.5516241
13635,3328.857421875,0.3022968
13636,3329.1015625,0.02103032
13637,3329.345703125,-0.2708975
13638,3329.58984375,-0.56482714
13639,3329.833984375,-0.8705427
13640,3330.078125,-1.2105366
13641,3330.322265625,-1.4501247
13642,3330.56640625,-1.6726189
13643,3330.810546875,-1.9082484
13644,3331.0546875,-2.1662803
13645,3331.298828125,-2.3024938
13646,3331.54296875,-2.468937
13647,3331.787109375,-2.6517546
13648,3332.03125,-2.8002038
13649,3332.275390625,-2.9495528
13650,3332.51953125,-3.0235076
13651,3332.763671875,-3.2070448
13652,3333.0078125,-3.3550444
13653,3333.251953125,-3.4342172
13654,3333.49609375,-3.5675519
13655,3333.740234375,-3.6628294
13656,3333.984375,-3.6354785
13657,3334.228515625,-3.6207235
13658,3334.47265625,-3.6357484
13659,3334.716796875,-3.6244123
13660,3334.9609375,-3.5234668
13661,3335.205078125,-3.4471729
13662,3335.44921875,-3.3653908
13663,3335.693359375,-3.2453718
13664,3335.9375,-3.0902648
13665,3336.181640625,-2.9351575
13666,3336.42578125,-2.767455
13667,3336.669921875,-2.5709622
13668,3336.9140625,-2.3416305
13669,3337.158203125,-2.1659205
13670,3337.40234375,-1.9520634
13671,3337.646484375,-1.7095962
13672,3337.890625,-1.4713576
13673,3338.134765625,-1.206578
13674,3338.37890625,-0.97472715
13675,3338.623046875,-0.6727903
13676,3338.8671875,-0.4395899
13677,3339.111328125,-0.14215146
13678,3339.35546875,0.13658461
13679,3339.599609375,0.40576145
13680,3339.84375,0.74876934
13681,3340.087890625,1.0260997
13682,3340.33203125,1.2689605
13683,3340.576171875,1.5276783
13684,3340.8203125,1.7522079
13685,3341.064453125,1.9798864
13686,3341.30859375,2.1386821
13687,3341.552734375,2.335771
13688,3341.796875,2.4706128
13689,3342.041015625,2.6052852
13690,3342.28515625,2.7186465
13691,3342.529296875,2.87002
13692,3342.7734375,3.0271852
13693,3343.017578125,3.1165357
13694,3343.26171875,3.2659411
13695,3343.505859375,3.384138
13696,3343.75,3.4429557
13697,3343.994140625,3.4464982
13698,3344.23828125,3.4744449
13699,3344.482421875,3.4670787
13700,3344.7265625,3.4542017
13701,3344.970703125,3.3767157
13702,3345.21484375,3.3008604
13703,3345.458984375,3.2264106
13704,3345.703125,3.1062455
13705,3345.947265625,3.0215058
13706,3346.19140625,2.8464031
13707,3346.435546875,2.6935115
13708,3346.6796875,2.4427783
13709,3346.923828125,2.3219945
13710,3347.16796875,2.0876808
13711,3347.412109375,1.9065052
13712,3347.65625,1.6243391
13713,3347.900390625,1.3952549
13714,3348.14453125,1.1399108
13715,3348.388671875,0.875626
13716,3348.6328125,0.6064492
13717,3348.876953125,0.36651236
13718,3349.12109375,0.092049815
13719,3349.365234375,-0.20611961
13720,3349.609375,-0.48907298
13721,3349.853515625,-0.7941588
13722,3350.09765625,-1.1053625
13723,3350.341796875,-1.3743707
13724,3350.5859375,-1.6148586
13725,3350.830078125,-1.8437405
13726,3351.07421875,-2.058947
13727,3351.318359375,-2.2824306
13728,3351.5625,-2.4443753
13729,3351.806640625,-2.5724015
13730,3352.05078125,-2.75279
13731,3352.294921875,-2.8628225
13732,3352.5390625,-2.9937277
13733,3352.783203125,-3.1442463
13734,3353.02734375,-3.2731724
13735,3353.271484375,-3.4241407
13736,3353.515625,-3.5215776
13737,3353.759765625,-3.6090276
13738,3354.00390625,-3.6657982
13739,3354.248046875,-3.6657982
13740,3354.4921875,-3.6128063
13741,3354.736328125,-3.6056988
13742,3354.98046875,-3.5473986
13743,3355.224609375,-3.434847
13744,3355.46875,-3.335341
13745,3355.712890625,-3.3394797
13746,3355.95703125,-3.1816738
13747,3356.201171875,-2.9615188
13748,3356.4453125,-2.7678149
13749,3356.689453125,-2.6156769
13750,3356.93359375,-2.4119864
13751,3357.177734375,-2.2073061
13752,3357.421875,-1.9986675
13753,3357.666015625,-1.7592592
13754,3357.91015625,-1.4882718
13755,3358.154296875,-1.242026
13756,3358.3984375,-0.9822846
13757,3358.642578125,-0.7458453
13758,3358.88671875,-0.4822353
13759,3359.130859375,-0.207919
13760,3359.375,0.06101042
13761,3359.619140625,0.3337298
13762,3359.86328125,0.6716769
13763,3360.107421875,0.9522686
13764,3360.3515625,1.2820623
13765,3360.595703125,1.5183439
13766,3360.83984375,1.7477658
13767,3361.083984375,1.973195
13768,3361.328125,2.1482975
13769,3361.572265625,2.3458366
13770,3361.81640625,2.471681
13771,3362.060546875,2.6203554
13772,3362.3046875,2.7519352
13773,3362.548828125,2.8591676
13774,3362.79296875,3.009135
13775,3363.037109375,3.1213155
13776,3363.28125,3.2332149
13777,3363.525390625,3.3369043
13778,3363.76953125,3.5124006
13779,3364.013671875,3.4955876
13780,3364.2578125,3.5142
13781,3364.501953125,3.5194294
13782,3364.74609375,3.4529085
13783,3364.990234375,3.406237
13784,3365.234375,3.3136246
13785,3365.478515625,3.2592497
13786,3365.72265625,3.1623077
13787,3365.966796875,3.0520391
13788,3366.2109375,2.9048269
13789,3366.455078125,2.7134736
13790,3366.69921875,2.5335348
13791,3366.943359375,2.345949
13792,3367.1875,2.167416
13793,3367.431640625,1.9633546
13794,3367.67578125,1.7277476
13795,3367.919921875,1.4630129
13796,3368.1640625,1.183827
13797,3368.408203125,0.9580041
13798,3368.65234375,0.6968121
13799,3368.896484375,0.43938747
13800,3369.140625,0.18443702
13801,3369.384765625,-0.07746355
13802,3369.62890625,-0.3897469
13803,3369.873046875,-0.71687526
13804,3370.1171875,-0.9842639
13805,3370.361328125,-1.2803528
13806,3370.60546875,-1.5322667
13807,3370.849609375,-1.7915583
13808,3371.09375,-1.9859817
13809,3371.337890625,-2.1974096
13810,3371.58203125,-2.413156
13811,3371.826171875,-2.5576465
13812,3372.0703125,-2.6821642
13813,3372.314453125,-2.8540053
13814,3372.55859375,-2.9758239
13815,3372.802734375,-3.0848668
13816,3373.046875,-3.1908505
13817,3373.291015625,-3.3516257
13818,3373.53515625,-3.5127604
13819,3373.779296875,-3.5832064
13820,3374.0234375,-3.599311
13821,3374.267578125,-3.6508634
13822,3374.51171875,-3.6407866
13823,3374.755859375,-3.5698009
13824,3375.0,-3.5653925
13825,3375.244140625,-3.5142899
13826,3375.48828125,-3.4122648
13827,3375.732421875,-3.2936854
13828,3375.9765625,-3.1740263
13829,3376.220703125,-3.0256667
13830,3376.46484375,-2.8351119
13831,3376.708984375,-2.6638105
13832,3376.953125,-2.506814
13833,3377.197265625,-2.293227
13834,3377.44140625,-2.052289
13835,3377.685546875,-1.8231375
13836,3377.9296875,-1.5773414
13837,3378.173828125,-1.3052744
13838,3378.41796875,-1.0276291
13839,3378.662109375,-0.80333567
13840,3378.90625,-0.54152507
13841,3379.150390625,-0.28223363
13842,3379.39453125,-0.007557419
13843,3379.638671875,0.22683504
13844,3379.8828125,0.5459448
13845,3380.126953125,0.8503784
13846,3380.37109375,1.1722435
13847,3380.615234375,1.4024523
13848,3380.859375,1.6017343
13849,3381.103515625,1.869393
13850,3381.34765625,2.102301
13851,3381.591796875,2.2746482
13852,3381.8359375,2.384017
13853,3382.080078125,2.6229417
13854,3382.32421875,2.656849
13855,3382.568359375,2.7741463
13856,3382.8125,2.9634194
13857,3383.056640625,3.1225524
13858,3383.30078125,3.2055492
13859,3383.544921875,3.2838786
13860,3383.7890625,3.469609
13861,3384.033203125,3.4981744
13862,3384.27734375,3.4863658
13863,3384.521484375,3.454033
13864,3384.765625,3.4745572
13865,3385.009765625,3.4912016
13866,3385.25390625,3.3689559
13867,3385.498046875,3.2829227
13868,3385.7421875,3.2179198
13869,3385.986328125,3.0617108
13870,3386.23046875,2.9430075
13871,3386.474609375,2.7401268
13872,3386.71875,2.5898783
13873,3386.962890625,2.4178119
13874,3387.20703125,2.2227473
13875,3387.451171875,2.011432
13876,3387.6953125,1.7659845
13877,3387.939453125,1.5271722
13878,3388.18359375,1.2471992
13879,3388.427734375,1.0123231
13880,3388.671875,0.7604653
13881,3388.916015625,0.49702406
13882,3389.16015625,0.23313288
13883,3389.404296875,-0.062258735
13884,3389.6484375,-0.34431243
13885,3389.892578125,-0.6804376
13886,3390.13671875,-0.9966797
13887,3390.380859375,-1.2818823
13888,3390.625,-1.5517901
13889,3390.869140625,-1.7975862
13890,3391.11328125,-2.0335755
13891,3391.357421875,-2.2260199
13892,3391.6015625,-2.397861
13893,3391.845703125,-2.6080294
13894,3392.08984375,-2.7392948
13895,3392.333984375,-2.8596735
13896,3392.578125,-2.9974165
13897,3392.822265625,-3.1377685
13898,3393.06640625,-3.2514899
13899,3393.310546875,-3.3419988
13900,3393.5546875,-3.4930573
13901,3393.798828125,-3.6310701
13902,3394.04296875,-3.672636
13903,3394.287109375,-3.651583
13904,3394.53125,-3.6870308
13905,3394.775390625,-3.6272013
13906,3395.01953125,-3.619734
13907,3395.263671875,-3.54326
13908,3395.5078125,-3.4566197
13909,3395.751953125,-3.3141983
13910,3395.99609375,-3.1985877
13911,3396.240234375,-3.0342138
13912,3396.484375,-2.8720894
13913,3396.728515625,-2.7084353
13914,3396.97265625,-2.4752347
13915,3397.216796875,-2.3237264
13916,3397.4609375,-2.0987134
13917,3397.705078125,-1.8453599
13918,3397.94921875,-1.5895772
13919,3398.193359375,-1.3500789
13920,3398.4375,-1.0916872
13921,3398.681640625,-0.8395933
13922,3398.92578125,-0.59685624
13923,3399.169921875,-0.29608887
13924,3399.4140625,-0.0077373576
13925,3399.658203125,0.26394737
13926,3399.90234375,0.5493187
13927,3400.146484375,0.85757595
13928,3400.390625,1.1340066
13929,3400.634765625,1.3941864
13930,3400.87890625,1.6585274
13931,3401.123046875,1.8777714
13932,3401.3671875,2.0714862
13933,3401.611328125,2.2789218
13934,3401.85546875,2.4339502
13935,3402.099609375,2.589653
13936,3402.34375,2.7293868
13937,3402.587890625,2.8265536
13938,3402.83203125,2.980176
13939,3403.076171875,3.0853276
13940,3403.3203125,3.2431111
13941,3403.564453125,3.3649073
13942,3403.80859375,3.4628613
13943,3404.052734375,3.5150435
13944,3404.296875,3.5992773
13945,3404.541015625,3.5680692
13946,3404.78515625,3.4860284
13947,3405.029296875,3.5021105
13948,3405.2734375,3.4439678
13949,3405.517578125,3.3699682
13950,3405.76171875,3.212578
13951,3406.005859375,3.160902
13952,3406.25,2.9961457
13953,3406.494140625,2.7981007
13954,3406.73828125,2.6160817
13955,3406.982421875,2.4513817
13956,3407.2265625,2.2713306
13957,3407.470703125,2.0234091
13958,3407.71484375,1.8506118
13959,3407.958984375,1.5605172
13960,3408.203125,1.3023053
13961,3408.447265625,1.021826
13962,3408.69140625,0.79538465
13963,3408.935546875,0.53919715
13964,3409.1796875,0.2006315
13965,3409.423828125,-0.045434486
13966,3409.66796875,-0.31381285
13967,3409.912109375,-0.6066628
13968,3410.15625,-0.9447675
13969,3410.400390625,-1.2371676
13970,3410.64453125,-1.5266887
13971,3410.888671875,-1.7431548
13972,3411.1328125,-1.9924598
13973,3411.376953125,-2.2175627
13974,3411.62109375,-2.418914
13975,3411.865234375,-2.5616052
13976,3412.109375,-2.749371
13977,3412.353515625,-2.8621027
13978,3412.59765625,-2.9745643
13979,3412.841796875,-3.1386683
13980,3413.0859375,-3.2613862
13981,3413.330078125,-3.3727684
13982,3413.57421875,-3.4828906
13983,3413.818359375,-3.5914836
13984,3414.0625,-3.696478
13985,3414.306640625,-3.707004
13986,3414.55078125,-3.684602
13987,3414.794921875,-3.675245
13988,3415.0390625,-3.7059245
13989,3415.283203125,-3.5598145
13990,3415.52734375,-3.4935071
13991,3415.771484375,-3.376637
13992,3416.015625,-3.2678642
13993,3416.259765625,-3.1186051
13994,3416.50390625,-2.9598093
13995,3416.748046875,-2.7518003
13996,3416.9921875,-2.5867965
13997,3417.236328125,-2.3712304
13998,3417.48046875,-2.184814
13999,3417.724609375,-1.9578215
14000,3417.96875,-1.6685703
14001,3418.212890625,-1.4394186
14002,3418.45703125,-1.198031
14003,3418.701171875,-0.9352306
14004,3418.9453125,-0.6629836
14005,3419.189453125,-0.3897469
14006,3419.43359375,-0.11588043
14007,3419.677734375,0.18573034
14008,3419.921875,0.45771873
14009,3420.166015625,0.7799212
14010,3420.41015625,1.0474111
14011,3420.654296875,1.3493705
14012,3420.8984375,1.5849775
14013,3421.142578125,1.803153
14014,3421.38671875,2.0456202
14015,3421.630859375,2.2141438
14016,3421.875,2.4504256
14017,3422.119140625,2.5661488
14018,3422.36328125,2.7067258
14019,3422.607421875,2.8194685
14020,3422.8515625,2.9683676
14021,3423.095703125,3.0775115
14022,3423.33984375,3.2012756
14023,3423.583984375,3.3520868
14024,3423.828125,3.4931698
14025,3424.072265625,3.5239842
14026,3424.31640625,3.5267956
14027,3424.560546875,3.5467577
14028,3424.8046875,3.5348928
14029,3425.048828125,3.4936757
14030,3425.29296875,3.465954
14031,3425.537109375,3.397465
14032,3425.78125,3.302997
14033,3426.025390625,3.1310434
14034,3426.26953125,3.0608673
14035,3426.513671875,2.8777797
14036,3426.7578125,2.6529129
14037,3427.001953125,2.5172842
14038,3427.24609375,2.3441496
14039,3427.490234375,2.1112976
14040,3427.734375,1.872092
14041,3427.978515625,1.6383406
14042,3428.22265625,1.400653
14043,3428.466796875,1.1278212
14044,3428.7109375,0.85729474
14045,3428.955078125,0.6129157
14046,3429.19921875,0.35335433
14047,3429.443359375,0.12044637
14048,3429.6875,-0.2251931
14049,3429.931640625,-0.5211021
14050,3430.17578125,-0.8487702
14051,3430.419921875,-1.1326232
14052,3430.6640625,-1.4111682
14053,3430.908203125,-1.6706395
14054,3431.15234375,-1.8815277
14055,3431.396484375,-2.1295729
14056,3431.640625,-2.3240864
14057,3431.884765625,-2.51824
14058,3432.12890625,-2.630072
14059,3432.373046875,-2.779331
14060,3432.6171875,-2.910686
14061,3432.861328125,-3.0842369
14062,3433.10546875,-3.1850924
14063,3433.349609375,-3.3433483
14064,3433.59375,-3.4301686
14065,3433.837890625,-3.5333636
14066,3434.08203125,-3.637548
14067,3434.326171875,-3.6982772
14068,3434.5703125,-3.6672378
14069,3434.814453125,-3.6243224
14070,3435.05859375,-3.6098373
14071,3435.302734375,-3.5955322
14072,3435.546875,-3.475783
14073,3435.791015625,-3.3865337
14074,3436.03515625,-3.271373
14075,3436.279296875,-3.1605308
14076,3436.5234375,-3.0089326
14077,3436.767578125,-2.778881
14078,3437.01171875,-2.5824783
14079,3437.255859375,-2.4424858
14080,3437.5,-2.2319577
14081,3437.744140625,-2.0012765
14082,3437.98828125,-1.7608787
14083,3438.232421875,-1.5115739
14084,3438.4765625,-1.2040589
14085,3438.720703125,-0.99712956
14086,3438.96484375,-0.7578112
14087,3439.208984375,-0.4688299
14088,3439.453125,-0.2305013
14089,3439.697265625,0.061347798
14090,3439.94140625,0.34615678
14091,3440.185546875,0.6785933
14092,3440.4296875,0.92775196
14093,3440.673828125,1.2391582
14094,3440.91796875,1.5139018
14095,3441.162109375,1.7290409
14096,3441.40625,1.9496906
14097,3441.650390625,2.153977
14098,3441.89453125,2.3105798
14099,3442.138671875,2.4993465
14100,3442.3828125,2.6313765
14101,3442.626953125,2.7254508
14102,3442.87109375,2.8922875
14103,3443.115234375,3.0236425
14104,3443.359375,3.156291
14105,3443.603515625,3.2477784
14106,3443.84765625,3.3944845
14107,3444.091796875,3.4914827
14108,3444.3359375,3.5384917
14109,3444.580078125,3.5118384
14110,3444.82421875,3.5351741
14111,3445.068359375,3.5102077
14112,3445.3125,3.4373324
14113,3445.556640625,3.375085
14114,3445.80078125,3.315143
14115,3446.044921875,3.1716983
14116,3446.2890625,3.0669966
14117,3446.533203125,2.9259696
14118,3446.77734375,2.7673426
14119,3447.021484375,2.5262249
14120,3447.265625,2.3424065
14121,3447.509765625,2.1386821
14122,3447.75390625,1.936139
14123,3447.998046875,1.6877674
14124,3448.2421875,1.4416453
14125,3448.486328125,1.205251
14126,3448.73046875,0.9225787
14127,3448.974609375,0.6841601
14128,3449.21875,0.4389376
14129,3449.462890625,0.16931094
14130,3449.70703125,-0.12217828
14131,3449.951171875,-0.40027332
14132,3450.1953125,-0.70796824
14133,3450.439453125,-1.0380656
14134,3450.68359375,-1.3104925
14135,3450.927734375,-1.5907469
14136,3451.171875,-1.827276
14137,3451.416015625,-2.0303369
14138,3451.66015625,-2.240235
14139,3451.904296875,-2.4668677
14140,3452.1484375,-2.5660138
14141,3452.392578125,-2.7213008
14142,3452.63671875,-2.8424892
14143,3452.880859375,-3.0116317
14144,3453.125,-3.1143765
14145,3453.369140625,-3.203806
14146,3453.61328125,-3.3823051
14147,3453.857421875,-3.5059228
14148,3454.1015625,-3.5559459
14149,3454.345703125,-3.6279213
14150,3454.58984375,-3.6245024
14151,3454.833984375,-3.6036294
14152,3455.078125,-3.5773585
14153,3455.322265625,-3.5455995
14154,3455.56640625,-3.5115008
14155,3455.810546875,-3.3512657
14156,3456.0546875,-3.2593172
14157,3456.298828125,-3.168178
14158,3456.54296875,-3.0302553
14159,3456.787109375,-2.8015535
14160,3457.03125,-2.644917
14161,3457.275390625,-2.4696567
14162,3457.51953125,-2.2821608
14163,3457.763671875,-2.0673141
14164,3458.0078125,-1.8064932
14165,3458.251953125,-1.6173778
14166,3458.49609375,-1.3533179
14167,3458.740234375,-1.0876386
14168,3458.984375,-0.83707416
14169,3459.228515625,-0.58354074
14170,3459.47265625,-0.32011068
14171,3459.716796875,-0.06621739
14172,3459.9609375,0.21260865
14173,3460.205078125,0.5316622
14174,3460.44921875,0.8316535
14175,3460.693359375,1.1085901
14176,3460.9375,1.430624
14177,3461.181640625,1.585596
14178,3461.42578125,1.8335738
14179,3461.669921875,2.0356112
14180,3461.9140625,2.2632897
14181,3462.158203125,2.3952072
14182,3462.40234375,2.568398
14183,3462.646484375,2.6924994
14184,3462.890625,2.8154762
14185,3463.134765625,2.9202905
14186,3463.37890625,3.0892076
14187,3463.623046875,3.2494655
14188,3463.8671875,3.3441017
14189,3464.111328125,3.4516714
14190,3464.35546875,3.5184736
14191,3464.599609375,3.5017169
14192,3464.84375,3.4603307
14193,3465.087890625,3.4672472
14194,3465.33203125,3.4190013
14195,3465.576171875,3.3379164
14196,3465.8203125,3.2780306
14197,3466.064453125,3.2048182
14198,3466.30859375,3.0891514
14199,3466.552734375,2.8932433
14200,3466.796875,2.7649808
14201,3467.041015625,2.5506854
14202,3467.28515625,2.3722086
14203,3467.529296875,2.2100954
14204,3467.7734375,1.9683592
14205,3468.017578125,1.7717762
14206,3468.26171875,1.507379
14207,3468.505859375,1.2423071
14208,3468.75,1.0025951
14209,3468.994140625,0.7162117
14210,3469.23828125,0.45063365
14211,3469.482421875,0.21367703
14212,3469.7265625,-0.071165696
14213,3469.970703125,-0.3737324
14214,3470.21484375,-0.6917738
14215,3470.458984375,-0.9469266
14216,3470.703125,-1.25939
14217,3470.947265625,-1.5115739
14218,3471.19140625,-1.7621382
14219,3471.435546875,-1.9937192
14220,3471.6796875,-2.178966
14221,3471.923828125,-2.3795974
14222,3472.16796875,-2.5362341
14223,3472.412109375,-2.700248
14224,3472.65625,-2.852476
14225,3472.900390625,-2.9449644
14226,3473.14453125,-3.0701118
14227,3473.388671875,-3.1727664
14228,3473.6328125,-3.3222957
14229,3473.876953125,-3.4403353
14230,3474.12109375,-3.5518072
14231,3474.365234375,-3.613346
14232,3474.609375,-3.6421363
14233,3474.853515625,-3.6183844
14234,3475.09765625,-3.5995808
14235,3475.341796875,-3.5342631
14236,3475.5859375,-3.48505
14237,3475.830078125,-3.4167633
14238,3476.07421875,-3.297374
14239,3476.318359375,-3.2273781
14240,3476.5625,-3.0438404
14241,3476.806640625,-2.9086168
14242,3477.05078125,-2.6834235
14243,3477.294921875,-2.4730756
14244,3477.5390625,-2.331014
14245,3477.783203125,-2.093945
14246,3478.02734375,-1.8679421
14247,3478.271484375,-1.6439186
14248,3478.515625,-1.411618
14249,3478.759765625,-1.1256956
14250,3479.00390625,-0.8798096
14251,3479.248046875,-0.58183134
14252,3479.4921875,-0.32137027
14253,3479.736328125,-0.08079241
14254,3479.98046875,0.23358274
14255,3480.224609375,0.51051944
14256,3480.46875,0.8211946
14257,3480.712890625,1.1019549
14258,3480.95703125,1.3434662
14259,3481.201171875,1.6174788
14260,3481.4453125,1.8268262
14261,3481.689453125,2.0221157
14262,3481.93359375,2.3156967
14263,3482.177734375,2.4108956
14264,3482.421875,2.5592885
14265,3482.666015625,2.692218
14266,3482.91015625,2.8574243
14267,3483.154296875,2.9491367
14268,3483.3984375,3.0492275
14269,3483.642578125,3.2260733
14270,3483.88671875,3.3261642
14271,3484.130859375,3.4048312
14272,3484.375,3.4942942
14273,3484.619140625,3.5344992
14274,3484.86328125,3.4753444
14275,3485.107421875,3.4689906
14276,3485.3515625,3.4766378
14277,3485.595703125,3.4201822
14278,3485.83984375,3.2826977
14279,3486.083984375,3.2064488
14280,3486.328125,3.11468
14281,3486.572265625,2.939465
14282,3486.81640625,2.7558713
14283,3487.060546875,2.616419
14284,3487.3046875,2.4918678
14285,3487.548828125,2.2251651
14286,3487.79296875,2.048994
14287,3488.037109375,1.8122061
14288,3488.28125,1.5484276
14289,3488.525390625,1.3095591
14290,3488.76953125,1.0525843
14291,3489.013671875,0.8053375
14292,3489.2578125,0.5280634
14293,3489.501953125,0.2369566
14294,3489.74609375,-0.034638174
14295,3489.990234375,-0.26522943
14296,3490.234375,-0.5671663
14297,3490.478515625,-0.8750412
14298,3490.72265625,-1.1738292
14299,3490.966796875,-1.4489553
14300,3491.2109375,-1.6790066
14301,3491.455078125,-1.9130168
14302,3491.69921875,-2.1260638
14303,3491.943359375,-2.2889085
14304,3492.1875,-2.4673176
14305,3492.431640625,-2.6376293
14306,3492.67578125,-2.732277
14307,3492.919921875,-2.879557
14308,3493.1640625,-3.0235076
14309,3493.408203125,-3.19202
14310,3493.65234375,-3.2805498
14311,3493.896484375,-3.4065967
14312,3494.140625,-3.5497377
14313,3494.384765625,-3.5970619
14314,3494.62890625,-3.5650327
14315,3494.873046875,-3.578708
14316,3495.1171875,-3.595982
14317,3495.361328125,-3.5752892
14318,3495.60546875,-3.5190585
14319,3495.849609375,-3.4187427
14320,3496.09375,-3.324545
14321,3496.337890625,-3.218291
14322,3496.58203125,-3.048879
14323,3496.826171875,-2.9126654
14324,3497.0703125,-2.7186918
14325,3497.314453125,-2.5499094
14326,3497.55859375,-2.348738
14327,3497.802734375,-2.173298
14328,3498.046875,-1.9388379
14329,3498.291015625,-1.6765776
14330,3498.53515625,-1.4575922
14331,3498.779296875,-1.212156
14332,3499.0234375,-0.9238045
14333,3499.267578125,-0.67018116
14334,3499.51171875,-0.39955357
14335,3499.755859375,-0.17121154
14336,3500.0,0.12635061
14337,3500.244140625,0.41217175
14338,3500.48828125,0.72250956
14339,3500.732421875,1.0080496
14340,3500.9765625,1.2968509
14341,3501.220703125,1.538306
14342,3501.46484375,1.7761061
14343,3501.708984375,1.9903452
14344,3501.953125,2.1856349
14345,3502.197265625,2.3706343
14346,3502.44140625,2.5176778
14347,3502.685546875,2.660223
14348,3502.9296875,2.786686
14349,3503.173828125,2.939521
14350,3503.41796875,3.0233614
14351,3503.662109375,3.1647258
14352,3503.90625,3.2961934
14353,3504.150390625,3.443799
14354,3504.39453125,3.502223
14355,3504.638671875,3.5252774
14356,3504.8828125,3.5282013
14357,3505.126953125,3.501548
14358,3505.37109375,3.4305286
14359,3505.615234375,3.4238372
14360,3505.859375,3.3440456
14361,3506.103515625,3.2074049
14362,3506.34765625,3.1022532
14363,3506.591796875,3.0255544
14364,3506.8359375,2.8320642
14365,3507.080078125,2.619568
14366,3507.32421875,2.4505944
14367,3507.568359375,2.2829704
14368,3507.8125,2.0653572
14369,3508.056640625,1.8385783
14370,3508.30078125,1.6078635
14371,3508.544921875,1.375799
14372,3508.7890625,1.081262
14373,3509.033203125,0.8084302
14374,3509.27734375,0.6063929
14375,3509.521484375,0.31061894
14376,3509.765625,0.02395432
14377,3510.009765625,-0.25119424
14378,3510.25390625,-0.53693664
14379,3510.498046875,-0.79487854
14380,3510.7421875,-1.1470183
14381,3510.986328125,-1.4138672
14382,3511.23046875,-1.6745982
14383,3511.474609375,-1.865783
14384,3511.71875,-2.0988934
14385,3511.962890625,-2.325616
14386,3512.20703125,-2.4609296
14387,3512.451171875,-2.5660138
14388,3512.6953125,-2.7993042
14389,3512.939453125,-2.9040284
14390,3513.18359375,-2.989859
14391,3513.427734375,-3.1200445
14392,3513.671875,-3.2606666
14393,3513.916015625,-3.3993993
14394,3514.16015625,-3.470475
14395,3514.404296875,-3.585096
14396,3514.6484375,-3.6465447
14397,3514.892578125,-3.6306202
14398,3515.13671875,-3.6042593
14399,3515.380859375,-3.5914836
14400,3515.625,-3.534983
14401,3515.869140625,-3.4402454
14402,3516.11328125,-3.3176172
14403,3516.357421875,-3.2836087
14404,3516.6015625,-3.1252627
14405,3516.845703125,-2.9648476
14406,3517.08984375,-2.7952554
14407,3517.333984375,-2.5840976
14408,3517.578125,-2.4354684
14409,3517.822265625,-2.2241306
14410,3518.06640625,-2.0441022
14411,3518.310546875,-1.7715851
14412,3518.5546875,-1.514183
14413,3518.798828125,-1.2872804
14414,3519.04296875,-1.0354564
14415,3519.287109375,-0.75943065
14416,3519.53125,-0.49537086
14417,3519.775390625,-0.21988492
14418,3520.01953125,0.029802324
14419,3520.263671875,0.34728143
14420,3520.5078125,0.6601496
14421,3520.751953125,0.96627
14422,3520.99609375,1.1973786
14423,3521.240234375,1.5044551
14424,3521.484375,1.7132962
14425,3521.728515625,1.9302908
14426,3521.97265625,2.1080363
14427,3522.216796875,2.306475
14428,3522.4609375,2.4986155
14429,3522.705078125,2.6443095
14430,3522.94921875,2.7148793
14431,3523.193359375,2.8940868
14432,3523.4375,3.0236425
14433,3523.681640625,3.0946622
14434,3523.92578125,3.2076297
14435,3524.169921875,3.4027505
14436,3524.4140625,3.4738824
14437,3524.658203125,3.52494
14438,3524.90234375,3.5070586
14439,3525.146484375,3.5059342
14440,3525.390625,3.4881651
14441,3525.634765625,3.3757036
14442,3525.87890625,3.3608587
14443,3526.123046875,3.270046
14444,3526.3671875,3.1687179
14445,3526.611328125,3.0221243
14446,3526.85546875,2.8739
14447,3527.099609375,2.6658459
14448,3527.34375,2.4839392
14449,3527.587890625,2.3351526
14450,3527.83203125,2.179337
14451,3528.076171875,1.9038062
14452,3528.3203125,1.6491369
14453,3528.564453125,1.41696
14454,3528.80859375,1.1676326
14455,3529.052734375,0.9071715
14456,3529.296875,0.66790944
14457,3529.541015625,0.37545305
14458,3529.78515625,0.11577921
14459,3530.029296875,-0.13819282
14460,3530.2734375,-0.46190226
14461,3530.517578125,-0.74845445
14462,3530.76171875,-1.0245701
14463,3531.005859375,-1.3188596
14464,3531.25,-1.5698739
14465,3531.494140625,-1.8026245
14466,3531.73828125,-2.0481508
14467,3531.982421875,-2.1954303
14468,3532.2265625,-2.4228728
14469,3532.470703125,-2.5427117
14470,3532.71484375,-2.6649802
14471,3532.958984375,-2.8797367
14472,3533.203125,-2.9776232
14473,3533.447265625,-3.060665
14474,3533.69140625,-3.2311566
14475,3533.935546875,-3.4126246
14476,3534.1796875,-3.5008845
14477,3534.423828125,-3.5718703
14478,3534.66796875,-3.63098
14479,3534.912109375,-3.628821
14480,3535.15625,-3.5855458
14481,3535.400390625,-3.5637732
14482,3535.64453125,-3.599131
14483,3535.888671875,-3.5130305
14484,3536.1328125,-3.4009285
14485,3536.376953125,-3.3001633
14486,3536.62109375,-3.1964285
14487,3536.865234375,-3.0291755
14488,3537.109375,-2.8188276
14489,3537.353515625,-2.691521
14490,3537.59765625,-2.4972773
14491,3537.841796875,-2.3137398
14492,3538.0859375,-2.0507598
14493,3538.330078125,-1.8251168
14494,3538.57421875,-1.5926361
14495,3538.818359375,-1.3275867
14496,3539.0625,-1.0869188
14497,3539.306640625,-0.7902901
14498,3539.55078125,-0.5545706
14499,3539.794921875,-0.2720671
14500,3540.0390625,-0.00026990785
14501,3540.283203125,0.2751935
14502,3540.52734375,0.59964526
14503,3540.771484375,0.89727485
14504,3541.015625,1.2134607
14505,3541.259765625,1.4738092
14506,3541.50390625,1.6965394
14507,3541.748046875,1.9781432
14508,3541.9921875,2.1786623
14509,3542.236328125,2.2830267
14510,3542.48046875,2.4908557
14511,3542.724609375,2.6538124
14512,3542.96875,2.7566586
14513,3543.212890625,2.878567
14514,3543.45703125,3.0402868
14515,3543.701171875,3.1718106
14516,3543.9453125,3.2577877
14517,3544.189453125,3.3654695
14518,3544.43359375,3.5005922
14519,3544.677734375,3.570937
14520,3544.921875,3.5170114
14521,3545.166015625,3.5190358
14522,3545.41015625,3.5281453
14523,3545.654296875,3.4537518
14524,3545.8984375,3.343933
14525,3546.142578125,3.2672906
14526,3546.38671875,3.1900856
14527,3546.630859375,3.0491712
14528,3546.875,2.8958862
14529,3547.119140625,2.752835
14530,3547.36328125,2.5614254
14531,3547.607421875,2.3786752
14532,3547.8515625,2.140819
14533,3548.095703125,1.9632983
14534,3548.33984375,1.7259482
14535,3548.583984375,1.4302304
14536,3548.828125,1.2180716
14537,3549.072265625,0.95755434
14538,3549.31640625,0.6969245
14539,3549.560546875,0.39412168
14540,3549.8046875,0.16661185
14541,3550.048828125,-0.13801287
14542,3550.29296875,-0.43086287
14543,3550.537109375,-0.77445555
14544,3550.78125,-1.0348266
14545,3551.025390625,-1.3280365
14546,3551.26953125,-1.5868781
14547,3551.513671875,-1.8368129
14548,3551.7578125,-2.0740616
14549,3552.001953125,-2.266866
14550,3552.24609375,-2.4653382
14551,3552.490234375,-2.6287224
14552,3552.734375,-2.7616072
14553,3552.978515625,-2.8538256
14554,3553.22265625,-3.04609
14555,3553.466796875,-3.1572018
14556,3553.7109375,-3.2757814
14557,3553.955078125,-3.4133446
14558,3554.19921875,-3.5106914
14559,3554.443359375,-3.636738
14560,3554.6875,-3.649064
14561,3554.931640625,-3.6703868
14562,3555.17578125,-3.6934187
14563,3555.419921875,-3.6647186
14564,3555.6640625,-3.584286
14565,3555.908203125,-3.5509975
14566,3556.15234375,-3.472634
14567,3556.396484375,-3.3461373
14568,3556.640625,-3.2248588
14569,3556.884765625,-3.097912
14570,3557.12890625,-2.9100564
14571,3557.373046875,-2.7186918
14572,3557.6171875,-2.5318253
14573,3557.861328125,-2.3686213
14574,3558.10546875,-2.1238146
14575,3558.349609375,-1.8839568
14576,3558.59375,-1.6183673
14577,3558.837890625,-1.3839074
14578,3559.08203125,-1.1064422
14579,3559.326171875,-0.82600796
14580,3559.5703125,-0.58291095
14581,3559.814453125,-0.32604867
14582,3560.05859375,-0.01988321
14583,3560.302734375,0.26259783
14584,3560.546875,0.5648946
14585,3560.791015625,0.8531337
14586,3561.03515625,1.1195551
14587,3561.279296875,1.4183656
14588,3561.5234375,1.6951337
14589,3561.767578125,1.8834505
14590,3562.01171875,2.091111
14591,3562.255859375,2.3147972
14592,3562.5,2.4338377
14593,3562.744140625,2.6210861
14594,3562.98828125,2.7631814
14595,3563.232421875,2.9386778
14596,3563.4765625,3.0180757
14597,3563.720703125,3.1513426
14598,3563.96484375,3.278649
14599,3564.208984375,3.4005013
14600,3564.453125,3.5387728
14601,3564.697265625,3.5898304
14602,3564.94140625,3.6018076
14603,3565.185546875,3.5723429
14604,3565.4296875,3.570487
14605,3565.673828125,3.5573292
14606,3565.91796875,3.4737139
14607,3566.162109375,3.3688433
14608,3566.40625,3.294169
14609,3566.650390625,3.1384656
14610,3566.89453125,3.0285344
14611,3567.138671875,2.798382
14612,3567.3828125,2.6309266
14613,3567.626953125,2.4219167
14614,3567.87109375,2.2322505
14615,3568.115234375,2.0497813
14616,3568.359375,1.8169858
14617,3568.603515625,1.5596175
14618,3568.84765625,1.2728966
14619,3569.091796875,1.054946
14620,3569.3359375,0.79544085
14621,3569.580078125,0.5078766
14622,3569.82421875,0.23959944
14623,3570.068359375,-0.042645436
14624,3570.3125,-0.30940434
14625,3570.556640625,-0.6108914
14626,3570.80078125,-0.93945926
14627,3571.044921875,-1.2401365
14628,3571.2890625,-1.4924104
14629,3571.533203125,-1.7416253
14630,3571.77734375,-1.926962
14631,3572.021484375,-2.1589928
14632,3572.265625,-2.351887
14633,3572.509765625,-2.5090632
14634,3572.75390625,-2.7084353
14635,3572.998046875,-2.8119
14636,3573.2421875,-2.9193232
14637,3573.486328125,-3.0648036
14638,3573.73046875,-3.19175
14639,3573.974609375,-3.2872074
14640,3574.21875,-3.4300785
14641,3574.462890625,-3.5505476
14642,3574.70703125,-3.6420465
14643,3574.951171875,-3.6308904
14644,3575.1953125,-3.6386275
14645,3575.439453125,-3.6000307
14646,3575.68359375,-3.651673
14647,3575.927734375,-3.5297647
14648,3576.171875,-3.4449239
14649,3576.416015625,-3.3838344
14650,3576.66015625,-3.245102
14651,3576.904296875,-3.156662
14652,3577.1484375,-2.9444246
14653,3577.392578125,-2.7810404
14654,3577.63671875,-2.5748308
14655,3577.880859375,-2.4454548
14656,3578.125,-2.2179227
14657,3578.369140625,-1.9573715
14658,3578.61328125,-1.710136
14659,3578.857421875,-1.4958292
14660,3579.1015625,-1.2264612
14661,3579.345703125,-0.95664334
14662,3579.58984375,-0.7130965
14663,3579.833984375,-0.40594137
14664,3580.078125,-0.15978543
14665,3580.322265625,0.1301743
14666,3580.56640625,0.44444823
14667,3580.810546875,0.7555733
14668,3581.0546875,1.0484232
14669,3581.298828125,1.3092216
14670,3581.54296875,1.5754745
14671,3581.787109375,1.7829661
14672,3582.03125,2.0062025
14673,3582.275390625,2.1931698
14674,3582.51953125,2.4167998
14675,3582.763671875,2.549392
14676,3583.0078125,2.6709065
14677,3583.251953125,2.8210993
14678,3583.49609375,2.9804573
14679,3583.740234375,3.0421424
14680,3583.984375,3.207686
14681,3584.228515625,3.3490503
14682,3584.47265625,3.437951
14683,3584.716796875,3.5729048
14684,3584.9609375,3.5491192
14685,3585.205078125,3.5467014
14686,3585.44921875,3.519542
14687,3585.693359375,3.4970496
14688,3585.9375,3.4628613
14689,3586.181640625,3.372611
14690,3586.42578125,3.2575626
14691,3586.669921875,3.1476314
14692,3586.9140625,3.0347762
14693,3587.158203125,2.8496082
14694,3587.40234375,2.634863
14695,3587.646484375,2.487988
14696,3587.890625,2.316484
14697,3588.134765625,2.106912
14698,3588.37890625,1.8297503
14699,3588.623046875,1.6182098
14700,3588.8671875,1.3688825
14701,3589.111328125,1.1031358
14702,3589.35546875,0.8372204
14703,3589.599609375,0.5667502
14704,3589.84375,0.34458232
14705,3590.087890625,0.07298758
14706,3590.33203125,-0.23652923
14707,3590.576171875,-0.5516916
14708,3590.8203125,-0.80171627
14709,3591.064453125,-1.1338829
14710,3591.30859375,-1.385437
14711,3591.552734375,-1.619627
14712,3591.796875,-1.8441902
14713,3592.041015625,-2.0390637
14714,3592.28515625,-2.2956562
14715,3592.529296875,-2.4621892
14716,3592.7734375,-2.5991225
14717,3593.017578125,-2.7839193
14718,3593.26171875,-2.9006095
14719,3593.505859375,-2.971775
14720,3593.75,-3.1429868
14721,3593.994140625,-3.2612064
14722,3594.23828125,-3.371059
14723,3594.482421875,-3.520408
14724,3594.7265625,-3.6009305
14725,3594.970703125,-3.6328695
14726,3595.21484375,-3.608038
14727,3595.458984375,-3.608398
14728,3595.703125,-3.6267517
14729,3595.947265625,-3.561074
14730,3596.19140625,-3.4451036
14731,3596.435546875,-3.3951707
14732,3596.6796875,-3.2984538
14733,3596.923828125,-3.1265223
14734,3597.16796875,-2.9792426
14735,3597.412109375,-2.7923765
14736,3597.65625,-2.63538
14737,3597.900390625,-2.4460847
14738,3598.14453125,-2.25445
14739,3598.388671875,-2.0224195
14740,3598.6328125,-1.783551
14741,3598.876953125,-1.5407239
14742,3599.12109375,-1.3114822
14743,3599.365234375,-1.0409446
14744,3599.609375,-0.75718147
14745,3599.853515625,-0.5113854
14746,3600.09765625,-0.2585717
14747,3600.341796875,0.023785628
14748,3600.5859375,0.3182101
14749,3600.830078125,0.6322591
14750,3601.07421875,0.9534494
14751,3601.318359375,1.2061507
14752,3601.5625,1.4533412
14753,3601.806640625,1.7031184
14754,3602.05078125,1.9277043
14755,3602.294921875,2.0980835
14756,3602.5390625,2.3229506
14757,3602.783203125,2.4613345
14758,3603.02734375,2.5920148
14759,3603.271484375,2.7139795
14760,3603.515625,2.852476
14761,3603.759765625,3.0098097
14762,3604.00390625,3.131437
14763,3604.248046875,3.2340581
14764,3604.4921875,3.409442
14765,3604.736328125,3.4942381
14766,3604.98046875,3.462018
14767,3605.224609375,3.4738264
14768,3605.46875,3.500536
14769,3605.712890625,3.462074
14770,3605.95703125,3.3936973
14771,3606.201171875,3.3476443
14772,3606.4453125,3.2297282
14773,3606.689453125,3.0902197
14774,3606.93359375,2.9870925
14775,3607.177734375,2.85152
14776,3607.421875,2.6764174
14777,3607.666015625,2.4895062
14778,3607.91015625,2.3017516
14779,3608.154296875,2.1127036
14780,3608.3984375,1.9115661
14781,3608.642578125,1.6431764
14782,3608.88671875,1.4523853
14783,3609.130859375,1.1839957
14784,3609.375,0.90599066
14785,3609.619140625,0.6787057
14786,3609.86328125,0.3761278
14787,3610.107421875,0.12027769
14788,3610.3515625,-0.1540274
14789,3610.595703125,-0.42096624
14790,3610.83984375,-0.7207439
14791,3611.083984375,-1.0233105
14792,3611.328125,-1.2980767
14793,3611.572265625,-1.5409938
14794,3611.81640625,-1.7880495
14795,3612.060546875,-1.9848123
14796,3612.3046875,-2.157643
14797,3612.548828125,-2.375279
14798,3612.79296875,-2.513022
14799,3613.037109375,-2.6634505
14800,3613.28125,-2.8501368
14801,3613.525390625,-2.9267905
14802,3613.76953125,-3.046
14803,3614.013671875,-3.1608007
14804,3614.2578125,-3.3130288
14805,3614.501953125,-3.4378161
14806,3614.74609375,-3.510961
14807,3614.990234375,-3.5653925
14808,3615.234375,-3.57241
14809,3615.478515625,-3.5473087
14810,3615.72265625,-3.534983
14811,3615.966796875,-3.5236468
14812,3616.2109375,-3.4339476
14813,3616.455078125,-3.343708
14814,3616.69921875,-3.2401536
14815,3616.943359375,-3.1448762
14816,3617.1875,-3.0010152
14817,3617.431640625,-2.8011935
14818,3617.67578125,-2.6659696
14819,3617.919921875,-2.456971
14820,3618.1640625,-2.2889984
14821,3618.408203125,-2.0673141
14822,3618.65234375,-1.8516577
14823,3618.896484375,-1.5913767
14824,3619.140625,-1.3289362
14825,3619.384765625,-1.0822405
14826,3619.62890625,-0.80468524
14827,3619.873046875,-0.55331105
14828,3620.1171875,-0.27008778
14829,3620.361328125,-0.00998659
14830,3620.60546875,0.25495046
14831,3620.849609375,0.570349
14832,3621.09375,0.8949694
14833,3621.337890625,1.1656083
14834,3621.58203125,1.4454689
14835,3621.826171875,1.6315929
14836,3622.0703125,1.8723168
14837,3622.314453125,2.082845
14838,3622.55859375,2.2419782
14839,3622.802734375,2.4309137
14840,3623.046875,2.5822308
14841,3623.291015625,2.6924994
14842,3623.53515625,2.8353817
14843,3623.779296875,2.9575713
14844,3624.0234375,3.132674
14845,3624.267578125,3.2000384
14846,3624.51171875,3.3257143
14847,3624.755859375,3.4553263
14848,3625.0,3.5196543
14849,3625.244140625,3.45915
14850,3625.48828125,3.474726
14851,3625.732421875,3.4669662
14852,3625.9765625,3.4134908
14853,3626.220703125,3.3527052
14854,3626.46484375,3.249128
14855,3626.708984375,3.1544354
14856,3626.953125,3.0318522
14857,3627.197265625,2.8687267
14858,3627.44140625,2.7020586
14859,3627.685546875,2.515541
14860,3627.9296875,2.299446
14861,3628.173828125,2.150322
14862,3628.41796875,1.9309093
14863,3628.662109375,1.7416928
14864,3628.90625,1.461551
14865,3629.150390625,1.1911371
14866,3629.39453125,0.947264
14867,3629.638671875,0.71373755
14868,3629.8828125,0.40632376
14869,3630.126953125,0.16987324
14870,3630.37109375,-0.13657336
14871,3630.615234375,-0.38290924
14872,3630.859375,-0.6641532
14873,3631.103515625,-0.98435384
14874,3631.34765625,-1.2449949
14875,3631.591796875,-1.5523299
14876,3631.8359375,-1.7777029
14877,3632.080078125,-1.9920098
14878,3632.32421875,-2.1688895
14879,3632.568359375,-2.3298445
14880,3632.8125,-2.5341647
14881,3633.056640625,-2.6468961
14882,3633.30078125,-2.7692542
14883,3633.544921875,-2.8829756
14884,3633.7890625,-3.0388024
14885,3634.033203125,-3.1173456
14886,3634.27734375,-3.2757814
14887,3634.521484375,-3.461298
14888,3634.765625,-3.5576553
14889,3635.009765625,-3.595802
14890,3635.25390625,-3.5955322
14891,3635.498046875,-3.6138859
14892,3635.7421875,-3.5750191
14893,3635.986328125,-3.4887388
14894,3636.23046875,-3.4834304
14895,3636.474609375,-3.4166734
14896,3636.71875,-3.2808197
14897,3636.962890625,-3.1778948
14898,3637.20703125,-3.0796485
14899,3637.451171875,-2.8133392
14900,3637.6953125,-2.688552
14901,3637.939453125,-2.513382
14902,3638.18359375,-2.324716
14903,3638.427734375,-2.1337113
14904,3638.671875,-1.8694717
14905,3638.916015625,-1.628534
14906,3639.16015625,-1.382558
14907,3639.404296875,-1.0933067
14908,3639.6484375,-0.86703396
14909,3639.892578125,-0.62600625
14910,3640.13671875,-0.31588215
14911,3640.380859375,-0.056590676
14912,3640.625,0.24004927
14913,3640.869140625,0.5458324
14914,3641.11328125,0.8526276
14915,3641.357421875,1.1301829
14916,3641.6015625,1.4248322
14917,3641.845703125,1.6426703
14918,3642.08984375,1.9056056
14919,3642.333984375,2.0871184
14920,3642.578125,2.3302045
14921,3642.822265625,2.4416537
14922,3643.06640625,2.5707033
14923,3643.310546875,2.7436693
14924,3643.5546875,2.8681083
14925,3643.798828125,2.9540288
14926,3644.04296875,3.0844843
14927,3644.287109375,3.238107
14928,3644.53125,3.347588
14929,3644.775390625,3.4269297
14930,3645.01953125,3.5591848
14931,3645.263671875,3.534162
14932,3645.5078125,3.5017169
14933,3645.751953125,3.492495
14934,3645.99609375,3.4752321
14935,3646.240234375,3.3915606
14936,3646.484375,3.3137934
14937,3646.728515625,3.1929536
14938,3646.97265625,3.075431
14939,3647.216796875,2.9347978
14940,3647.4609375,2.7668927
14941,3647.705078125,2.565474
14942,3647.94921875,2.4452527
14943,3648.193359375,2.2386043
14944,3648.4375,2.0200915
14945,3648.681640625,1.8303125
14946,3648.92578125,1.5358881
14947,3649.169921875,1.2634499
14948,3649.4140625,1.0277303
14949,3649.658203125,0.7659197
14950,3649.90234375,0.50793284
14951,3650.146484375,0.21637613
14952,3650.390625,-0.071525574
14953,3650.634765625,-0.32406932
14954,3650.87890625,-0.6071127
14955,3651.123046875,-0.913638
14956,3651.3671875,-1.2486837
14957,3651.611328125,-1.5056359
14958,3651.85546875,-1.7125652
14959,3652.099609375,-2.0015466
14960,3652.34375,-2.1777062
14961,3652.587890625,-2.325076
14962,3652.83203125,-2.541722
14963,3653.076171875,-2.6652498
14964,3653.3203125,-2.8226962
14965,3653.564453125,-2.9074473
14966,3653.80859375,-3.0658832
14967,3654.052734375,-3.180054
14968,3654.296875,-3.297464
14969,3654.541015625,-3.4433942
14970,3654.78515625,-3.5912137
14971,3655.029296875,-3.677944
14972,3655.2734375,-3.6481643
14973,3655.517578125,-3.6917093
14974,3655.76171875,-3.6747952
14975,3656.005859375,-3.6299005
14976,3656.25,-3.5617938
14977,3656.494140625,-3.4844203
14978,3656.73828125,-3.3953505
14979,3656.982421875,-3.268404
14980,3657.2265625,-3.1303911
14981,3657.470703125,-2.9609787
14982,3657.71484375,-2.7781613
14983,3657.958984375,-2.5636747
14984,3658.203125,-2.3910234
14985,3658.447265625,-2.1927314
14986,3658.69140625,-1.9557521
14987,3658.935546875,-1.7133749
14988,3659.1796875,-1.4540836
14989,3659.423828125,-1.2542617
14990,3659.66796875,-0.95826274
14991,3659.912109375,-0.6758492
14992,3660.15625,-0.44291878
14993,3660.400390625,-0.17238113
14994,3660.64453125,0.1484493
14995,3660.888671875,0.4677278
14996,3661.1328125,0.70985764
14997,3661.376953125,1.0349278
14998,3661.62109375,1.3190621
14999,3661.865234375,1.5634974
15000,3662.109375,1.8030968
15001,3662.353515625,1.9992299
15002,3662.59765625,2.2242093
15003,3662.841796875,2.3657985
15004,3663.0859375,2.4983344
15005,3663.330078125,2.633232
15006,3663.57421875,2.822224
15007,3663.818359375,2.9344041
15008,3664.0625,3.0430984
15009,3664.306640625,3.1802454
15010,3664.55078125,3.278368
15011,3664.794921875,3.4092171
15012,3665.0390625,3.491989
15013,3665.283203125,3.5027852
15014,3665.52734375,3.517349
15015,3665.771484375,3.4860847
15016,3666.015625,3.458925
15017,3666.259765625,3.429179
15018,3666.50390625,3.3130062
15019,3666.748046875,3.2110598
15020,3666.9921875,3.1150177
15021,3667.236328125,3.0209997
15022,3667.48046875,2.818175
15023,3667.724609375,2.6431289
15024,3667.96875,2.4449713
15025,3668.212890625,2.2694187
15026,3668.45703125,2.0756476
15027,3668.701171875,1.8756346
15028,3668.9453125,1.599485
15029,3669.189453125,1.3782169
15030,3669.43359375,1.0641679
15031,3669.677734375,0.8828798
15032,3669.921875,0.60223186
15033,3670.166015625,0.34784374
15034,3670.41015625,0.081253506
15035,3670.654296875,-0.19334398
15036,3670.8984375,-0.49762008
15037,3671.142578125,-0.7910999
15038,3671.38671875,-1.1148993
15039,3671.630859375,-1.3698722
15040,3671.875,-1.5909268
15041,3672.119140625,-1.8206183
15042,3672.36328125,-2.0743318
15043,3672.607421875,-2.2369063
15044,3672.8515625,-2.4274611
15045,3673.095703125,-2.597233
15046,3673.33984375,-2.7481115
15047,3673.583984375,-2.8575141
15048,3673.828125,-2.9774432
15049,3674.072265625,-3.1367788
15050,3674.31640625,-3.25005
15051,3674.560546875,-3.3556743
15052,3674.8046875,-3.5015144
15053,3675.048828125,-3.6250422
15054,3675.29296875,-3.63179
15055,3675.537109375,-3.5707908
15056,3675.78125,-3.6090276
15057,3676.025390625,-3.622613
15058,3676.26953125,-3.54326
15059,3676.513671875,-3.4828906
15060,3676.7578125,-3.3818552
15061,3677.001953125,-3.2801898
15062,3677.24609375,-3.1536033
15063,3677.490234375,-2.9759138
15064,3677.734375,-2.8185575
15065,3677.978515625,-2.6379893
15066,3678.22265625,-2.4353783
15067,3678.466796875,-2.2355566
15068,3678.7109375,-2.0389738
15069,3678.955078125,-1.7968664
15070,3679.19921875,-1.5629463
15071,3679.443359375,-1.2644281
15072,3679.6875,-1.019442
15073,3679.931640625,-0.7429663
15074,3680.17578125,-0.48115572
15075,3680.419921875,-0.19748257
15076,3680.6640625,0.09474889
15077,3680.908203125,0.3559972
15078,3681.15234375,0.6540204
15079,3681.396484375,0.9679007
15080,3681.640625,1.2134044
15081,3681.884765625,1.484493
15082,3682.12890625,1.7366883
15083,3682.373046875,1.9151087
15084,3682.6171875,2.126705
15085,3682.861328125,2.3556206
15086,3683.10546875,2.5322416
15087,3683.349609375,2.6394174
15088,3683.59375,2.7427697
15089,3683.837890625,2.9232142
15090,3684.08203125,3.0158265
15091,3684.326171875,3.1468444
15092,3684.5703125,3.2593057
15093,3684.814453125,3.41529
15094,3685.05859375,3.4902458
15095,3685.302734375,3.530001
15096,3685.546875,3.5080707
15097,3685.791015625,3.5150998
15098,3686.03515625,3.45139
15099,3686.279296875,3.4075303
15100,3686.5234375,3.3732855
15101,3686.767578125,3.2509837
15102,3687.01171875,3.1472378
15103,3687.255859375,2.9986198
15104,3687.5,2.8600671
15105,3687.744140625,2.696098
15106,3687.98828125,2.4847264
15107,3688.232421875,2.297028
15108,3688.4765625,2.133734
15109,3688.720703125,1.8896923
15110,3688.96484375,1.6300746
15111,3689.208984375,1.4203337
15112,3689.453125,1.1613909
15113,3689.697265625,0.8982308
15114,3689.94140625,0.64496726
15115,3690.185546875,0.35588473
15116,3690.4296875,0.102621205
15117,3690.673828125,-0.1897452
15118,3690.91796875,-0.4899727
15119,3691.162109375,-0.7621297
15120,3691.40625,-1.0626272
15121,3691.650390625,-1.3476498
15122,3691.89453125,-1.6303333
15123,3692.138671875,-1.8161198
15124,3692.3828125,-2.0284474
15125,3692.626953125,-2.2589486
15126,3692.87109375,-2.4631789
15127,3693.115234375,-2.600472
15128,3693.359375,-2.7420838
15129,3693.603515625,-2.881536
15130,3693.84765625,-2.9916584
15131,3694.091796875,-3.1395679
15132,3694.3359375,-3.256258
15133,3694.580078125,-3.4240508
15134,3694.82421875,-3.5606241
15135,3695.068359375,-3.6642687
15136,3695.3125,-3.6340392
15137,3695.556640625,-3.6618395
15138,3695.80078125,-3.6186543
15139,3696.044921875,-3.6745253
15140,3696.2890625,-3.5899541
15141,3696.533203125,-3.5622435
15142,3696.77734375,-3.4325078
15143,3697.021484375,-3.3157277
15144,3697.265625,-3.1906705
15145,3697.509765625,-3.0499585
15146,3697.75390625,-2.8233259
15147,3697.998046875,-2.655983
15148,3698.2421875,-2.4947581
15149,3698.486328125,-2.2549899
15150,3698.73046875,-2.0428424
15151,3698.974609375,-1.7770733
15152,3699.21875,-1.5634861
15153,3699.462890625,-1.2770239
15154,3699.70703125,-1.0458928
15155,3699.951171875,-0.77652484
15156,3700.1953125,-0.503648
15157,3700.439453125,-0.20288073
15158,3700.68359375,0.044703484
15159,3700.927734375,0.37056097
15160,3701.171875,0.6739824
15161,3701.416015625,0.9988839
15162,3701.66015625,1.2784072
15163,3701.904296875,1.5468531
15164,3702.1484375,1.8050649
15165,3702.392578125,1.9868027
15166,3702.63671875,2.2351182
15167,3702.880859375,2.3751328
15168,3703.125,2.5524282
15169,3703.369140625,2.7147105
15170,3703.61328125,2.8191874
15171,3703.857421875,2.9099438
15172,3704.1015625,3.0535574
15173,3704.345703125,3.2270856
15174,3704.58984375,3.3013663
15175,3704.833984375,3.4439116
15176,3705.078125,3.566832
15177,3705.322265625,3.5864005
15178,3705.56640625,3.5607028
15179,3705.810546875,3.5506377
15180,3706.0546875,3.5824642
15181,3706.298828125,3.4932258
15182,3706.54296875,3.3705301
15183,3706.787109375,3.2999046
15184,3707.03125,3.1544914
15185,3707.275390625,3.0542884
15186,3707.51953125,2.9463253
15187,3707.763671875,2.7556465
15188,3708.0078125,2.581781
15189,3708.251953125,2.36771
15190,3708.49609375,2.1554391
15191,3708.740234375,1.974207
15192,3708.984375,1.7247111
15193,3709.228515625,1.44232
15194,3709.47265625,1.2172843
15195,3709.716796875,0.97639155
15196,3709.9609375,0.6812361
15197,3710.205078125,0.39907
15198,3710.44921875,0.18449324
15199,3710.693359375,-0.11624031
15200,3710.9375,-0.41394866
15201,3711.181640625,-0.70373964
15202,3711.42578125,-1.0352764
15203,3711.669921875,-1.3138214
15204,3711.9140625,-1.6087407
15205,3712.158203125,-1.8599349
15206,3712.40234375,-2.0716326
15207,3712.646484375,-2.2680354
15208,3712.890625,-2.4380774
15209,3713.134765625,-2.5882363
15210,3713.37890625,-2.773303
15211,3713.623046875,-2.878927
15212,3713.8671875,-3.0303452
15213,3714.111328125,-3.1769953
15214,3714.35546875,-3.286398
15215,3714.599609375,-3.4358366
15216,3714.84375,-3.5593648
15217,3715.087890625,-3.648974
15218,3715.33203125,-3.6887403
15219,3715.576171875,-3.7376838
15220,3715.8203125,-3.7360644
15221,3716.064453125,-3.6933289
15222,3716.30859375,-3.6307104
15223,3716.552734375,-3.6218932
15224,3716.796875,-3.4980955
15225,3717.041015625,-3.3672802
15226,3717.28515625,-3.256258
15227,3717.529296875,-3.1533332
15228,3717.7734375,-2.9301195
15229,3718.017578125,-2.7213907
15230,3718.26171875,-2.5426216
15231,3718.505859375,-2.3469386
15232,3718.75,-2.1323617
15233,3718.994140625,-1.8704612
15234,3719.23828125,-1.6100003
15235,3719.482421875,-1.397043
15236,3719.7265625,-1.1197577
15237,3719.970703125,-0.831676
15238,3720.21484375,-0.6369825
15239,3720.458984375,-0.3300073
15240,3720.703125,-0.050292827
15241,3720.947265625,0.23470734
15242,3721.19140625,0.53121233
15243,3721.435546875,0.8199013
15244,3721.6796875,1.1171373
15245,3721.923828125,1.4436696
15246,3722.16796875,1.6727538
15247,3722.412109375,1.8928411
15248,3722.65625,2.1233876
15249,3722.900390625,2.3309917
15250,3723.14453125,2.426303
15251,3723.388671875,2.5897658
15252,3723.6328125,2.7462559
15253,3723.876953125,2.875362
15254,3724.12109375,2.9522295
15255,3724.365234375,3.1155798
15256,3724.609375,3.264985
15257,3724.853515625,3.3238587
15258,3725.09765625,3.4399753
15259,3725.341796875,3.5586784
15260,3725.5859375,3.5431588
15261,3725.830078125,3.5002549
15262,3726.07421875,3.5240965
15263,3726.318359375,3.5204978
15264,3726.5625,3.4112976
15265,3726.806640625,3.292482
15266,3727.05078125,3.2179763
15267,3727.294921875,3.1206968
15268,3727.5390625,2.9681988
15269,3727.783203125,2.7794886
15270,3728.02734375,2.6142824
15271,3728.271484375,2.4214106
15272,3728.515625,2.2301135
15273,3728.759765625,2.048263
15274,3729.00390625,1.845776
15275,3729.248046875,1.6000475
15276,3729.4921875,1.3122581
15277,3729.736328125,1.0439811
15278,3729.98046875,0.8339028
15279,3730.224609375,0.5377351
15280,3730.46875,0.28053546
15281,3730.712890625,0.019905703
15282,3730.95703125,-0.28628224
15283,3731.201171875,-0.5687858
15284,3731.4453125,-0.8700929
15285,3731.689453125,-1.1766182
15286,3731.93359375,-1.4564227
15287,3732.177734375,-1.6805362
15288,3732.421875,-1.906809
15289,3732.666015625,-2.147117
15290,3732.91015625,-2.3649325
15291,3733.154296875,-2.5375834
15292,3733.3984375,-2.6971889
15293,3733.642578125,-2.7901273
15294,3733.88671875,-2.9277802
15295,3734.130859375,-3.0887353
15296,3734.375,-3.1749258
15297,3734.619140625,-3.3263443
15298,3734.86328125,-3.4787521
15299,3735.107421875,-3.6096575
15300,3735.3515625,-3.683702
15301,3735.595703125,-3.654642
15302,3735.83984375,-3.657341
15303,3736.083984375,-3.663099
15304,3736.328125,-3.6201837
15305,3736.572265625,-3.5547762
15306,3736.81640625,-3.4774027
15307,3737.060546875,-3.4097457
15308,3737.3046875,-3.2840586
15309,3737.548828125,-3.1428967
15310,3737.79296875,-2.9624186
15311,3738.037109375,-2.7454126
15312,3738.28125,-2.556837
15313,3738.525390625,-2.4275513
15314,3738.76953125,-2.1870632
15315,3739.013671875,-1.9302009
15316,3739.2578125,-1.6835052
15317,3739.501953125,-1.479275
15318,3739.74609375,-1.2201633
15319,3739.990234375,-0.95061547
15320,3740.234375,-0.69375306
15321,3740.478515625,-0.4164678
15322,3740.72265625,-0.1458402
15323,3740.966796875,0.13276093
15324,3741.2109375,0.44979015
15325,3741.455078125,0.75208694
15326,3741.69921875,1.0379642
15327,3741.943359375,1.2929147
15328,3742.1875,1.5739564
15329,3742.431640625,1.7647474
15330,3742.67578125,1.9962494
15331,3742.919921875,2.202729
15332,3743.1640625,2.3413942
15333,3743.408203125,2.4523938
15334,3743.65234375,2.6267095
15335,3743.896484375,2.8069851
15336,3744.140625,2.9123054
15337,3744.384765625,3.018413
15338,3744.62890625,3.1598897
15339,3744.873046875,3.2942812
15340,3745.1171875,3.378009
15341,3745.361328125,3.4532456
15342,3745.60546875,3.493957
15343,3745.849609375,3.4955876
15344,3746.09375,3.4354208
15345,3746.337890625,3.4329467
15346,3746.58203125,3.427942
15347,3746.826171875,3.3367355
15348,3747.0703125,3.1739476
15349,3747.314453125,3.115861
15350,3747.55859375,2.9823692
15351,3747.802734375,2.8052983
15352,3748.046875,2.6409357
15353,3748.291015625,2.4553177
15354,3748.53515625,2.289212
15355,3748.779296875,2.0898178
15356,3749.0234375,1.8787272
15357,3749.267578125,1.6503739
15358,3749.51171875,1.3772047
15359,3749.755859375,1.1291707
15360,3750.0,0.887322
15361,3750.244140625,0.656832
15362,3750.48828125,0.3540291
15363,3750.732421875,0.09716682
15364,3750.9765625,-0.19829229
15365,3751.220703125,-0.48070583
15366,3751.46484375,-0.7746355
15367,3751.708984375,-1.0810708
15368,3751.953125,-1.3239878
15369,3752.197265625,-1.5835493
15370,3752.44140625,-1.7734743
15371,3752.685546875,-2.0874672
15372,3752.9296875,-2.2884586
15373,3753.173828125,-2.4239523
15374,3753.41796875,-2.594714
15375,3753.662109375,-2.7537796
15376,3753.90625,-2.866601
15377,3754.150390625,-2.9975064
15378,3754.39453125,-3.1376786
15379,3754.638671875,-3.274252
15380,3754.8828125,-3.3696194
15381,3755.126953125,-3.5150096
15382,3755.37109375,-3.640517
15383,3755.615234375,-3.6216233
15384,3755.859375,-3.6032696
15385,3756.103515625,-3.576099
15386,3756.34765625,-3.6588707
15387,3756.591796875,-3.5723202
15388,3756.8359375,-3.464897
15389,3757.080078125,-3.411365
15390,3757.32421875,-3.2709231
15391,3757.568359375,-3.1206744
15392,3757.8125,-2.9664671
15393,3758.056640625,-2.7931862
15394,3758.30078125,-2.6466262
15395,3758.544921875,-2.4441056
15396,3758.7890625,-2.2075763
15397,3759.033203125,-2.0078444
15398,3759.27734375,-1.7421651
15399,3759.521484375,-1.4765759
15400,3759.765625,-1.2449949
15401,3760.009765625,-1.0518309
15402,3760.25390625,-0.72749156
15403,3760.498046875,-0.4468774
15404,3760.7421875,-0.21034817
15405,3760.986328125,0.05145118
15406,3761.23046875,0.37179804
15407,3761.474609375,0.6811799
15408,3761.71875,0.9353431
15409,3761.962890625,1.2394955
15410,3762.20703125,1.5081662
15411,3762.451171875,1.7397246
15412,3762.6953125,1.9297848
15413,3762.939453125,2.12738
15414,3763.18359375,2.322107
15415,3763.427734375,2.4983904
15416,3763.671875,2.5880787
15417,3763.916015625,2.6961544
15418,3764.16015625,2.8660839
15419,3764.404296875,2.9990697
15420,3764.6484375,3.1163108
15421,3764.892578125,3.212803
15422,3765.13671875,3.3442705
15423,3765.380859375,3.4411561
15424,3765.625,3.4458234
15425,3765.869140625,3.4805179
15426,3766.11328125,3.4461608
15427,3766.357421875,3.4005013
15428,3766.6015625,3.389986
15429,3766.845703125,3.3457325
15430,3767.08984375,3.2314153
15431,3767.333984375,3.0942686
15432,3767.578125,2.993278
15433,3767.822265625,2.8772175
15434,3768.06640625,2.6535876
15435,3768.310546875,2.4735928
15436,3768.5546875,2.3188457
15437,3768.798828125,2.1167521
15438,3769.04296875,1.9352393
15439,3769.287109375,1.692997
15440,3769.53125,1.4348414
15441,3769.775390625,1.2149227
15442,3770.01953125,0.96075946
15443,3770.263671875,0.70794576
15444,3770.5078125,0.45175824
15445,3770.751953125,0.16368786
15446,3770.99609375,-0.121278584
15447,3771.240234375,-0.4380604
15448,3771.484375,-0.7130965
15449,3771.728515625,-0.9700487
15450,3771.97265625,-1.3168803
15451,3772.216796875,-1.566545
15452,3772.4609375,-1.7752738
15453,3772.705078125,-1.9629496
15454,3772.94921875,-2.243564
15455,3773.193359375,-2.3775282
15456,3773.4375,-2.5047448
15457,3773.681640625,-2.6652498
15458,3773.92578125,-2.8330426
15459,3774.169921875,-2.9827514
15460,3774.4140625,-3.1113176
15461,3774.658203125,-3.2221599
15462,3774.90234375,-3.3808656
15463,3775.146484375,-3.458239
15464,3775.390625,-3.5796077
15465,3775.634765625,-3.596162
15466,3775.87890625,-3.628101
15467,3776.123046875,-3.599491
15468,3776.3671875,-3.6004806
15469,3776.611328125,-3.5397513
15470,3776.85546875,-3.4729042
15471,3777.099609375,-3.3580132
15472,3777.34375,-3.2664247
15473,3777.587890625,-3.1682682
15474,3777.83203125,-3.040062
15475,3778.076171875,-2.7918367
15476,3778.3203125,-2.6117182
15477,3778.564453125,-2.4555316
15478,3778.80859375,-2.2422142
15479,3779.052734375,-2.0381641
15480,3779.296875,-1.8095521
15481,3779.541015625,-1.5299275
15482,3779.78515625,-1.2815224
15483,3780.029296875,-1.0610976
15484,3780.2734375,-0.80216604
15485,3780.517578125,-0.53423756
15486,3780.76171875,-0.2823236
15487,3781.005859375,0.007928543
15488,3781.25,0.2808166
15489,3781.494140625,0.6261862
15490,3781.73828125,0.95592356
15491,3781.982421875,1.2095807
15492,3782.2265625,1.405545
15493,3782.470703125,1.6582463
15494,3782.71484375,1.8752971
15495,3782.958984375,2.07576
15496,3783.203125,2.2663825
15497,3783.447265625,2.4225914
15498,3783.69140625,2.6182184
15499,3783.935546875,2.6944673
15500,3784.1796875,2.775215
15501,3784.423828125,2.9668496
15502,3784.66796875,3.1064706
15503,3784.912109375,3.1748471
15504,3785.15625,3.3049088
15505,3785.400390625,3.4840603
15506,3785.64453125,3.5153809
15507,3785.888671875,3.4524024
15508,3786.1328125,3.463255
15509,3786.376953125,3.4691029
15510,3786.62109375,3.4097795
15511,3786.865234375,3.3671002
15512,3787.109375,3.3075519
15513,3787.353515625,3.1822696
15514,3787.59765625,3.0402868
15515,3787.841796875,2.897517
15516,3788.0859375,2.7487864
15517,3788.330078125,2.5532155
15518,3788.57421875,2.374964
15519,3788.818359375,2.1655042
15520,3789.0625,2.003841
15521,3789.306640625,1.7415804
15522,3789.55078125,1.5226738
15523,3789.794921875,1.2703662
15524,3790.0390625,0.9810025
15525,3790.283203125,0.6885461
15526,3790.52734375,0.466322
15527,3790.771484375,0.18050086
15528,3791.015625,-0.021502657
15529,3791.259765625,-0.35609838
15530,3791.50390625,-0.6713508
15531,3791.748046875,-0.92956257
15532,3791.9921875,-1.253092
15533,3792.236328125,-1.5454923
15534,3792.48046875,-1.7533213
15535,3792.724609375,-1.9860718
15536,3792.96875,-2.181665
15537,3793.212890625,-2.422333
15538,3793.45703125,-2.5442414
15539,3793.701171875,-2.6929605
15540,3793.9453125,-2.8137894
15541,3794.189453125,-2.992468
15542,3794.43359375,-3.0732605
15543,3794.677734375,-3.19238
15544,3794.921875,-3.3510857
15545,3795.166015625,-3.4591389
15546,3795.41015625,-3.598411
15547,3795.654296875,-3.6268415
15548,3795.8984375,-3.6600404
15549,3796.142578125,-3.629181
15550,3796.38671875,-3.6236925
15551,3796.630859375,-3.5901341
15552,3796.875,-3.546769
15553,3797.119140625,-3.4364665
15554,3797.36328125,-3.3366008
15555,3797.607421875,-3.216042
15556,3797.8515625,-3.0682223
15557,3798.095703125,-2.8538256
15558,3798.33984375,-2.6958396
15559,3798.583984375,-2.4909794
15560,3798.828125,-2.31383
15561,3799.072265625,-2.1022222
15562,3799.31640625,-1.8616443
15563,3799.560546875,-1.6246651
15564,3799.8046875,-1.3368535
15565,3800.048828125,-1.0555196
15566,3800.29296875,-0.8789099
15567,3800.537109375,-0.58399063
15568,3800.78125,-0.35609838
15569,3801.025390625,-0.034548204
15570,3801.26953125,0.25832427
15571,3801.513671875,0.5727669
15572,3801.7578125,0.8592066
15573,3802.001953125,1.1136509
15574,3802.24609375,1.4194341
15575,3802.490234375,1.6288376
15576,3802.734375,1.863545
15577,3802.978515625,2.071149
15578,3803.22265625,2.2504127
15579,3803.466796875,2.4015613
15580,3803.7109375,2.5533283
15581,3803.955078125,2.7208397
15582,3804.19921875,2.835157
15583,3804.443359375,2.9263635
15584,3804.6875,3.0844278
15585,3804.931640625,3.2324836
15586,3805.17578125,3.3111506
15587,3805.419921875,3.4296288
15588,3805.6640625,3.4955316
15589,3805.908203125,3.4964871
15590,3806.15234375,3.478156
15591,3806.396484375,3.4883337
15592,3806.640625,3.4872093
15593,3806.884765625,3.3898175
15594,3807.12890625,3.278818
15595,3807.373046875,3.203525
15596,3807.6171875,3.1019158
15597,3807.861328125,2.9057827
15598,3808.10546875,2.7680173
15599,3808.349609375,2.5852673
15600,3808.59375,2.4018984
15601,3808.837890625,2.2159996
15602,3809.08203125,1.9907389
15603,3809.326171875,1.7721136
15604,3809.5703125,1.5262164
15605,3809.814453125,1.2627751
15606,3810.05859375,1.0731086
15607,3810.302734375,0.76783156
15608,3810.546875,0.52587044
15609,3810.791015625,0.28970107
15610,3811.03515625,-0.0055780956
15611,3811.279296875,-0.29285002
15612,3811.5234375,-0.57562345
15613,3811.767578125,-0.9177766
15614,3812.01171875,-1.1965915
15615,3812.255859375,-1.4395984
15616,3812.5,-1.6943015
15617,3812.744140625,-1.9258823
15618,3812.98828125,-2.1630414
15619,3813.232421875,-2.3238165
15620,3813.4765625,-2.527417
15621,3813.720703125,-2.6665094
15622,3813.96484375,-2.7887776
15623,3814.208984375,-2.9407358
15624,3814.453125,-3.0675926
15625,3814.697265625,-3.1980479
15626,3814.94140625,-3.315548
15627,3815.185546875,-3.4625578
15628,3815.4296875,-3.581227
15629,3815.673828125,-3.6444755
15630,3815.91796875,-3.6442955
15631,3816.162109375,-3.66049
15632,3816.40625,-3.6355684
15633,3816.650390625,-3.6011105
15634,3816.89453125,-3.525896
15635,3817.138671875,-3.4710147
15636,3817.3828125,-3.3656607
15637,3817.626953125,-3.2089343
15638,3817.87109375,-3.0995317
15639,3818.115234375,-2.9450543
15640,3818.359375,-2.7400143
15641,3818.603515625,-2.5806787
15642,3818.84765625,-2.3704205
15643,3819.091796875,-2.1652007
15644,3819.3359375,-1.9288514
15645,3819.580078125,-1.6951112
15646,3819.82421875,-1.4333905
15647,3820.068359375,-1.2200735
15648,3820.3125,-0.9380197
15649,3820.556640625,-0.652997
15650,3820.80078125,-0.415838
15651,3821.044921875,-0.13819282
15652,3821.2890625,0.15480338
15653,3821.533203125,0.3934469
15654,3821.77734375,0.72779524
15655,3822.021484375,1.0279553
15656,3822.265625,1.284424
15657,3822.509765625,1.5512953
15658,3822.75390625,1.7723948
15659,3822.998046875,1.9690901
15660,3823.2421875,2.1489162
15661,3823.486328125,2.3494916
15662,3823.73046875,2.4847827
15663,3823.974609375,2.629521
15664,3824.21875,2.7444003
15665,3824.462890625,2.8633285
15666,3824.70703125,2.9778144
15667,3824.951171875,3.1508927
15668,3825.1953125,3.255482
15669,3825.439453125,3.3649073
15670,3825.68359375,3.4264235
15671,3825.927734375,3.5001986
15672,3826.171875,3.500086
15673,3826.416015625,3.4397504
15674,3826.66015625,3.4432366
15675,3826.904296875,3.3822825
15676,3827.1484375,3.2903452
15677,3827.392578125,3.1766465
15678,3827.63671875,3.1198535
15679,3827.880859375,3.0109906
15680,3828.125,2.8208742
15681,3828.369140625,2.6121454
15682,3828.61328125,2.4781475
15683,3828.857421875,2.2890434
15684,3829.1015625,2.0739043
15685,3829.345703125,1.8496559
15686,3829.58984375,1.6478436
15687,3829.833984375,1.3779356
15688,3830.078125,1.0959945
15689,3830.322265625,0.89339495
15690,3830.56640625,0.61572725
15691,3830.810546875,0.31612954
15692,3831.0546875,0.04925818
15693,3831.298828125,-0.20809893
15694,3831.54296875,-0.5016687
15695,3831.787109375,-0.7884008
15696,3832.03125,-1.0891681
15697,3832.275390625,-1.3658236
15698,3832.51953125,-1.6177377
15699,3832.763671875,-1.8599349
15700,3833.0078125,-2.0745115
15701,3833.251953125,-2.2751431
15702,3833.49609375,-2.4634488
15703,3833.740234375,-2.621435
15704,3833.984375,-2.7738428
15705,3834.228515625,-2.8631823
15706,3834.47265625,-3.0187392
15707,3834.716796875,-3.1750157
15708,3834.9609375,-3.2608464
15709,3835.205078125,-3.417933
15710,3835.44921875,-3.5068223
15711,3835.693359375,-3.6628294
15712,3835.9375,-3.643396
15713,3836.181640625,-3.6043491
15714,3836.42578125,-3.6258519
15715,3836.669921875,-3.5983212
15716,3836.9140625,-3.5168092
15717,3837.158203125,-3.4343972
15718,3837.40234375,-3.3860836
15719,3837.646484375,-3.2455518
15720,3837.890625,-3.1215742
15721,3838.134765625,-2.9272404
15722,3838.37890625,-2.7662854
15723,3838.623046875,-2.5581863
15724,3838.8671875,-2.3563855
15725,3839.111328125,-2.1735678
15726,3839.35546875,-1.9666386
15727,3839.599609375,-1.6718092
15728,3839.84375,-1.4480556
15729,3840.087890625,-1.2090071
15730,3840.33203125,-0.9570932
15731,3840.576171875,-0.68025774
15732,3840.8203125,-0.41331884
15733,3841.064453125,-0.10814307
15734,3841.30859375,0.11915305
15735,3841.552734375,0.44051206
15736,3841.796875,0.7197542
15737,3842.041015625,1.0088369
15738,3842.28515625,1.2917902
15739,3842.529296875,1.5442665
15740,3842.7734375,1.7784678
15741,3843.017578125,2.0073833
15742,3843.26171875,2.1923826
15743,3843.505859375,2.4201734
15744,3843.75,2.5551276
15745,3843.994140625,2.6565118
15746,3844.23828125,2.814239
15747,3844.482421875,2.9448633
15748,3844.7265625,3.073013
15749,3844.970703125,3.165569
15750,3845.21484375,3.3173923
15751,3845.458984375,3.4430118
15752,3845.703125,3.5164495
15753,3845.947265625,3.5549111
15754,3846.19140625,3.5490632
15755,3846.435546875,3.4969935
15756,3846.6796875,3.4691591
15757,3846.923828125,3.4594312
15758,3847.16796875,3.4137156
15759,3847.412109375,3.2689211
15760,3847.65625,3.1533105
15761,3847.900390625,3.0621045
15762,3848.14453125,2.8925686
15763,3848.388671875,2.6952546
15764,3848.6328125,2.499965
15765,3848.876953125,2.3619184
15766,3849.12109375,2.1124787
15767,3849.365234375,1.8782774
15768,3849.609375,1.645763
15769,3849.853515625,1.3878886
15770,3850.09765625,1.1411479
15771,3850.341796875,0.8662917
15772,3850.5859375,0.57445383
15773,3850.830078125,0.33198664
15774,3851.07421875,0.13197368
15775,3851.318359375,-0.19361389
15776,3851.5625,-0.53000903
15777,3851.806640625,-0.8439118
15778,3852.05078125,-1.1209272
15779,3852.294921875,-1.4333005
15780,3852.5390625,-1.7037482
15781,3852.783203125,-1.9072587
15782,3853.02734375,-2.1239047
15783,3853.271484375,-2.3699708
15784,3853.515625,-2.5226486
15785,3853.759765625,-2.6774857
15786,3854.00390625,-2.837541
15787,3854.248046875,-2.9661071
15788,3854.4921875,-3.0804582
15789,3854.736328125,-3.1972382
15790,3854.98046875,-3.3946307
15791,3855.224609375,-3.4845102
15792,3855.46875,-3.5895042
15793,3855.712890625,-3.6935987
15794,3855.95703125,-3.728237
15795,3856.201171875,-3.7276073
15796,3856.4453125,-3.7150116
15797,3856.689453125,-3.6784837
15798,3856.93359375,-3.6816328
15799,3857.177734375,-3.5714204
15800,3857.421875,-3.4095657
15801,3857.666015625,-3.3392098
15802,3857.91015625,-3.203986
15803,3858.154296875,-2.998676
15804,3858.3984375,-2.849597
15805,3858.642578125,-2.6524742
15806,3858.88671875,-2.4225128
15807,3859.130859375,-2.2302485
15808,3859.375,-2.017651
15809,3859.619140625,-1.8096421
15810,3859.86328125,-1.5060858
15811,3860.107421875,-1.2634386
15812,3860.3515625,-1.0099951
15813,3860.595703125,-0.7719364
15814,3860.83984375,-0.48070583
15815,3861.083984375,-0.18398717
15816,3861.328125,0.102621205
15817,3861.572265625,0.3843375
15818,3861.81640625,0.6371512
15819,3862.060546875,0.97178066
15820,3862.3046875,1.2755395
15821,3862.548828125,1.4674553
15822,3862.79296875,1.7406243
15823,3863.037109375,1.9997922
15824,3863.28125,2.1792808
15825,3863.525390625,2.3675416
15826,3863.76953125,2.533085
15827,3864.013671875,2.661685
15828,3864.2578125,2.7879791
15829,3864.501953125,2.9273753
15830,3864.74609375,3.079536
15831,3864.990234375,3.18092
15832,3865.234375,3.243786
15833,3865.478515625,3.4353642
15834,3865.72265625,3.559297
15835,3865.966796875,3.5559232
15836,3866.2109375,3.5654263
15837,3866.455078125,3.596803
15838,3866.69921875,3.5559232
15839,3866.943359375,3.471071
15840,3867.1875,3.4238372
15841,3867.431640625,3.3185732
15842,3867.67578125,3.2323713
15843,3867.919921875,3.082741
15844,3868.1640625,2.9541974
15845,3868.408203125,2.7645872
15846,3868.65234375,2.5742462
15847,3868.896484375,2.3898652
15848,3869.140625,2.2137504
15849,3869.384765625,1.9908515
15850,3869.62890625,1.7345514
15851,3869.873046875,1.4648685
15852,3870.1171875,1.2042388
15853,3870.361328125,1.0311604
15854,3870.60546875,0.7027163
15855,3870.849609375,0.45783117
15856,3871.09375,0.15294777
15857,3871.337890625,-0.14682986
15858,3871.58203125,-0.43257228
15859,3871.826171875,-0.738018
15860,3872.0703125,-0.98858243
15861,3872.314453125,-1.3019453
15862,3872.55859375,-1.5770715
15863,3872.802734375,-1.8192687
15864,3873.046875,-2.0478806
15865,3873.291015625,-2.2421246
15866,3873.53515625,-2.4328592
15867,3873.779296875,-2.6039808
15868,3874.0234375,-2.7390246
15869,3874.267578125,-2.8860345
15870,3874.51171875,-3.0774891
15871,3874.755859375,-3.1694376
15872,3875.0,-3.2541888
15873,3875.244140625,-3.4011986
15874,3875.48828125,-3.5489283
15875,3875.732421875,-3.6385374
15876,3875.9765625,-3.7053847
15877,3876.220703125,-3.7061944
15878,3876.46484375,-3.678034
15879,3876.708984375,-3.6537426
15880,3876.953125,-3.6193743
15881,3877.197265625,-3.57367
15882,3877.44140625,-3.4574294
15883,3877.685546875,-3.3249047
15884,3877.9296875,-3.2459116
15885,3878.173828125,-3.1233735
15886,3878.41796875,-2.8894532
15887,3878.662109375,-2.7133834
15888,3878.90625,-2.565564
15889,3879.150390625,-2.3353326
15890,3879.39453125,-2.1160774
15891,3879.638671875,-1.9131068
15892,3879.8828125,-1.6588535
15893,3880.126953125,-1.4018112
15894,3880.37109375,-1.1288445
15895,3880.615234375,-0.84265226
15896,3880.859375,-0.6379721
15897,3881.103515625,-0.3320766
15898,3881.34765625,-0.0574004
15899,3881.591796875,0.21350835
15900,3881.8359375,0.5305376
15901,3882.080078125,0.8203511
15902,3882.32421875,1.1469396
15903,3882.568359375,1.4089189
15904,3882.8125,1.6078073
15905,3883.056640625,1.8307061
15906,3883.30078125,2.0513556
15907,3883.544921875,2.2009296
15908,3883.7890625,2.37547
15909,3884.033203125,2.5643494
15910,3884.27734375,2.7158914
15911,3884.521484375,2.7893288
15912,3884.765625,2.909269
15913,3885.009765625,3.0555253
15914,3885.25390625,3.1770964
15915,3885.498046875,3.317561
15916,3885.7421875,3.4847913
15917,3885.986328125,3.514425
15918,3886.23046875,3.5095892
15919,3886.474609375,3.4776502
15920,3886.71875,3.4860284
15921,3886.962890625,3.4749508
15922,3887.20703125,3.4016259
15923,3887.451171875,3.3045716
15924,3887.6953125,3.2417054
15925,3887.939453125,3.1317182
15926,3888.18359375,2.9992383
15927,3888.427734375,2.8065355
15928,3888.671875,2.6575236
15929,3888.916015625,2.4491324
15930,3889.16015625,2.2929232
15931,3889.404296875,2.0554044
15932,3889.6484375,1.8500495
15933,3889.892578125,1.5952115
15934,3890.13671875,1.3530817
15935,3890.380859375,1.0836238
15936,3890.625,0.81900156
15937,3890.869140625,0.5682684
15938,3891.11328125,0.30966303
15939,3891.357421875,0.0414421
15940,3891.6015625,-0.25425318
15941,3891.845703125,-0.5390959
15942,3892.08984375,-0.8733318
15943,3892.333984375,-1.1917331
15944,3892.578125,-1.4110782
15945,3892.822265625,-1.6503963
15946,3893.06640625,-1.8711811
15947,3893.310546875,-2.0732522
15948,3893.5546875,-2.2910676
15949,3893.798828125,-2.4632688
15950,3894.04296875,-2.6578724
15951,3894.287109375,-2.7478418
15952,3894.53125,-2.8985403
15953,3894.775390625,-3.0434806
15954,3895.01953125,-3.1380384
15955,3895.263671875,-3.2698436
15956,3895.5078125,-3.3993993
15957,3895.751953125,-3.5366924
15958,3895.99609375,-3.6003907
15959,3896.240234375,-3.628101
15960,3896.484375,-3.6204538
15961,3896.728515625,-3.6173048
15962,3896.97265625,-3.5395713
15963,3897.216796875,-3.5268855
15964,3897.4609375,-3.4494221
15965,3897.705078125,-3.3540547
15966,3897.94921875,-3.2335858
15967,3898.193359375,-3.080638
15968,3898.4375,-2.9072673
15969,3898.681640625,-2.7007878
15970,3898.92578125,-2.5490994
15971,3899.169921875,-2.3583646
15972,3899.4140625,-2.149276
15973,3899.658203125,-1.9010509
15974,3899.90234375,-1.7038382
15975,3900.146484375,-1.4281723
15976,3900.390625,-1.1682512
15977,3900.634765625,-0.9070703
15978,3900.87890625,-0.6741398
15979,3901.123046875,-0.43851027
15980,3901.3671875,-0.13243479
15981,3901.611328125,0.18089448
15982,3901.85546875,0.43303338
15983,3902.099609375,0.7295384
15984,3902.34375,1.011817
15985,3902.587890625,1.2456809
15986,3902.83203125,1.5164884
15987,3903.076171875,1.7379816
15988,3903.3203125,1.9707209
15989,3903.564453125,2.1475105
15990,3903.80859375,2.3359962
15991,3904.052734375,2.454587
15992,3904.296875,2.6242914
15993,3904.541015625,2.7175782
15994,3904.78515625,2.860517
15995,3905.029296875,3.0109344
15996,3905.2734375,3.1273885
15997,3905.517578125,3.277187
15998,3905.76171875,3.3815517
15999,3906.005859375,3.4392445
16000,3906.25,3.4612868
16001,3906.494140625,3.4429557
16002,3906.73828125,3.4583628
16003,3906.982421875,3.464717
16004,3907.2265625,3.4375012
16005,3907.470703125,3.3120503
16006,3907.71484375,3.2211251
16007,3907.958984375,3.1195722
16008,3908.203125,2.9671867
16009,3908.447265625,2.8303773
16010,3908.69140625,2.6781044
16011,3908.935546875,2.5098057
16012,3909.1796875,2.2816772
16013,3909.423828125,2.0955532
16014,3909.66796875,1.889861
16015,3909.912109375,1.6595958
16016,3910.15625,1.3698385
16017,3910.400390625,1.1147755
16018,3910.64453125,0.8648859
16019,3910.888671875,0.6121285
16020,3911.1328125,0.35717803
16021,3911.376953125,0.0303084
16022,3911.62109375,-0.20665942
16023,3911.865234375,-0.48619395
16024,3912.109375,-0.8414827
16025,3912.353515625,-1.1166087
16026,3912.59765625,-1.3485495
16027,3912.841796875,-1.6156683
16028,3913.0859375,-1.8526473
16029,3913.330078125,-2.096734
16030,3913.57421875,-2.275503
16031,3913.818359375,-2.4556215
16032,3914.0625,-2.6200852
16033,3914.306640625,-2.7394745
16034,3914.55078125,-2.8389807
16035,3914.794921875,-2.9894092
16036,3915.0390625,-3.1139266
16037,3915.283203125,-3.27992
16038,3915.52734375,-3.3581033
16039,3915.771484375,-3.5273356
16040,3916.015625,-3.6030896
16041,3916.259765625,-3.5735798
16042,3916.50390625,-3.5985012
16043,3916.748046875,-3.60156
16044,3916.9921875,-3.5939128
16045,3917.236328125,-3.5012443
16046,3917.48046875,-3.447713
16047,3917.724609375,-3.3803256
16048,3917.96875,-3.235655
16049,3918.212890625,-3.1016011
16050,3918.45703125,-2.9726748
16051,3918.701171875,-2.7933662
16052,3918.9453125,-2.5911152
16053,3919.189453125,-2.3798673
16054,3919.43359375,-2.208386
16055,3919.677734375,-1.9925497
16056,3919.921875,-1.7485529
16057,3920.166015625,-1.4843131
16058,3920.41015625,-1.2277209
16059,3920.654296875,-0.9741874
16060,3920.8984375,-0.73100036
16061,3921.142578125,-0.46909982
16062,3921.38671875,-0.20521992
16063,3921.630859375,0.09660451
16064,3921.875,0.37236035
16065,3922.119140625,0.661949
16066,3922.36328125,0.94389015
16067,3922.607421875,1.2447249
16068,3922.8515625,1.4756086
16069,3923.095703125,1.7353387
16070,3923.33984375,1.9144338
16071,3923.583984375,2.1314282
16072,3923.828125,2.2752666
16073,3924.072265625,2.4488513
16074,3924.31640625,2.592746
16075,3924.560546875,2.7075129
16076,3924.8046875,2.911687
16077,3925.048828125,2.9888918
16078,3925.29296875,3.1251392
16079,3925.537109375,3.2785368
16080,3925.78125,3.3865
16081,3926.025390625,3.44886
16082,3926.26953125,3.5181923
16083,3926.513671875,3.5130754
16084,3926.7578125,3.5063279
16085,3927.001953125,3.4475665
16086,3927.24609375,3.4118037
16087,3927.490234375,3.3376915
16088,3927.734375,3.2343955
16089,3927.978515625,3.0914006
16090,3928.22265625,3.046191
16091,3928.466796875,2.8569183
16092,3928.7109375,2.6853018
16093,3928.955078125,2.4835455
16094,3929.19921875,2.3483107
16095,3929.443359375,2.1402006
16096,3929.6875,1.9298412
16097,3929.931640625,1.6711794
16098,3930.17578125,1.4397334
16099,3930.419921875,1.1710064
16100,3930.6640625,0.91577476
16101,3930.908203125,0.65514505
16102,3931.15234375,0.4303343
16103,3931.396484375,0.13883385
16104,3931.640625,-0.16392402
16105,3931.884765625,-0.44822693
16106,3932.12890625,-0.74908423
16107,3932.373046875,-1.019442
16108,3932.6171875,-1.3570067
16109,3932.861328125,-1.5856186
16110,3933.10546875,-1.7803121
16111,3933.349609375,-2.0482404
16112,3933.59375,-2.2733438
16113,3933.837890625,-2.4484239
16114,3934.08203125,-2.5996623
16115,3934.326171875,-2.721031
16116,3934.5703125,-2.8742485
16117,3934.814453125,-2.9964268
16118,3935.05859375,-3.1303911
16119,3935.302734375,-3.2752416
16120,3935.546875,-3.3571136
16121,3935.791015625,-3.4701152
16122,3936.03515625,-3.633769
16123,3936.279296875,-3.6541922
16124,3936.5234375,-3.639887
16125,3936.767578125,-3.6106472
16126,3937.01171875,-3.625402
16127,3937.255859375,-3.5941827
16128,3937.5,-3.4927874
16129,3937.744140625,-3.405517
16130,3937.98828125,-3.3054712
16131,3938.232421875,-3.1808639
16132,3938.4765625,-3.0271964
16133,3938.720703125,-2.8743386
16134,3938.96484375,-2.6459966
16135,3939.208984375,-2.4454548
16136,3939.453125,-2.2389755
16137,3939.697265625,-2.0704632
16138,3939.94140625,-1.842031
16139,3940.185546875,-1.5775213
16140,3940.4296875,-1.3235381
16141,3940.673828125,-1.0445433
16142,3940.91796875,-0.79604816
16143,3941.162109375,-0.5516916
16144,3941.40625,-0.2688282
16145,3941.650390625,-0.044174917
16146,3941.89453125,0.26540935
16147,3942.138671875,0.6025693
16148,3942.3828125,0.8966001
16149,3942.626953125,1.2025518
16150,3942.87109375,1.4027336
16151,3943.115234375,1.6822568
16152,3943.359375,1.9151647
16153,3943.603515625,2.0804834
16154,3943.84765625,2.2783031
16155,3944.091796875,2.4593103
16156,3944.3359375,2.6466713
16157,3944.580078125,2.7280934
16158,3944.82421875,2.8539379
16159,3945.068359375,3.029378
16160,3945.3125,3.1337986
16161,3945.556640625,3.222587
16162,3945.80078125,3.4035378
16163,3946.044921875,3.496431
16164,3946.2890625,3.5315754
16165,3946.533203125,3.5215664
16166,3946.77734375,3.5048094
16167,3947.021484375,3.5199919
16168,3947.265625,3.4106228
16169,3947.509765625,3.383576
16170,3947.75390625,3.329538
16171,3947.998046875,3.190142
16172,3948.2421875,3.0477655
16173,3948.486328125,2.963869
16174,3948.73046875,2.698291
16175,3948.974609375,2.5488298
16176,3949.21875,2.3877847
16177,3949.462890625,2.1986804
16178,3949.70703125,2.0096886
16179,3949.951171875,1.7414116
16180,3950.1953125,1.4792074
16181,3950.439453125,1.2548465
16182,3950.68359375,1.0040572
16183,3950.927734375,0.7069336
16184,3951.171875,0.42263067
16185,3951.416015625,0.14889915
16186,3951.66015625,-0.101575315
16187,3951.904296875,-0.39577487
16188,3952.1484375,-0.72263324
16189,3952.392578125,-1.0094553
16190,3952.63671875,-1.2872804
16191,3952.880859375,-1.563846
16192,3953.125,-1.8047837
16193,3953.369140625,-2.009014
16194,3953.61328125,-2.2323177
16195,3953.857421875,-2.4482439
16196,3954.1015625,-2.5745609
16197,3954.345703125,-2.711584
16198,3954.58984375,-2.863812
16199,3954.833984375,-2.9974165
16200,3955.078125,-3.0993516
16201,3955.322265625,-3.2269282
16202,3955.56640625,-3.350726
16203,3955.810546875,-3.5017843
16204,3956.0546875,-3.5881548
16205,3956.298828125,-3.628641
16206,3956.54296875,-3.672456
16207,3956.787109375,-3.5986812
16208,3957.03125,-3.5703409
16209,3957.275390625,-3.593193
16210,3957.51953125,-3.5267057
16211,3957.763671875,-3.441145
16212,3958.0078125,-3.2896366
16213,3958.251953125,-3.200927
16214,3958.49609375,-3.060215
16215,3958.740234375,-2.8502269
16216,3958.984375,-2.7078054
16217,3959.228515625,-2.5025854
16218,3959.47265625,-2.3432498
16219,3959.716796875,-2.1165273
16220,3959.9609375,-1.8787385
16221,3960.205078125,-1.6624523
16222,3960.44921875,-1.4032508
16223,3960.693359375,-1.1291144
16224,3960.9375,-0.90832984
16225,3961.181640625,-0.63716245
16226,3961.42578125,-0.36158654
16227,3961.669921875,-0.069636226
16228,3961.9140625,0.1657684
16229,3962.158203125,0.4768372
16230,3962.40234375,0.7758725
16231,3962.646484375,1.0882909
16232,3962.890625,1.3310955
16233,3963.134765625,1.5644532
16234,3963.37890625,1.8240709
16235,3963.623046875,2.0380292
16236,3963.8671875,2.2162807
16237,3964.111328125,2.3862102
16238,3964.35546875,2.5384269
16239,3964.599609375,2.689744
16240,3964.84375,2.8262725
16241,3965.087890625,2.901959
16242,3965.33203125,3.1343048
16243,3965.576171875,3.21747
16244,3965.8203125,3.3162675
16245,3966.064453125,3.4786057
16246,3966.30859375,3.5374234
16247,3966.552734375,3.5433838
16248,3966.796875,3.498849
16249,3967.041015625,3.5098703
16250,3967.28515625,3.5050907
16251,3967.529296875,3.3916168
16252,3967.7734375,3.3149743
16253,3968.017578125,3.206505
16254,3968.26171875,3.0962927
16255,3968.505859375,2.9466624
16256,3968.75,2.7699854
16257,3968.994140625,2.6338506
16258,3969.23828125,2.4393485
16259,3969.482421875,2.2610404
16260,3969.7265625,2.03921
16261,3969.970703125,1.8019722
16262,3970.21484375,1.5571432
16263,3970.458984375,1.2690729
16264,3970.703125,1.0326225
16265,3970.947265625,0.78200173
16266,3971.19140625,0.50242215
16267,3971.435546875,0.2820537
16268,3971.6796875,-0.002249232
16269,3971.923828125,-0.27773517
16270,3972.16796875,-0.6135005
16271,3972.412109375,-0.9479164
16272,3972.65625,-1.1782377
16273,3972.900390625,-1.4345602
16274,3973.14453125,-1.7128351
16275,3973.388671875,-1.906719
16276,3973.6328125,-2.1256142
16277,3973.876953125,-2.3155394
16278,3974.12109375,-2.4953878
16279,3974.365234375,-2.6601217
16280,3974.609375,-2.7910268
16281,3974.853515625,-2.9324586
16282,3975.09765625,-3.0522077
16283,3975.341796875,-3.1649394
16284,3975.5859375,-3.2980938
16285,3975.830078125,-3.4267497
16286,3976.07421875,-3.5359726
16287,3976.318359375,-3.5925632
16288,3976.5625,-3.605609
16289,3976.806640625,-3.5944526
16290,3977.05078125,-3.5680015
16291,3977.294921875,-3.5112312
16292,3977.5390625,-3.4718246
16293,3977.783203125,-3.449512
16294,3978.02734375,-3.324545
16295,3978.271484375,-3.2531092
16296,3978.515625,-3.1124873
16297,3978.759765625,-2.9060075
16298,3979.00390625,-2.7045665
16299,3979.248046875,-2.5840075
16300,3979.4921875,-2.3975914
16301,3979.736328125,-2.1571033
16302,3979.98046875,-1.938658
16303,3980.224609375,-1.6710894
16304,3980.46875,-1.4603814
16305,3980.712890625,-1.1945221
16306,3980.95703125,-0.92947257
16307,3981.201171875,-0.6695514
16308,3981.4453125,-0.41313893
16309,3981.689453125,-0.15771614
16310,3981.93359375,0.13467276
16311,3982.177734375,0.4704831
16312,3982.421875,0.77126163
16313,3982.666015625,1.0553958
16314,3982.91015625,1.3774297
16315,3983.154296875,1.6281066
16316,3983.3984375,1.7881956
16317,3983.642578125,2.0098011
16318,3983.88671875,2.2410223
16319,3984.130859375,2.4128635
16320,3984.375,2.5533843
16321,3984.619140625,2.726238
16322,3984.86328125,2.8476963
16323,3985.107421875,2.9578524
16324,3985.3515625,3.1069202
16325,3985.595703125,3.2555385
16326,3985.83984375,3.3327432
16327,3986.083984375,3.432609
16328,3986.328125,3.551931
16329,3986.572265625,3.5589597
16330,3986.81640625,3.5081272
16331,3987.060546875,3.5170114
16332,3987.3046875,3.523422
16333,3987.548828125,3.4042687
16334,3987.79296875,3.323465
16335,3988.037109375,3.2292223
16336,3988.28125,3.1372287
16337,3988.525390625,3.002331
16338,3988.76953125,2.7700415
16339,3989.013671875,2.6459966
16340,3989.2578125,2.4656081
16341,3989.501953125,2.203179
16342,3989.74609375,2.0586095
16343,3989.990234375,1.8408839
16344,3990.234375,1.5874517
16345,3990.478515625,1.2889223
16346,3990.72265625,1.0533715
16347,3990.966796875,0.8165837
16348,3991.2109375,0.53509223
16349,3991.455078125,0.28182876
16350,3991.69921875,-0.007557419
16351,3991.943359375,-0.2492149
16352,3992.1875,-0.59820575
16353,3992.431640625,-0.8828685
16354,3992.67578125,-1.2228625
16355,3992.919921875,-1.481704
16356,3993.1640625,-1.710046
16357,3993.408203125,-1.9400975
16358,3993.65234375,-2.1834643
16359,3993.896484375,-2.3481982
16360,3994.140625,-2.5478399
16361,3994.384765625,-2.725979
16362,3994.62890625,-2.8122597
16363,3994.873046875,-2.9326386
16364,3995.1171875,-3.0726306
16365,3995.361328125,-3.2174814
16366,3995.60546875,-3.3631415
16367,3995.849609375,-3.4424045
16368,3996.09375,-3.5952623
16369,3996.337890625,-3.6734457
16370,3996.58203125,-3.681093
16371,3996.826171875,-3.672456
16372,3997.0703125,-3.6735356
16373,3997.314453125,-3.636918
16374,3997.55859375,-3.531474
16375,3997.802734375,-3.5110512
16376,3998.046875,-3.382665
16377,3998.291015625,-3.3046618
16378,3998.53515625,-3.130661
16379,3998.779296875,-2.9852707
16380,3999.0234375,-2.75216
16381,3999.267578125,-2.5525184
16382,3999.51171875,-2.410367
16383,3999.755859375,-2.2208016
